1046 1374
1045 1375
1044 1376
1043 1376
1042 1377
1041 1377
1040 1377
1039 1377
1038 1378
1037 1378
1036 1378
1035 1378
1034 1378
1033 1378
1032 1378
1031 1378
1030 1378
1029 1378
1028 1378
1027 1378
1026 1378
1025 1378
1024 1378
1023 1378
1022 1378
1021 1378
1020 1378
1019 1378
1018 1378
1017 1378
1016 1378
1015 1378
1014 1378
1013 1378
1012 1379
1011 1379
1010 1379
1009 1379
1008 1380
1007 1380
1006 1380
1005 1380
1004 1380
1003 1380
1002 1380
1001 1380
1000 1381
999 1381
998 1381
997 1381
996 1382
995 1382
994 1382
993 1382
992 1383
991 1383
990 1383
989 1383
988 1384
987 1384
986 1384
985 1384
984 1385
983 1385
982 1385
981 1385
980 1386
979 1386
978 1386
977 1386
976 1387
975 1387
974 1387
973 1387
972 1388
971 1388
970 1389
969 1389
968 1389
967 1389
966 1390
965 1390
964 1391
963 1391
962 1392
961 1392
961 1393
960 1394
959 1394
958 1395
957 1395
956 1396
955 1396
954 1397
953 1397
952 1397
951 1398
950 1398
949 1399
948 1400
947 1400
946 1401
945 1401
944 1402
943 1402
942 1403
941 1403
940 1403
939 1404
938 1405
937 1405
936 1406
935 1407
934 1408
933 1408
932 1409
931 1410
930 1411
929 1411
929 1412
928 1413
927 1413
926 1413
925 1413
924 1414
923 1415
922 1415
922 1416
921 1417
920 1417
919 1417
919 1418
918 1419
917 1419
916 1420
915 1420
914 1421
913 1421
913 1422
912 1423
911 1423
910 1424
909 1424
908 1425
907 1425
906 1426
905 1427
904 1427
903 1428
902 1428
901 1429
900 1430
899 1430
899 1431
898 1432
897 1433
896 1433
896 1434
895 1435
894 1435
894 1436
893 1437
892 1437
892 1438
891 1439
890 1439
890 1440
889 1441
888 1441
887 1442
886 1443
885 1444
884 1444
883 1445
882 1446
881 1447
880 1448
879 1448
878 1449
877 1449
877 1450
876 1451
875 1451
874 1451
873 1452
872 1453
871 1453
870 1454
869 1454
868 1455
867 1455
866 1456
865 1457
864 1457
864 1458
863 1459
862 1460
861 1460
861 1461
860 1462
859 1462
858 1463
858 1464
857 1465
856 1465
856 1466
855 1467
854 1467
854 1468
853 1469
852 1469
852 1470
851 1471
850 1471
850 1472
849 1473
848 1473
848 1474
847 1475
846 1476
845 1476
845 1477
844 1478
843 1478
842 1479
842 1480
841 1481
840 1481
839 1482
838 1482
837 1483
836 1484
835 1485
834 1486
833 1487
833 1488
832 1489
831 1490
830 1491
830 1492
829 1493
828 1493
827 1494
827 1495
826 1496
825 1497
825 1498
824 1499
823 1500
823 1501
822 1502
822 1503
821 1504
820 1504
820 1505
819 1506
819 1507
818 1508
817 1508
817 1509
816 1510
816 1511
815 1512
815 1513
814 1514
814 1515
813 1516
813 1517
812 1518
812 1519
811 1520
811 1521
810 1522
810 1523
810 1524
809 1525
809 1526
808 1527
808 1528
808 1529
807 1530
807 1531
807 1532
807 1533
806 1534
806 1535
806 1536
805 1537
805 1538
804 1539
804 1540
804 1541
803 1542
803 1543
803 1544
803 1545
803 1546
803 1547
803 1548
803 1549
803 1550
803 1551
803 1552
803 1553
803 1554
803 1555
803 1556
803 1557
802 1558
802 1559
802 1560
802 1561
801 1562
801 1563
801 1564
801 1565
801 1566
801 1567
801 1568
801 1569
801 1570
801 1571
801 1572
801 1573
801 1574
801 1575
801 1576
801 1577
801 1578
801 1579
801 1580
801 1581
801 1582
801 1583
801 1584
801 1585
801 1586
801 1587
801 1588
801 1589
801 1590
801 1591
801 1592
801 1593
802 1594
802 1595
802 1596
802 1597
803 1598
803 1599
803 1600
803 1601
803 1602
803 1603
803 1604
803 1605
803 1606
803 1607
803 1608
803 1609
803 1610
803 1611
803 1612
803 1613
803 1614
803 1615
803 1616
803 1617
803 1618
803 1619
803 1620
803 1621
803 1622
803 1623
803 1624
803 1625
803 1626
803 1627
803 1628
803 1629
803 1630
803 1631
803 1632
803 1633
803 1634
803 1635
803 1636
803 1637
802 1638
802 1639
802 1640
802 1641
801 1642
801 1643
801 1644
801 1645
801 1646
801 1647
801 1648
801 1649
800 1650
800 1651
800 1652
800 1653
799 1654
799 1655
799 1656
799 1657
799 1658
799 1659
798 1660
798 1661
798 1662
797 1663
797 1664
796 1665
796 1666
796 1667
795 1668
795 1669
795 1670
795 1671
795 1672
795 1673
795 1674
795 1675
794 1676
794 1677
794 1678
794 1679
793 1680
793 1681
793 1682
793 1683
792 1684
792 1685
792 1686
792 1687
791 1688
791 1689
791 1690
791 1691
790 1692
790 1693
789 1694
788 1695
788 1696
788 1697
787 1698
787 1699
787 1700
787 1701
787 1702
787 1703
787 1704
787 1705
787 1706
787 1707
787 1708
787 1709
787 1710
787 1711
787 1712
787 1713
786 1714
786 1715
786 1716
786 1717
785 1718
785 1719
785 1720
785 1721
785 1722
785 1723
785 1724
785 1725
785 1726
785 1727
785 1728
785 1729
785 1730
785 1731
785 1732
785 1733
785 1734
785 1735
785 1736
785 1737
785 1738
785 1739
785 1740
785 1741
785 1742
785 1743
785 1744
785 1745
785 1746
785 1747
786 1748
786 1749
787 1750
788 1751
788 1752
788 1753
789 1754
789 1755
789 1756
789 1757
790 1758
790 1759
790 1760
791 1761
791 1762
791 1763
791 1764
791 1765
791 1766
791 1767
791 1768
792 1769
792 1770
793 1771
793 1772
794 1773
794 1774
794 1775
795 1776
795 1777
796 1778
796 1779
796 1780
796 1781
797 1782
797 1783
797 1784
797 1785
797 1786
797 1787
798 1788
798 1789
798 1790
798 1791
799 1792
799 1793
799 1794
799 1795
799 1796
799 1797
799 1798
799 1799
799 1800
799 1801
799 1802
799 1803
800 1804
800 1805
800 1806
800 1807
801 1808
801 1809
802 1810
802 1811
802 1812
802 1813
803 1814
803 1815
803 1816
804 1817
804 1818
805 1819
806 1820
806 1821
807 1822
807 1823
807 1824
807 1825
808 1826
808 1827
808 1828
809 1829
810 1830
811 1831
811 1832
812 1833
813 1834
813 1835
814 1836
814 1837
815 1838
816 1839
817 1840
817 1841
818 1842
819 1843
820 1844
821 1845
821 1846
822 1847
822 1848
823 1849
824 1850
825 1850
826 1851
827 1852
827 1853
828 1854
829 1854
830 1855
830 1856
831 1857
832 1858
833 1858
834 1859
835 1860
835 1861
836 1862
837 1862
838 1863
838 1864
839 1865
840 1866
841 1866
842 1867
843 1868
843 1869
844 1870
845 1870
846 1871
846 1872
847 1873
848 1874
849 1875
850 1876
851 1877
852 1878
853 1878
854 1879
855 1880
856 1880
857 1881
857 1882
858 1882
859 1882
860 1882
861 1883
861 1884
862 1884
863 1885
864 1885
865 1886
866 1887
867 1887
868 1888
869 1889
870 1890
871 1891
872 1891
873 1892
873 1893
874 1893
875 1894
875 1895
876 1895
877 1896
877 1897
878 1897
879 1898
880 1899
881 1900
882 1900
883 1901
884 1901
885 1902
886 1903
886 1904
887 1905
888 1906
889 1906
890 1907
891 1908
892 1909
893 1909
894 1910
895 1911
896 1912
897 1912
898 1913
898 1914
899 1914
900 1915
901 1916
901 1917
902 1917
903 1918
904 1918
905 1919
905 1920
906 1920
907 1921
908 1922
909 1923
910 1923
911 1924
912 1924
913 1925
913 1926
914 1926
915 1926
916 1927
917 1928
918 1928
919 1928
920 1928
921 1929
921 1930
922 1930
923 1930
924 1931
925 1931
926 1932
927 1932
928 1932
929 1933
930 1933
931 1934
932 1934
933 1934
934 1934
935 1935
936 1936
937 1936
938 1937
939 1938
940 1938
941 1939
942 1939
943 1940
944 1940
945 1941
946 1941
947 1942
948 1942
949 1942
950 1942
951 1943
952 1943
953 1944
954 1944
955 1944
956 1944
957 1945
958 1945
959 1946
960 1946
961 1946
962 1946
963 1947
964 1947
965 1948
966 1948
967 1948
968 1948
969 1949
969 1950
970 1950
971 1950
972 1950
973 1951
974 1951
975 1951
976 1951
977 1952
978 1952
979 1952
980 1952
981 1953
982 1953
983 1953
984 1953
985 1954
986 1954
987 1954
988 1954
989 1955
990 1955
991 1955
992 1955
993 1956
994 1956
995 1956
996 1956
997 1957
998 1957
999 1958
1000 1958
1001 1958
1002 1958
1003 1959
1004 1959
1005 1959
1006 1959
1007 1960
1008 1960
1009 1960
1010 1960
1011 1961
1012 1961
1013 1961
1014 1961
1015 1961
1016 1961
1017 1961
1018 1961
1019 1961
1020 1961
1021 1961
1022 1961
1023 1961
1024 1961
1025 1961
1026 1961
1027 1961
1028 1961
1029 1961
1030 1961
1031 1961
1032 1961
1033 1961
1034 1961
1035 1961
1036 1961
1037 1961
1038 1961
1039 1961
1040 1961
1041 1961
1042 1961
1043 1961
1044 1961
1045 1961
1046 1961
1047 1961
1048 1961
1049 1961
1050 1961
1051 1961
1052 1961
1053 1961
1054 1961
1055 1961
1056 1961
1057 1961
1058 1961
1059 1960
1060 1960
1061 1960
1062 1960
1063 1959
1064 1959
1065 1959
1066 1959
1067 1958
1068 1958
1069 1958
1070 1958
1071 1957
1072 1957
1073 1957
1074 1957
1075 1956
1076 1956
1077 1956
1078 1956
1078 1955
1079 1954
1080 1954
1081 1954
1082 1954
1083 1953
1084 1953
1085 1952
1086 1952
1087 1952
1088 1952
1089 1951
1090 1951
1091 1950
1092 1950
1093 1950
1094 1949
1095 1948
1096 1948
1097 1947
1098 1946
1099 1945
1100 1945
1100 1944
1101 1943
1102 1943
1102 1942
1103 1941
1104 1941
1105 1940
1106 1939
1107 1938
1108 1937
1108 1936
1109 1935
1110 1935
1110 1934
1111 1933
1112 1933
1113 1932
1114 1931
1115 1930
1116 1929
1116 1928
1117 1927
1118 1927
1118 1926
1119 1925
1120 1924
1120 1923
1121 1922
1122 1921
1123 1920
1123 1919
1124 1918
1125 1918
1126 1917
1126 1916
1127 1915
1128 1914
1129 1913
1130 1913
1131 1912
1132 1911
1133 1910
1134 1910
1135 1909
1136 1908
1137 1908
1138 1907
1139 1906
1140 1905
1141 1904
1142 1903
1143 1902
1143 1901
1144 1900
1145 1899
1146 1898
1146 1897
1147 1896
1148 1895
1148 1894
1149 1893
1149 1892
1150 1891
1151 1890
1152 1889
1153 1888
1153 1887
1154 1886
1155 1885
1155 1884
1155 1883
1156 1882
1156 1881
1157 1880
1158 1879
1158 1878
1159 1877
1160 1876
1160 1875
1161 1874
1161 1873
1162 1872
1162 1871
1163 1870
1163 1869
1164 1868
1165 1867
1165 1866
1165 1865
1166 1864
1167 1864
1167 1863
1168 1862
1169 1862
1169 1861
1169 1860
1170 1859
1170 1858
1171 1857
1171 1856
1171 1855
1171 1854
1172 1853
1173 1853
1173 1852
1173 1851
1173 1850
1174 1849
1174 1848
1175 1847
1175 1846
1175 1845
1176 1844
1176 1843
1177 1842
1178 1841
1179 1840
1179 1839
1179 1838
1180 1837
1180 1836
1181 1835
1181 1834
1181 1833
1182 1832
1182 1831
1183 1830
1183 1829
1183 1828
1184 1827
1184 1826
1184 1825
1184 1824
1184 1823
1184 1822
1184 1821
1184 1820
1185 1819
1185 1818
1185 1817
1186 1816
1186 1815
1187 1814
1187 1813
1188 1812
1188 1811
1189 1810
1189 1809
1190 1808
1190 1807
1191 1806
1191 1805
1192 1804
1192 1803
1193 1802
1193 1801
1194 1800
1194 1799
1194 1798
1195 1797
1195 1796
1195 1795
1195 1794
1196 1793
1196 1792
1196 1791
1196 1790
1197 1789
1197 1788
1197 1787
1197 1786
1198 1785
1198 1784
1198 1783
1198 1782
1199 1781
1199 1780
1199 1779
1199 1778
1200 1777
1200 1776
1201 1775
1201 1774
1201 1773
1201 1772
1202 1771
1202 1770
1202 1769
1202 1768
1203 1767
1203 1766
1203 1765
1203 1764
1204 1763
1204 1762
1204 1761
1205 1760
1205 1759
1205 1758
1206 1757
1206 1756
1206 1755
1206 1754
1206 1753
1206 1752
1207 1751
1207 1750
1207 1749
1207 1748
1208 1747
1208 1746
1208 1745
1209 1744
1209 1743
1210 1742
1210 1741
1210 1740
1210 1739
1210 1738
1211 1737
1211 1736
1211 1735
1211 1734
1212 1733
1212 1732
1213 1731
1213 1730
1213 1729
1213 1728
1214 1727
1214 1726
1214 1725
1214 1724
1214 1723
1214 1722
1214 1721
1214 1720
1214 1719
1214 1718
1214 1717
1214 1716
1215 1715
1215 1714
1215 1713
1215 1712
1216 1711
1216 1710
1216 1709
1216 1708
1216 1707
1216 1706
1215 1705
1215 1704
1216 1703
1216 1702
1215 1701
1215 1700
1216 1699
1216 1698
1216 1697
1216 1696
1216 1695
1216 1694
1216 1693
1216 1692
1216 1691
1216 1690
1216 1689
1216 1688
1216 1687
1216 1686
1216 1685
1216 1684
1216 1683
1216 1682
1216 1681
1216 1680
1216 1679
1216 1678
1216 1677
1216 1676
1216 1675
1216 1674
1216 1673
1216 1672
1216 1671
1216 1670
1216 1669
1216 1668
1216 1667
1216 1666
1216 1665
1216 1664
1216 1663
1216 1662
1216 1661
1216 1660
1216 1659
1216 1658
1216 1657
1216 1656
1216 1655
1216 1654
1216 1653
1216 1652
1216 1651
1216 1650
1216 1649
1216 1648
1216 1647
1216 1646
1216 1645
1216 1644
1216 1643
1216 1642
1216 1641
1216 1640
1216 1639
1216 1638
1215 1637
1215 1636
1215 1635
1215 1634
1214 1633
1214 1632
1214 1631
1214 1630
1214 1629
1214 1628
1214 1627
1214 1626
1214 1625
1214 1624
1214 1623
1214 1622
1213 1621
1213 1620
1213 1619
1213 1618
1212 1617
1212 1616
1212 1615
1212 1614
1212 1613
1212 1612
1212 1611
1212 1610
1212 1609
1212 1608
1212 1607
1212 1606
1211 1605
1211 1604
1211 1603
1211 1602
1210 1601
1210 1600
1210 1599
1210 1598
1210 1597
1210 1596
1210 1595
1210 1594
1210 1593
1210 1592
1210 1591
1210 1590
1209 1589
1209 1588
1209 1587
1209 1586
1208 1585
1208 1584
1208 1583
1208 1582
1207 1581
1207 1580
1207 1579
1207 1578
1206 1577
1206 1576
1206 1575
1206 1574
1206 1573
1206 1572
1205 1571
1205 1570
1205 1569
1205 1568
1204 1567
1204 1566
1204 1565
1204 1564
1204 1563
1204 1562
1203 1561
1203 1560
1203 1559
1203 1558
1202 1558
1201 1557
1201 1556
1201 1555
1201 1554
1200 1553
1200 1552
1200 1551
1200 1550
1200 1549
1200 1548
1200 1547
1200 1546
1200 1545
1200 1544
1200 1543
1200 1542
1199 1541
1199 1540
1198 1539
1197 1538
1197 1537
1197 1536
1196 1535
1196 1534
1196 1533
1196 1532
1195 1531
1195 1530
1195 1529
1194 1528
1194 1527
1193 1526
1193 1525
1193 1524
1192 1523
1192 1522
1192 1521
1192 1520
1191 1519
1191 1518
1191 1517
1191 1516
1190 1515
1190 1514
1190 1513
1189 1512
1189 1511
1189 1510
1188 1509
1188 1508
1187 1507
1187 1506
1187 1505
1187 1504
1186 1503
1185 1502
1185 1501
1184 1500
1184 1499
1183 1498
1183 1497
1183 1496
1182 1495
1182 1494
1181 1493
1181 1492
1181 1491
1181 1490
1180 1490
1179 1489
1179 1488
1179 1487
1179 1486
1178 1485
1178 1484
1178 1483
1178 1482
1177 1481
1177 1480
1177 1479
1176 1478
1176 1477
1175 1476
1175 1475
1174 1474
1174 1473
1173 1472
1172 1471
1172 1470
1171 1469
1171 1468
1170 1467
1169 1466
1168 1465
1168 1464
1167 1463
1166 1462
1165 1461
1164 1460
1164 1459
1163 1458
1163 1457
1162 1456
1161 1455
1161 1454
1160 1453
1160 1452
1160 1451
1159 1450
1159 1449
1158 1448
1157 1447
1156 1447
1155 1446
1154 1445
1154 1444
1153 1443
1152 1443
1151 1442
1151 1441
1150 1440
1149 1439
1148 1438
1147 1437
1147 1436
1146 1435
1145 1434
1144 1433
1143 1432
1143 1431
1142 1430
1141 1430
1140 1429
1140 1428
1139 1428
1138 1427
1137 1426
1137 1425
1136 1425
1135 1424
1134 1423
1133 1423
1132 1422
1131 1422
1130 1421
1129 1421
1128 1420
1128 1419
1127 1419
1126 1418
1125 1417
1124 1416
1123 1415
1122 1414
1122 1413
1121 1412
1121 1411
1120 1411
1119 1410
1119 1409
1118 1409
1117 1408
1117 1407
1117 1406
1116 1405
1115 1404
1115 1403
1114 1402
1114 1401
1113 1400
1112 1399
1111 1398
1111 1397
1110 1396
1109 1395
1108 1395
1107 1394
1106 1393
1105 1393
1104 1392
1104 1391
1103 1391
1102 1390
1101 1390
1100 1389
1099 1388
1098 1388
1097 1387
1096 1387
1095 1386
1094 1385
1093 1385
1092 1384
1091 1383
1090 1383
1089 1383
1088 1382
1087 1382
1086 1381
1085 1381
1084 1381
1083 1381
1082 1380
1081 1380
1080 1380
1079 1380
1078 1379
1077 1379
1076 1379
1075 1379
1074 1378
1073 1378
1072 1378
1071 1378
1070 1378
1069 1378
1068 1378
1067 1378
1066 1378
1065 1378
1064 1378
1063 1378
1062 1378
1061 1378
1060 1378
1059 1378
1058 1378
1057 1378
1056 1377
1055 1377
1054 1377
1053 1376
1052 1376
1051 1376
1050 1375
1049 1374
1048 1374
1047 1374
1046 1374
