2201 3276
2200 3277
2199 3277
2198 3277
2197 3277
2196 3278
2195 3278
2194 3278
2193 3278
2192 3278
2191 3278
2190 3278
2189 3278
2188 3278
2187 3278
2186 3279
2185 3279
2184 3279
2183 3280
2182 3280
2181 3281
2180 3281
2179 3281
2178 3282
2177 3282
2176 3282
2175 3282
2174 3283
2173 3283
2172 3283
2171 3283
2171 3284
2170 3285
2169 3285
2168 3285
2167 3286
2166 3286
2165 3287
2164 3288
2163 3288
2162 3289
2161 3289
2161 3290
2160 3291
2159 3291
2158 3291
2157 3291
2156 3292
2155 3293
2154 3293
2153 3293
2152 3294
2151 3294
2150 3295
2149 3295
2148 3295
2147 3296
2146 3297
2145 3298
2144 3299
2143 3300
2142 3300
2141 3301
2140 3301
2139 3302
2138 3302
2137 3303
2136 3304
2135 3304
2134 3305
2133 3305
2133 3306
2132 3307
2131 3307
2130 3307
2129 3308
2128 3309
2127 3309
2126 3310
2125 3310
2124 3311
2123 3311
2122 3312
2121 3313
2120 3313
2120 3314
2119 3315
2118 3315
2117 3315
2117 3316
2116 3317
2115 3318
2114 3318
2114 3319
2114 3320
2113 3321
2112 3321
2111 3322
2110 3323
2109 3324
2108 3324
2107 3325
2106 3326
2105 3327
2104 3327
2103 3328
2102 3329
2102 3330
2101 3331
2101 3332
2100 3333
2099 3334
2098 3335
2097 3336
2096 3337
2096 3338
2095 3339
2094 3339
2094 3340
2093 3341
2092 3341
2092 3342
2091 3343
2090 3343
2090 3344
2089 3345
2088 3345
2088 3346
2087 3347
2086 3347
2085 3348
2085 3349
2084 3350
2083 3351
2083 3352
2082 3353
2081 3354
2080 3355
2079 3356
2079 3357
2078 3358
2077 3358
2076 3359
2076 3360
2075 3361
2075 3362
2074 3363
2074 3364
2073 3365
2073 3366
2072 3367
2071 3368
2071 3369
2070 3370
2069 3370
2069 3371
2068 3372
2067 3373
2066 3374
2066 3375
2066 3376
2065 3377
2065 3378
2064 3379
2064 3380
2063 3381
2062 3382
2062 3383
2062 3384
2062 3385
2061 3386
2060 3387
2060 3388
2060 3389
2059 3390
2058 3391
2058 3392
2057 3393
2057 3394
2057 3395
2056 3396
2056 3397
2056 3398
2056 3399
2055 3400
2055 3401
2054 3402
2054 3403
2053 3404
2053 3405
2052 3406
2051 3407
2051 3408
2050 3409
2050 3410
2050 3411
2049 3412
2049 3413
2048 3414
2048 3415
2048 3416
2047 3417
2047 3418
2046 3419
2046 3420
2045 3421
2045 3422
2044 3423
2044 3424
2044 3425
2043 3426
2043 3427
2043 3428
2043 3429
2042 3430
2042 3431
2042 3432
2041 3433
2041 3434
2040 3435
2040 3436
2040 3437
2039 3438
2039 3439
2039 3440
2039 3441
2038 3442
2038 3443
2038 3444
2038 3445
2037 3446
2037 3447
2037 3448
2037 3449
2036 3450
2036 3451
2036 3452
2036 3453
2035 3454
2035 3455
2035 3456
2034 3457
2034 3458
2034 3459
2033 3460
2033 3461
2033 3462
2033 3463
2032 3464
2032 3465
2032 3466
2032 3467
2031 3468
2031 3469
2031 3470
2031 3471
2031 3472
2031 3473
2031 3474
2031 3475
2031 3476
2031 3477
2031 3478
2031 3479
2031 3480
2031 3481
2031 3482
2031 3483
2030 3484
2030 3485
2030 3486
2030 3487
2029 3488
2029 3489
2029 3490
2029 3491
2029 3492
2029 3493
2028 3494
2028 3495
2028 3496
2028 3497
2027 3498
2027 3499
2027 3500
2027 3501
2027 3502
2027 3503
2027 3504
2027 3505
2027 3506
2027 3507
2027 3508
2027 3509
2027 3510
2027 3511
2027 3512
2027 3513
2027 3514
2027 3515
2027 3516
2027 3517
2027 3518
2027 3519
2027 3520
2027 3521
2027 3522
2027 3523
2027 3524
2027 3525
2028 3526
2028 3527
2028 3528
2028 3529
2029 3530
2029 3531
2029 3532
2029 3533
2029 3534
2029 3535
2029 3536
2029 3537
2029 3538
2029 3539
2030 3540
2030 3541
2030 3542
2030 3543
2031 3544
2031 3545
2031 3546
2031 3547
2031 3548
2031 3549
2031 3550
2031 3551
2031 3552
2031 3553
2031 3554
2031 3555
2032 3556
2032 3557
2032 3558
2033 3559
2033 3560
2034 3561
2034 3562
2034 3563
2035 3564
2035 3565
2035 3566
2035 3567
2036 3568
2036 3569
2036 3570
2036 3571
2037 3572
2037 3573
2037 3574
2037 3575
2038 3576
2038 3577
2038 3578
2038 3579
2039 3580
2040 3581
2040 3582
2041 3583
2041 3584
2042 3585
2042 3586
2043 3587
2043 3588
2044 3589
2044 3590
2044 3591
2045 3592
2045 3593
2045 3594
2045 3595
2046 3596
2046 3597
2047 3598
2047 3599
2048 3600
2049 3601
2049 3602
2049 3603
2050 3604
2050 3605
2050 3606
2050 3607
2051 3608
2052 3609
2052 3610
2052 3611
2053 3611
2054 3612
2054 3613
2055 3614
2055 3615
2056 3616
2057 3617
2057 3618
2058 3619
2059 3620
2059 3621
2060 3622
2060 3623
2061 3623
2062 3624
2062 3625
2062 3626
2063 3627
2064 3628
2064 3629
2065 3630
2065 3631
2065 3632
2066 3633
2067 3634
2067 3635
2068 3636
2068 3637
2069 3638
2070 3639
2071 3640
2071 3641
2072 3642
2072 3643
2073 3644
2073 3645
2073 3646
2074 3647
2074 3648
2075 3649
2076 3650
2076 3651
2077 3652
2078 3653
2078 3654
2079 3654
2080 3655
2080 3656
2081 3656
2082 3657
2083 3658
2084 3659
2084 3660
2085 3661
2086 3662
2087 3663
2088 3664
2089 3665
2089 3666
2090 3666
2091 3667
2092 3667
2093 3668
2093 3669
2094 3669
2095 3670
2096 3670
2097 3671
2097 3672
2098 3672
2099 3673
2100 3674
2101 3675
2102 3675
2103 3676
2103 3677
2104 3677
2105 3678
2106 3679
2107 3680
2108 3681
2109 3681
2110 3682
2111 3683
2112 3684
2113 3685
2114 3686
2115 3687
2116 3687
2117 3688
2118 3688
2119 3689
2120 3689
2121 3690
2122 3690
2123 3691
2124 3691
2125 3692
2126 3693
2127 3693
2128 3694
2129 3695
2130 3696
2131 3696
2132 3697
2133 3698
2134 3699
2135 3699
2136 3700
2137 3700
2138 3700
2139 3701
2140 3701
2141 3702
2142 3702
2143 3702
2144 3702
2145 3703
2145 3704
2146 3704
2147 3704
2148 3704
2149 3705
2150 3705
2151 3706
2152 3706
2153 3706
2154 3706
2155 3707
2156 3707
2157 3708
2158 3708
2159 3708
2160 3708
2161 3709
2161 3710
2162 3710
2163 3710
2164 3710
2165 3711
2166 3711
2167 3712
2168 3712
2169 3712
2170 3712
2171 3713
2172 3713
2173 3713
2174 3713
2175 3714
2176 3714
2177 3714
2178 3714
2179 3715
2180 3715
2181 3715
2182 3715
2183 3716
2184 3716
2185 3716
2186 3716
2187 3717
2188 3717
2189 3717
2190 3717
2191 3718
2192 3718
2193 3718
2194 3719
2195 3719
2196 3719
2197 3719
2198 3719
2199 3719
2200 3719
2201 3719
2202 3719
2203 3719
2204 3719
2205 3719
2206 3719
2207 3719
2208 3719
2209 3719
2210 3719
2211 3719
2212 3719
2213 3719
2214 3719
2215 3719
2216 3719
2217 3719
2218 3719
2219 3719
2220 3719
2221 3719
2222 3719
2223 3719
2224 3719
2225 3718
2226 3718
2227 3718
2228 3718
2229 3717
2230 3717
2231 3717
2232 3717
2233 3717
2234 3717
2235 3716
2236 3716
2237 3716
2238 3716
2239 3715
2240 3715
2241 3714
2242 3714
2243 3714
2244 3713
2245 3712
2246 3712
2247 3711
2248 3711
2249 3710
2250 3710
2251 3709
2252 3709
2253 3708
2254 3707
2255 3707
2256 3706
2257 3705
2258 3705
2258 3704
2259 3703
2260 3703
2261 3702
2262 3702
2263 3701
2264 3700
2265 3700
2266 3699
2267 3698
2268 3697
2269 3697
2270 3696
2271 3695
2272 3695
2273 3694
2274 3693
2275 3692
2276 3692
2277 3691
2278 3691
2279 3690
2279 3689
2280 3688
2281 3688
2282 3687
2283 3686
2283 3685
2284 3684
2285 3683
2285 3682
2286 3681
2286 3680
2287 3679
2287 3678
2287 3677
2288 3676
2288 3675
2289 3674
2290 3673
2291 3672
2291 3671
2292 3670
2293 3669
2293 3668
2294 3667
2294 3666
2295 3665
2295 3664
2295 3663
2296 3662
2296 3661
2297 3660
2298 3659
2298 3658
2299 3657
2299 3656
2300 3655
2300 3654
2301 3653
2301 3652
2302 3651
2302 3650
2303 3649
2304 3648
2304 3647
2304 3646
2305 3645
2305 3644
2305 3643
2305 3642
2306 3641
2306 3640
2307 3639
2307 3638
2307 3637
2307 3636
2308 3635
2308 3634
2308 3633
2309 3632
2309 3631
2310 3630
2311 3629
2311 3628
2311 3627
2311 3626
2312 3625
2312 3624
2312 3623
2312 3622
2312 3621
2312 3620
2313 3619
2313 3618
2313 3617
2314 3616
2314 3615
2314 3614
2315 3613
2315 3612
2315 3611
2315 3610
2316 3609
2316 3608
2316 3607
2316 3606
2316 3605
2316 3604
2316 3603
2316 3602
2316 3601
2316 3600
2317 3599
2317 3598
2317 3597
2317 3596
2318 3595
2318 3594
2318 3593
2318 3592
2318 3591
2318 3590
2318 3589
2318 3588
2319 3587
2319 3586
2319 3585
2320 3584
2320 3583
2320 3582
2321 3581
2321 3580
2321 3579
2321 3578
2322 3577
2322 3576
2322 3575
2322 3574
2322 3573
2322 3572
2322 3571
2322 3570
2322 3569
2322 3568
2323 3567
2323 3566
2323 3565
2323 3564
2324 3563
2324 3562
2324 3561
2324 3560
2324 3559
2324 3558
2324 3557
2324 3556
2324 3555
2324 3554
2324 3553
2324 3552
2324 3551
2324 3550
2324 3549
2324 3548
2324 3547
2324 3546
2324 3545
2324 3544
2324 3543
2324 3542
2324 3541
2324 3540
2324 3539
2324 3538
2324 3537
2324 3536
2324 3535
2324 3534
2325 3533
2325 3532
2325 3531
2325 3530
2326 3529
2326 3528
2326 3527
2326 3526
2326 3525
2326 3524
2326 3523
2326 3522
2326 3521
2326 3520
2326 3519
2326 3518
2326 3517
2326 3516
2326 3515
2326 3514
2326 3513
2326 3512
2326 3511
2326 3510
2326 3509
2326 3508
2326 3507
2326 3506
2326 3505
2326 3504
2326 3503
2326 3502
2326 3501
2326 3500
2326 3499
2326 3498
2326 3497
2326 3496
2326 3495
2326 3494
2326 3493
2326 3492
2326 3491
2326 3490
2326 3489
2326 3488
2326 3487
2326 3486
2326 3485
2326 3484
2326 3483
2326 3482
2326 3481
2326 3480
2326 3479
2326 3478
2326 3477
2326 3476
2326 3475
2326 3474
2326 3473
2326 3472
2326 3471
2326 3470
2326 3469
2326 3468
2326 3467
2326 3466
2326 3465
2326 3464
2326 3463
2326 3462
2326 3461
2326 3460
2325 3459
2325 3458
2325 3457
2325 3456
2324 3455
2324 3454
2324 3453
2324 3452
2324 3451
2324 3450
2324 3449
2324 3448
2324 3447
2324 3446
2324 3445
2324 3444
2324 3443
2324 3442
2324 3441
2324 3440
2323 3439
2323 3438
2323 3437
2323 3436
2322 3435
2322 3434
2322 3433
2322 3432
2322 3431
2322 3430
2322 3429
2322 3428
2322 3427
2322 3426
2322 3425
2321 3424
2321 3423
2321 3422
2320 3421
2320 3420
2320 3419
2320 3418
2320 3417
2320 3416
2320 3415
2320 3414
2319 3413
2319 3412
2319 3411
2319 3410
2318 3409
2318 3408
2318 3407
2318 3406
2317 3405
2317 3404
2317 3403
2317 3402
2316 3401
2316 3400
2315 3399
2315 3398
2315 3397
2315 3396
2314 3395
2314 3394
2314 3393
2314 3392
2314 3391
2314 3390
2313 3389
2313 3388
2313 3387
2313 3386
2312 3385
2312 3384
2312 3383
2312 3382
2312 3381
2312 3380
2311 3379
2311 3378
2311 3377
2311 3376
2310 3375
2310 3374
2309 3373
2309 3372
2308 3371
2308 3370
2307 3369
2306 3368
2306 3367
2306 3366
2305 3365
2305 3364
2305 3363
2304 3362
2304 3361
2303 3360
2303 3359
2303 3358
2302 3357
2302 3356
2302 3355
2302 3354
2301 3353
2301 3352
2300 3351
2300 3350
2299 3349
2299 3348
2298 3347
2297 3346
2297 3345
2296 3344
2296 3343
2296 3342
2295 3341
2295 3340
2295 3339
2295 3338
2294 3337
2294 3336
2293 3335
2293 3334
2292 3333
2292 3332
2291 3331
2290 3330
2289 3329
2288 3328
2288 3327
2287 3326
2287 3325
2287 3324
2286 3323
2285 3322
2285 3321
2285 3320
2284 3320
2283 3319
2283 3318
2282 3317
2282 3316
2281 3315
2280 3314
2280 3313
2279 3312
2278 3311
2278 3310
2277 3309
2277 3308
2276 3307
2275 3306
2274 3305
2274 3304
2273 3303
2272 3303
2271 3302
2270 3301
2270 3300
2269 3299
2268 3299
2267 3298
2267 3297
2266 3296
2265 3295
2264 3295
2263 3294
2262 3293
2262 3292
2261 3291
2260 3291
2259 3290
2259 3289
2258 3288
2257 3287
2256 3287
2255 3286
2254 3285
2253 3284
2252 3283
2251 3283
2250 3283
2249 3283
2248 3282
2248 3281
2247 3281
2246 3280
2245 3279
2244 3279
2243 3279
2242 3278
2241 3278
2240 3278
2239 3278
2238 3277
2237 3277
2236 3277
2235 3277
2234 3276
2233 3276
2232 3276
2231 3276
2230 3276
2229 3276
2228 3276
2227 3276
2226 3276
2225 3276
2224 3276
2223 3276
2222 3276
2221 3276
2220 3276
2219 3276
2218 3276
2217 3276
2216 3276
2215 3276
2214 3276
2213 3276
2212 3276
2211 3276
2210 3276
2209 3276
2208 3276
2207 3276
2206 3276
2205 3276
2204 3276
2203 3276
2202 3276
2201 3276
