320 5723
319 5724
318 5724
317 5724
316 5724
315 5725
314 5725
313 5725
312 5725
311 5725
310 5725
309 5725
308 5725
307 5725
306 5725
305 5725
304 5725
303 5725
302 5725
301 5725
300 5725
299 5725
298 5725
297 5725
296 5725
295 5725
294 5725
293 5725
292 5725
291 5725
290 5725
289 5725
288 5725
287 5725
286 5725
285 5726
284 5726
283 5726
282 5726
281 5727
280 5727
279 5727
278 5727
277 5727
276 5727
275 5727
274 5727
273 5727
272 5727
271 5727
270 5727
269 5727
268 5727
267 5728
266 5728
265 5728
264 5728
263 5729
262 5729
261 5729
260 5729
259 5729
258 5729
257 5730
256 5730
255 5730
254 5730
253 5731
252 5731
251 5732
250 5732
249 5732
248 5733
247 5733
246 5734
245 5734
244 5734
243 5735
242 5736
241 5736
240 5737
239 5737
238 5738
237 5738
236 5738
235 5739
234 5740
233 5740
232 5740
231 5741
230 5741
229 5742
228 5742
227 5742
227 5743
226 5744
225 5744
225 5745
224 5746
223 5746
223 5747
222 5748
221 5748
220 5749
219 5750
218 5751
217 5751
216 5752
215 5753
214 5754
213 5755
212 5755
211 5756
211 5757
210 5758
209 5758
208 5759
207 5760
206 5761
205 5761
204 5762
203 5763
202 5763
202 5764
201 5765
200 5765
199 5766
198 5767
197 5768
196 5769
196 5770
195 5771
194 5771
194 5772
193 5773
192 5773
191 5774
190 5775
189 5776
188 5777
188 5778
187 5779
186 5779
186 5780
185 5781
184 5781
183 5782
182 5783
181 5784
180 5785
180 5786
179 5787
178 5787
178 5788
177 5789
176 5790
175 5790
174 5791
174 5792
173 5793
172 5794
172 5795
171 5796
170 5797
170 5798
169 5799
169 5800
168 5801
167 5801
167 5802
167 5803
167 5804
166 5805
165 5805
165 5806
164 5807
163 5808
163 5809
162 5810
161 5810
161 5811
160 5812
159 5813
158 5814
158 5815
157 5816
157 5817
156 5818
155 5819
155 5820
154 5821
153 5822
152 5823
151 5824
151 5825
150 5826
150 5827
149 5828
148 5829
148 5830
147 5831
147 5832
146 5833
145 5833
145 5834
144 5835
143 5836
143 5837
142 5838
141 5839
141 5840
140 5841
140 5842
139 5843
139 5844
138 5845
137 5846
137 5847
137 5848
136 5849
135 5849
135 5850
135 5851
135 5852
134 5853
134 5854
134 5855
134 5856
133 5857
133 5858
132 5859
132 5860
131 5861
131 5862
130 5863
130 5864
130 5865
130 5866
130 5867
130 5868
129 5869
129 5870
128 5871
128 5872
127 5873
126 5874
125 5875
125 5876
125 5877
125 5878
124 5879
124 5880
123 5881
123 5882
123 5883
122 5884
121 5885
121 5886
121 5887
121 5888
120 5889
120 5890
119 5891
119 5892
118 5893
118 5894
117 5895
117 5896
116 5897
116 5898
116 5899
116 5900
116 5901
116 5902
115 5903
115 5904
114 5905
114 5906
113 5907
113 5908
112 5909
112 5910
112 5911
112 5912
112 5913
112 5914
112 5915
112 5916
111 5917
111 5918
111 5919
111 5920
110 5921
110 5922
110 5923
110 5924
109 5925
109 5926
109 5927
109 5928
108 5929
108 5930
108 5931
108 5932
108 5933
108 5934
107 5935
107 5936
106 5937
106 5938
105 5939
105 5940
104 5941
104 5942
104 5943
104 5944
104 5945
104 5946
103 5947
103 5948
103 5949
103 5950
102 5951
102 5952
102 5953
102 5954
102 5955
102 5956
101 5957
101 5958
101 5959
101 5960
100 5961
100 5962
100 5963
100 5964
100 5965
100 5966
99 5967
99 5968
99 5969
98 5970
98 5971
98 5972
98 5973
98 5974
98 5975
98 5976
98 5977
98 5978
98 5979
98 5980
98 5981
98 5982
97 5983
97 5984
97 5985
97 5986
96 5987
96 5988
96 5989
96 5990
96 5991
96 5992
96 5993
96 5994
96 5995
96 5996
96 5997
96 5998
96 5999
96 6000
96 6001
96 6002
96 6003
96 6004
96 6005
96 6006
96 6007
96 6008
96 6009
96 6010
96 6011
96 6012
96 6013
96 6014
96 6015
96 6016
96 6017
96 6018
96 6019
96 6020
96 6021
96 6022
96 6023
96 6024
97 6025
97 6026
97 6027
97 6028
98 6029
98 6030
98 6031
98 6032
98 6033
98 6034
98 6035
98 6036
99 6037
99 6038
99 6039
99 6040
100 6041
100 6042
100 6043
100 6044
100 6045
100 6046
100 6047
100 6048
100 6049
100 6050
101 6051
101 6052
101 6053
101 6054
102 6055
102 6056
102 6057
102 6058
103 6059
103 6060
103 6061
103 6062
104 6063
104 6064
104 6065
104 6066
104 6067
104 6068
105 6069
105 6070
105 6071
105 6072
106 6072
107 6073
107 6074
107 6075
107 6076
108 6077
108 6078
109 6079
109 6080
109 6081
109 6082
110 6083
110 6084
111 6085
111 6086
111 6087
111 6088
112 6089
112 6090
112 6091
112 6092
112 6093
112 6094
112 6095
112 6096
112 6097
112 6098
113 6099
113 6100
113 6101
113 6102
114 6103
114 6104
114 6105
114 6106
114 6107
114 6108
115 6109
115 6110
115 6111
115 6112
116 6113
116 6114
116 6115
116 6116
117 6117
117 6118
117 6119
117 6120
118 6121
118 6122
118 6123
118 6124
119 6125
119 6126
120 6127
120 6128
121 6129
121 6130
122 6131
122 6132
122 6133
122 6134
122 6135
122 6136
123 6137
123 6138
123 6139
123 6140
124 6141
125 6142
125 6143
125 6144
126 6145
126 6146
127 6147
127 6148
127 6149
127 6150
128 6151
128 6152
128 6153
128 6154
129 6155
129 6156
130 6157
130 6158
131 6159
131 6160
132 6161
132 6162
133 6163
133 6164
133 6165
134 6166
135 6167
135 6168
136 6168
137 6169
137 6170
137 6171
137 6172
138 6173
139 6174
139 6175
139 6176
140 6176
141 6177
141 6178
141 6179
142 6180
143 6181
143 6182
143 6183
143 6184
144 6185
144 6186
145 6187
145 6188
146 6189
146 6190
147 6191
147 6192
148 6192
149 6193
149 6194
150 6195
150 6196
151 6197
152 6198
153 6199
153 6200
154 6201
154 6202
155 6203
155 6204
155 6205
156 6206
156 6207
157 6208
158 6209
158 6210
159 6211
160 6212
161 6213
161 6214
162 6215
162 6216
163 6217
163 6218
164 6219
164 6220
165 6221
166 6222
166 6223
167 6224
168 6225
168 6226
169 6227
170 6227
171 6228
172 6229
172 6230
173 6231
173 6232
174 6232
175 6233
175 6234
176 6235
177 6236
178 6236
179 6237
180 6238
181 6238
182 6239
183 6240
183 6241
184 6242
185 6242
186 6243
186 6244
187 6245
187 6246
188 6247
189 6248
190 6249
190 6250
191 6251
192 6251
193 6252
194 6253
194 6254
195 6254
196 6255
196 6256
197 6257
198 6258
199 6259
200 6260
201 6260
202 6261
202 6262
203 6262
204 6263
204 6264
205 6265
206 6266
207 6267
208 6268
209 6268
210 6269
211 6270
212 6270
213 6271
214 6272
215 6273
216 6273
217 6274
218 6275
219 6276
220 6277
221 6277
222 6278
223 6278
224 6279
225 6280
226 6280
227 6281
228 6282
229 6282
230 6283
231 6283
232 6284
232 6285
233 6285
234 6286
235 6286
236 6287
237 6288
238 6288
239 6289
240 6289
241 6290
242 6290
243 6291
244 6291
245 6292
246 6293
247 6293
248 6293
249 6294
250 6295
251 6296
252 6297
253 6297
254 6297
255 6298
256 6298
257 6299
258 6300
259 6300
260 6301
261 6302
262 6302
263 6303
264 6303
265 6303
266 6304
267 6304
268 6304
269 6304
270 6305
271 6305
272 6305
273 6305
274 6306
275 6306
276 6307
277 6307
278 6308
279 6308
280 6309
281 6310
282 6310
283 6310
284 6310
285 6310
286 6310
287 6310
288 6310
289 6311
290 6311
291 6311
292 6312
293 6312
294 6312
295 6312
296 6312
297 6312
298 6313
299 6313
300 6313
301 6313
302 6314
303 6314
304 6314
305 6314
306 6315
307 6315
308 6315
309 6315
310 6316
311 6316
312 6316
313 6316
314 6317
315 6317
316 6318
317 6318
318 6319
319 6320
320 6321
321 6322
322 6322
323 6322
324 6322
325 6321
326 6320
327 6320
328 6320
329 6320
330 6320
331 6320
332 6320
333 6320
334 6320
335 6320
336 6320
337 6320
338 6320
339 6320
340 6320
341 6320
342 6320
343 6320
344 6320
345 6320
346 6320
347 6320
348 6319
349 6319
350 6319
351 6319
352 6318
353 6318
354 6318
355 6318
356 6318
357 6318
358 6317
359 6317
360 6317
361 6316
362 6316
363 6315
364 6315
365 6315
366 6314
367 6314
368 6314
369 6314
370 6314
371 6314
372 6313
373 6313
374 6313
375 6312
376 6312
377 6311
378 6311
379 6311
380 6310
381 6310
382 6309
383 6309
384 6309
385 6308
386 6308
387 6308
388 6307
389 6307
390 6307
391 6307
392 6306
393 6306
394 6305
395 6305
396 6305
397 6304
398 6303
399 6303
400 6302
401 6302
402 6301
403 6301
404 6300
405 6300
406 6299
407 6298
408 6298
409 6297
410 6297
411 6296
412 6296
413 6295
414 6294
415 6294
416 6293
417 6292
418 6292
419 6291
420 6290
421 6290
421 6289
422 6288
423 6287
424 6287
425 6286
426 6285
426 6284
427 6283
428 6282
429 6282
430 6281
430 6280
431 6279
432 6279
433 6278
434 6277
434 6276
435 6275
436 6274
437 6274
438 6273
438 6272
439 6271
440 6271
441 6270
442 6269
442 6268
443 6267
444 6266
445 6266
446 6265
446 6264
447 6263
448 6263
449 6262
450 6261
450 6260
451 6259
452 6258
453 6258
454 6257
454 6256
455 6255
456 6255
457 6254
458 6253
458 6252
459 6251
460 6250
461 6250
462 6249
462 6248
463 6247
464 6247
465 6246
466 6245
467 6244
467 6243
468 6242
469 6241
470 6240
470 6239
471 6238
471 6237
472 6236
473 6235
474 6234
474 6233
475 6232
475 6231
476 6230
477 6229
477 6228
478 6227
479 6226
479 6225
480 6224
481 6223
482 6222
482 6221
482 6220
483 6219
484 6218
484 6217
484 6216
485 6215
486 6214
486 6213
486 6212
486 6211
487 6210
487 6209
488 6208
488 6207
488 6206
488 6205
489 6204
490 6204
490 6203
490 6202
490 6201
491 6200
491 6199
492 6198
492 6197
492 6196
492 6195
493 6194
493 6193
494 6192
494 6191
494 6190
494 6189
495 6188
495 6187
495 6186
495 6185
495 6184
495 6183
495 6182
495 6181
496 6180
496 6179
496 6178
496 6177
497 6176
497 6175
497 6174
497 6173
498 6172
498 6171
498 6170
498 6169
499 6168
499 6167
499 6166
499 6165
499 6164
499 6163
500 6162
500 6161
500 6160
500 6159
501 6158
501 6157
501 6156
501 6155
502 6154
502 6153
502 6152
503 6151
503 6150
503 6149
503 6148
503 6147
503 6146
503 6145
503 6144
503 6143
504 6142
504 6141
504 6140
504 6139
505 6138
505 6137
505 6136
505 6135
505 6134
505 6133
505 6132
505 6131
505 6130
505 6129
506 6128
506 6127
506 6126
506 6125
507 6124
507 6123
507 6122
507 6121
507 6120
507 6119
508 6118
508 6117
508 6116
508 6115
509 6114
509 6113
509 6112
509 6111
509 6110
509 6109
510 6108
510 6107
510 6106
510 6105
511 6104
511 6103
511 6102
511 6101
511 6100
511 6099
511 6098
511 6097
512 6096
512 6095
512 6094
512 6093
513 6092
513 6091
513 6090
513 6089
513 6088
513 6087
513 6086
513 6085
513 6084
513 6083
512 6082
512 6081
512 6080
512 6079
511 6078
511 6077
511 6076
511 6075
511 6074
511 6073
511 6072
511 6071
512 6070
512 6069
513 6068
514 6067
514 6066
514 6065
515 6064
515 6063
515 6062
515 6061
514 6060
514 6059
514 6058
514 6057
513 6056
513 6055
513 6054
513 6053
513 6052
513 6051
513 6050
513 6049
513 6048
513 6047
513 6046
513 6045
513 6044
513 6043
513 6042
513 6041
513 6040
513 6039
513 6038
513 6037
513 6036
513 6035
513 6034
513 6033
513 6032
513 6031
513 6030
513 6029
513 6028
513 6027
513 6026
513 6025
513 6024
513 6023
513 6022
513 6021
513 6020
513 6019
513 6018
514 6017
514 6016
514 6015
515 6014
515 6013
514 6012
514 6011
514 6010
514 6009
513 6009
512 6008
511 6007
510 6007
509 6007
508 6007
507 6007
506 6007
505 6006
505 6005
506 6004
507 6003
508 6003
509 6003
510 6002
511 6002
512 6002
513 6002
513 6001
513 6000
513 5999
513 5998
513 5997
513 5996
513 5995
513 5994
513 5993
513 5992
513 5991
513 5990
513 5989
513 5988
513 5987
513 5986
513 5985
512 5984
512 5983
512 5982
512 5981
511 5980
511 5979
511 5978
511 5977
511 5976
511 5975
511 5974
511 5973
511 5972
511 5971
511 5970
511 5969
511 5968
511 5967
510 5966
510 5965
510 5964
510 5963
509 5962
509 5961
509 5960
509 5959
509 5958
509 5957
508 5956
508 5955
508 5954
508 5953
507 5952
507 5951
507 5950
507 5949
506 5948
506 5947
506 5946
506 5945
505 5944
505 5943
505 5942
505 5941
504 5940
504 5939
504 5938
504 5937
503 5936
503 5935
503 5934
503 5933
503 5932
503 5931
503 5930
502 5929
502 5928
502 5927
501 5926
501 5925
501 5924
501 5923
500 5922
500 5921
500 5920
500 5919
499 5918
499 5917
499 5916
499 5915
498 5914
498 5913
498 5912
498 5911
497 5910
497 5909
497 5908
497 5907
496 5906
496 5905
496 5904
495 5903
494 5902
494 5901
494 5900
494 5899
493 5898
493 5897
493 5896
493 5895
492 5894
492 5893
492 5892
492 5891
491 5891
490 5890
490 5889
490 5888
490 5887
489 5886
489 5885
489 5884
489 5883
488 5882
488 5881
488 5880
488 5879
487 5878
487 5877
486 5876
486 5875
486 5874
486 5873
485 5873
484 5872
484 5871
484 5870
483 5869
482 5868
482 5867
482 5866
482 5865
481 5865
480 5864
480 5863
480 5862
480 5861
479 5860
479 5859
478 5858
478 5857
478 5856
477 5855
477 5854
476 5853
476 5852
476 5851
475 5850
475 5849
474 5848
474 5847
474 5846
474 5845
473 5844
472 5843
471 5842
471 5841
470 5840
469 5839
469 5838
468 5837
468 5836
467 5835
467 5834
466 5833
465 5832
465 5831
464 5830
464 5829
463 5829
462 5828
462 5827
462 5826
461 5825
460 5824
460 5823
459 5822
459 5821
458 5820
458 5819
457 5818
456 5817
456 5816
456 5815
455 5814
455 5813
454 5812
454 5811
453 5810
453 5809
452 5808
452 5807
451 5806
451 5805
450 5804
450 5803
450 5802
450 5801
449 5801
448 5800
448 5799
447 5798
447 5797
446 5796
445 5795
445 5794
444 5793
443 5792
443 5791
442 5790
441 5790
440 5789
439 5788
439 5787
438 5787
437 5786
437 5785
436 5784
435 5783
434 5782
433 5781
432 5781
431 5780
431 5779
430 5779
429 5778
429 5777
428 5776
427 5775
426 5774
425 5773
424 5773
423 5772
422 5771
421 5771
420 5770
419 5769
418 5768
417 5768
416 5767
416 5766
415 5766
414 5765
414 5764
413 5763
412 5763
411 5762
410 5761
410 5760
409 5760
408 5759
408 5758
407 5758
406 5757
405 5756
404 5756
403 5756
402 5755
401 5755
400 5754
399 5754
398 5753
397 5753
396 5752
395 5752
394 5751
393 5750
392 5750
391 5750
390 5749
390 5748
389 5747
388 5747
387 5746
386 5745
385 5745
384 5744
383 5744
382 5743
381 5742
380 5742
379 5741
378 5741
377 5740
376 5739
375 5739
374 5739
373 5738
372 5738
371 5738
370 5737
369 5737
368 5736
367 5735
366 5735
365 5734
364 5734
363 5733
362 5733
361 5733
360 5733
359 5733
358 5733
357 5733
356 5733
355 5733
354 5733
353 5733
352 5733
351 5732
350 5732
349 5732
348 5732
347 5731
346 5731
345 5731
344 5730
343 5730
342 5730
341 5729
340 5729
339 5728
338 5728
337 5728
336 5727
335 5727
334 5726
333 5726
332 5726
331 5725
330 5724
329 5724
328 5723
327 5723
326 5723
325 5723
324 5723
323 5723
322 5723
321 5723
320 5723
