2741 3590
2740 3591
2739 3591
2738 3591
2737 3591
2736 3592
2735 3592
2734 3592
2733 3592
2732 3592
2731 3592
2730 3592
2729 3592
2728 3592
2727 3592
2726 3592
2725 3592
2724 3592
2723 3592
2722 3592
2721 3592
2720 3592
2719 3592
2718 3592
2717 3592
2716 3592
2715 3592
2714 3592
2713 3592
2712 3592
2711 3592
2710 3592
2709 3592
2708 3593
2707 3593
2706 3593
2705 3593
2704 3594
2703 3594
2702 3594
2701 3594
2700 3595
2699 3595
2698 3595
2697 3595
2696 3596
2695 3597
2694 3597
2693 3597
2692 3598
2691 3598
2690 3598
2689 3598
2688 3598
2687 3598
2686 3598
2685 3598
2684 3598
2683 3598
2682 3598
2681 3598
2680 3599
2679 3599
2678 3599
2677 3599
2676 3600
2675 3600
2674 3601
2673 3601
2672 3601
2671 3601
2670 3602
2669 3602
2668 3602
2667 3602
2666 3602
2665 3602
2664 3603
2663 3603
2662 3603
2661 3603
2660 3604
2659 3605
2658 3605
2657 3605
2656 3606
2655 3606
2654 3606
2653 3606
2652 3606
2651 3606
2650 3607
2649 3607
2648 3608
2647 3608
2646 3609
2645 3610
2644 3611
2643 3611
2642 3612
2641 3612
2640 3612
2639 3612
2638 3613
2637 3613
2636 3614
2635 3614
2634 3615
2633 3615
2632 3616
2631 3616
2630 3617
2629 3617
2628 3618
2627 3618
2626 3619
2625 3620
2624 3621
2623 3622
2622 3623
2621 3624
2621 3625
2620 3626
2619 3626
2619 3627
2618 3628
2617 3628
2617 3629
2616 3630
2615 3630
2615 3631
2614 3632
2613 3633
2613 3634
2612 3635
2611 3636
2611 3637
2610 3638
2610 3639
2609 3640
2609 3641
2609 3642
2609 3643
2608 3644
2608 3645
2608 3646
2607 3647
2607 3648
2606 3649
2606 3650
2606 3651
2605 3652
2605 3653
2604 3654
2604 3655
2604 3656
2603 3657
2603 3658
2602 3659
2602 3660
2601 3661
2601 3662
2600 3663
2599 3664
2598 3665
2598 3666
2597 3667
2596 3667
2595 3668
2595 3669
2594 3670
2593 3671
2592 3671
2592 3672
2591 3673
2590 3674
2589 3675
2588 3675
2587 3676
2586 3677
2585 3678
2584 3679
2583 3679
2583 3680
2582 3681
2581 3682
2580 3683
2580 3684
2580 3685
2579 3686
2578 3687
2577 3688
2577 3689
2576 3690
2575 3691
2574 3692
2574 3693
2573 3694
2572 3695
2571 3696
2570 3697
2570 3698
2569 3699
2568 3699
2568 3700
2568 3701
2567 3702
2567 3703
2566 3704
2566 3705
2565 3706
2564 3707
2563 3708
2563 3709
2562 3710
2561 3711
2561 3712
2561 3713
2561 3714
2561 3715
2561 3716
2561 3717
2561 3718
2561 3719
2560 3720
2560 3721
2559 3722
2559 3723
2558 3724
2558 3725
2557 3726
2557 3727
2557 3728
2557 3729
2557 3730
2557 3731
2557 3732
2557 3733
2556 3734
2556 3735
2556 3736
2555 3737
2555 3738
2554 3739
2554 3740
2554 3741
2553 3742
2553 3743
2553 3744
2553 3745
2553 3746
2553 3747
2553 3748
2553 3749
2553 3750
2553 3751
2553 3752
2553 3753
2553 3754
2553 3755
2553 3756
2553 3757
2552 3758
2552 3759
2552 3760
2551 3761
2551 3762
2551 3763
2551 3764
2551 3765
2551 3766
2551 3767
2551 3768
2551 3769
2551 3770
2551 3771
2551 3772
2551 3773
2551 3774
2551 3775
2551 3776
2551 3777
2551 3778
2551 3779
2551 3780
2551 3781
2551 3782
2551 3783
2551 3784
2551 3785
2551 3786
2551 3787
2551 3788
2551 3789
2551 3790
2551 3791
2551 3792
2551 3793
2550 3794
2550 3795
2550 3796
2550 3797
2549 3798
2548 3798
2548 3799
2548 3800
2548 3801
2547 3802
2547 3803
2547 3804
2547 3805
2547 3806
2547 3807
2547 3808
2547 3809
2547 3810
2547 3811
2547 3812
2547 3813
2547 3814
2547 3815
2547 3816
2547 3817
2547 3818
2547 3819
2547 3820
2547 3821
2547 3822
2547 3823
2547 3824
2547 3825
2547 3826
2547 3827
2546 3828
2546 3829
2546 3830
2546 3831
2545 3832
2545 3833
2545 3834
2545 3835
2545 3836
2545 3837
2545 3838
2545 3839
2545 3840
2545 3841
2545 3842
2545 3843
2545 3844
2545 3845
2545 3846
2545 3847
2545 3848
2545 3849
2545 3850
2545 3851
2545 3852
2545 3853
2545 3854
2545 3855
2545 3856
2545 3857
2545 3858
2545 3859
2545 3860
2545 3861
2545 3862
2545 3863
2545 3864
2545 3865
2545 3866
2545 3867
2545 3868
2545 3869
2545 3870
2545 3871
2545 3872
2545 3873
2545 3874
2545 3875
2545 3876
2545 3877
2545 3878
2545 3879
2545 3880
2545 3881
2545 3882
2545 3883
2546 3884
2546 3885
2546 3886
2546 3887
2547 3888
2547 3889
2547 3890
2547 3891
2547 3892
2547 3893
2547 3894
2547 3895
2547 3896
2547 3897
2547 3898
2547 3899
2547 3900
2547 3901
2547 3902
2547 3903
2547 3904
2547 3905
2547 3906
2547 3907
2547 3908
2547 3909
2547 3910
2547 3911
2547 3912
2547 3913
2547 3914
2547 3915
2547 3916
2547 3917
2547 3918
2547 3919
2547 3920
2547 3921
2547 3922
2547 3923
2547 3924
2547 3925
2547 3926
2547 3927
2547 3928
2547 3929
2547 3930
2547 3931
2546 3932
2546 3933
2546 3934
2546 3935
2545 3936
2545 3937
2545 3938
2545 3939
2545 3940
2545 3941
2545 3942
2545 3943
2545 3944
2545 3945
2545 3946
2545 3947
2545 3948
2545 3949
2545 3950
2545 3951
2545 3952
2545 3953
2545 3954
2545 3955
2545 3956
2545 3957
2545 3958
2545 3959
2545 3960
2545 3961
2545 3962
2545 3963
2545 3964
2545 3965
2545 3966
2545 3967
2545 3968
2545 3969
2546 3970
2546 3971
2546 3972
2546 3973
2547 3974
2547 3975
2547 3976
2547 3977
2547 3978
2547 3979
2547 3980
2547 3981
2547 3982
2547 3983
2547 3984
2547 3985
2547 3986
2547 3987
2547 3988
2547 3989
2548 3989
2549 3989
2550 3989
2551 3990
2551 3991
2551 3992
2550 3993
2549 3994
2548 3995
2547 3996
2547 3997
2548 3998
2548 3999
2548 4000
2548 4001
2549 4002
2549 4003
2549 4004
2549 4005
2549 4006
2549 4007
2550 4008
2550 4009
2550 4010
2550 4011
2551 4012
2551 4013
2551 4014
2551 4015
2552 4016
2552 4017
2553 4018
2554 4019
2555 4020
2555 4021
2556 4021
2557 4022
2558 4023
2558 4024
2559 4025
2559 4026
2560 4027
2561 4028
2562 4029
2562 4030
2563 4031
2564 4032
2565 4032
2566 4033
2567 4034
2567 4035
2568 4036
2569 4037
2570 4038
2571 4039
2571 4040
2572 4041
2572 4042
2572 4043
2573 4043
2574 4044
2574 4045
2574 4046
2574 4047
2575 4048
2575 4049
2576 4050
2576 4051
2577 4052
2578 4053
2578 4054
2579 4055
2580 4056
2581 4057
2582 4057
2583 4058
2583 4059
2584 4060
2585 4061
2585 4062
2586 4063
2586 4064
2587 4065
2587 4066
2587 4067
2588 4068
2588 4069
2588 4070
2588 4071
2589 4072
2589 4073
2590 4074
2590 4075
2590 4076
2590 4077
2591 4078
2591 4079
2591 4080
2591 4081
2591 4082
2591 4083
2591 4084
2591 4085
2591 4086
2591 4087
2591 4088
2591 4089
2592 4090
2592 4091
2592 4092
2592 4093
2593 4094
2593 4095
2593 4096
2593 4097
2594 4098
2594 4099
2594 4100
2594 4101
2595 4102
2595 4103
2595 4104
2595 4105
2595 4106
2595 4107
2595 4108
2595 4109
2595 4110
2595 4111
2595 4112
2595 4113
2596 4114
2596 4115
2596 4116
2596 4117
2597 4118
2597 4119
2597 4120
2598 4121
2598 4122
2598 4123
2599 4124
2599 4125
2599 4126
2599 4127
2600 4128
2600 4129
2600 4130
2601 4131
2601 4132
2602 4133
2602 4134
2603 4135
2603 4136
2604 4137
2604 4138
2604 4139
2605 4140
2605 4141
2605 4142
2605 4143
2605 4144
2605 4145
2605 4146
2605 4147
2605 4148
2605 4149
2605 4150
2605 4151
2606 4152
2606 4153
2606 4154
2607 4155
2608 4156
2608 4157
2609 4158
2609 4159
2609 4160
2610 4161
2611 4162
2611 4163
2612 4164
2612 4165
2613 4166
2614 4167
2615 4168
2616 4169
2616 4170
2617 4171
2618 4172
2619 4173
2619 4174
2620 4175
2621 4176
2621 4177
2622 4177
2623 4178
2623 4179
2624 4180
2625 4181
2625 4182
2626 4183
2627 4184
2628 4185
2628 4186
2628 4187
2629 4188
2629 4189
2630 4190
2630 4191
2630 4192
2631 4193
2631 4194
2632 4195
2632 4196
2632 4197
2633 4198
2633 4199
2633 4200
2634 4201
2635 4202
2635 4203
2636 4204
2637 4205
2638 4206
2639 4207
2639 4208
2640 4209
2641 4210
2642 4211
2642 4212
2643 4213
2643 4214
2644 4215
2645 4216
2645 4217
2646 4218
2647 4219
2647 4220
2648 4221
2648 4222
2649 4223
2649 4224
2650 4225
2650 4226
2650 4227
2651 4228
2651 4229
2652 4230
2652 4231
2652 4232
2653 4233
2653 4234
2654 4235
2654 4236
2654 4237
2655 4238
2656 4239
2656 4240
2657 4241
2657 4242
2657 4243
2658 4244
2658 4245
2658 4246
2658 4247
2659 4248
2659 4249
2659 4250
2659 4251
2660 4252
2660 4253
2660 4254
2661 4254
2662 4255
2662 4256
2662 4257
2663 4258
2663 4259
2663 4260
2663 4261
2663 4262
2664 4263
2664 4264
2665 4265
2665 4266
2666 4267
2666 4268
2666 4269
2667 4270
2667 4271
2667 4272
2667 4273
2668 4274
2668 4275
2669 4276
2670 4277
2670 4278
2671 4279
2672 4280
2673 4280
2674 4281
2674 4282
2675 4282
2676 4283
2676 4284
2677 4284
2678 4285
2678 4286
2679 4286
2680 4287
2680 4288
2681 4288
2682 4289
2682 4290
2683 4290
2684 4291
2685 4291
2686 4292
2687 4293
2688 4294
2689 4294
2690 4295
2690 4296
2691 4297
2692 4298
2693 4299
2694 4299
2695 4300
2695 4301
2696 4301
2697 4302
2698 4303
2699 4303
2700 4304
2701 4304
2702 4304
2703 4305
2704 4305
2705 4305
2706 4305
2707 4305
2708 4305
2709 4306
2710 4306
2711 4307
2712 4307
2713 4308
2714 4309
2715 4310
2716 4310
2717 4311
2718 4312
2719 4313
2720 4313
2721 4314
2722 4315
2723 4316
2723 4317
2724 4317
2725 4318
2726 4319
2727 4320
2728 4320
2729 4320
2730 4320
2731 4321
2732 4321
2733 4321
2734 4321
2735 4321
2736 4321
2737 4321
2738 4321
2739 4321
2740 4321
2741 4321
2742 4321
2743 4321
2744 4321
2745 4321
2746 4321
2747 4321
2748 4321
2749 4321
2750 4321
2751 4321
2752 4320
2753 4321
2754 4321
2755 4321
2756 4321
2757 4321
2758 4321
2759 4321
2760 4321
2761 4321
2762 4321
2763 4321
2764 4321
2765 4322
2766 4322
2767 4323
2768 4323
2769 4324
2770 4325
2771 4325
2772 4326
2773 4327
2774 4327
2775 4328
2776 4328
2777 4329
2778 4329
2779 4329
2780 4329
2781 4330
2782 4330
2783 4330
2784 4330
2785 4331
2786 4331
2787 4332
2788 4332
2789 4332
2790 4332
2791 4333
2792 4333
2793 4334
2794 4334
2795 4334
2796 4334
2797 4335
2798 4335
2799 4335
2800 4335
2801 4335
2802 4335
2803 4336
2804 4336
2805 4336
2806 4337
2807 4337
2808 4338
2809 4338
2810 4339
2811 4339
2812 4340
2813 4341
2814 4341
2815 4342
2816 4342
2817 4343
2818 4343
2819 4343
2820 4343
2821 4343
2822 4343
2823 4343
2824 4343
2825 4343
2826 4343
2827 4343
2828 4343
2829 4343
2830 4343
2831 4343
2832 4343
2833 4344
2834 4344
2835 4344
2836 4344
2837 4345
2838 4345
2839 4345
2840 4345
2841 4345
2842 4345
2843 4345
2844 4345
2845 4345
2846 4345
2847 4345
2848 4345
2849 4345
2850 4345
2851 4345
2852 4345
2853 4344
2854 4344
2855 4344
2856 4344
2857 4343
2858 4343
2859 4343
2860 4343
2861 4342
2862 4342
2863 4342
2864 4342
2864 4341
2865 4340
2866 4340
2867 4339
2868 4339
2869 4338
2870 4338
2871 4337
2872 4336
2873 4335
2874 4334
2875 4333
2875 4332
2875 4331
2876 4330
2876 4329
2877 4328
2878 4327
2878 4326
2879 4325
2879 4324
2880 4323
2880 4322
2880 4321
2881 4320
2881 4319
2881 4318
2882 4317
2882 4316
2883 4315
2883 4314
2884 4313
2884 4312
2885 4311
2886 4311
2886 4310
2887 4309
2888 4308
2888 4307
2889 4306
2890 4305
2891 4304
2891 4303
2891 4302
2892 4301
2892 4300
2892 4299
2892 4298
2893 4297
2893 4296
2893 4295
2894 4294
2895 4293
2895 4292
2896 4291
2896 4290
2896 4289
2896 4288
2897 4287
2898 4287
2899 4287
2900 4287
2901 4286
2902 4285
2903 4284
2904 4283
2904 4282
2905 4281
2906 4280
2906 4279
2906 4278
2906 4277
2906 4276
2906 4275
2906 4274
2906 4273
2906 4272
2907 4271
2907 4270
2907 4269
2907 4268
2908 4267
2908 4266
2908 4265
2908 4264
2908 4263
2908 4262
2909 4261
2909 4260
2909 4259
2910 4258
2910 4257
2911 4256
2911 4255
2911 4254
2912 4253
2912 4252
2912 4251
2912 4250
2912 4249
2912 4248
2913 4247
2913 4246
2913 4245
2914 4244
2915 4243
2915 4242
2916 4241
2917 4240
2917 4239
2917 4238
2918 4237
2918 4236
2918 4235
2918 4234
2919 4233
2919 4232
2919 4231
2919 4230
2920 4229
2920 4228
2921 4227
2921 4226
2921 4225
2921 4224
2922 4223
2922 4222
2922 4221
2922 4220
2923 4219
2923 4218
2924 4217
2925 4216
2926 4215
2926 4214
2927 4213
2928 4212
2928 4211
2928 4210
2928 4209
2928 4208
2928 4207
2928 4206
2928 4205
2928 4204
2929 4203
2929 4202
2929 4201
2930 4200
2930 4199
2930 4198
2930 4197
2930 4196
2930 4195
2930 4194
2930 4193
2930 4192
2930 4191
2930 4190
2931 4189
2931 4188
2931 4187
2931 4186
2932 4185
2932 4184
2932 4183
2932 4182
2932 4181
2932 4180
2932 4179
2932 4178
2932 4177
2932 4176
2932 4175
2932 4174
2932 4173
2932 4172
2932 4171
2932 4170
2932 4169
2932 4168
2932 4167
2932 4166
2932 4165
2932 4164
2932 4163
2932 4162
2932 4161
2932 4160
2932 4159
2932 4158
2932 4157
2932 4156
2933 4155
2933 4154
2933 4153
2933 4152
2934 4151
2934 4150
2934 4149
2934 4148
2934 4147
2934 4146
2934 4145
2934 4144
2934 4143
2934 4142
2934 4141
2934 4140
2934 4139
2934 4138
2934 4137
2934 4136
2934 4135
2934 4134
2934 4133
2934 4132
2934 4131
2934 4130
2934 4129
2934 4128
2934 4127
2934 4126
2934 4125
2934 4124
2934 4123
2934 4122
2934 4121
2934 4120
2934 4119
2934 4118
2934 4117
2934 4116
2934 4115
2934 4114
2934 4113
2934 4112
2934 4111
2934 4110
2934 4109
2934 4108
2934 4107
2934 4106
2934 4105
2934 4104
2934 4103
2934 4102
2934 4101
2934 4100
2934 4099
2934 4098
2934 4097
2934 4096
2934 4095
2934 4094
2933 4093
2933 4092
2933 4091
2933 4090
2932 4089
2932 4088
2932 4087
2932 4086
2932 4085
2932 4084
2932 4083
2932 4082
2932 4081
2932 4080
2932 4079
2932 4078
2932 4077
2932 4076
2932 4075
2932 4074
2932 4073
2932 4072
2932 4071
2931 4070
2930 4069
2930 4068
2929 4067
2929 4066
2928 4065
2928 4064
2928 4063
2928 4062
2928 4061
2928 4060
2928 4059
2928 4058
2928 4057
2928 4056
2928 4055
2928 4054
2928 4053
2928 4052
2927 4051
2927 4050
2927 4049
2926 4048
2926 4047
2926 4046
2926 4045
2926 4044
2926 4043
2926 4042
2926 4041
2925 4040
2925 4039
2925 4038
2924 4037
2924 4036
2924 4035
2924 4034
2924 4033
2924 4032
2924 4031
2924 4030
2924 4029
2924 4028
2924 4027
2924 4026
2924 4025
2924 4024
2924 4023
2924 4022
2925 4021
2925 4020
2925 4019
2925 4018
2926 4017
2926 4016
2926 4015
2926 4014
2926 4013
2926 4012
2926 4011
2926 4010
2926 4009
2926 4008
2926 4007
2926 4006
2926 4005
2926 4004
2926 4003
2926 4002
2926 4001
2926 4000
2925 3999
2925 3998
2925 3997
2925 3996
2924 3996
2923 3995
2922 3994
2922 3993
2921 3992
2920 3991
2920 3990
2921 3989
2922 3989
2923 3989
2924 3989
2924 3988
2924 3987
2924 3986
2924 3985
2924 3984
2924 3983
2924 3982
2924 3981
2924 3980
2924 3979
2924 3978
2924 3977
2924 3976
2924 3975
2924 3974
2924 3973
2924 3972
2924 3971
2924 3970
2924 3969
2924 3968
2924 3967
2924 3966
2924 3965
2924 3964
2924 3963
2924 3962
2923 3961
2923 3960
2923 3959
2923 3958
2922 3957
2922 3956
2921 3955
2921 3954
2921 3953
2920 3952
2920 3951
2920 3950
2919 3949
2919 3948
2919 3947
2919 3946
2918 3945
2918 3944
2917 3943
2917 3942
2917 3941
2917 3940
2916 3940
2915 3939
2915 3938
2915 3937
2914 3936
2914 3935
2913 3934
2913 3933
2913 3932
2912 3931
2912 3930
2912 3929
2911 3928
2911 3927
2911 3926
2910 3925
2910 3924
2910 3923
2910 3922
2910 3921
2910 3920
2910 3919
2910 3918
2910 3917
2910 3916
2909 3915
2909 3914
2909 3913
2909 3912
2908 3911
2908 3910
2908 3909
2908 3908
2908 3907
2908 3906
2907 3905
2907 3904
2907 3903
2906 3902
2905 3901
2905 3900
2904 3899
2904 3898
2904 3897
2903 3896
2903 3895
2903 3894
2902 3893
2902 3892
2901 3891
2901 3890
2901 3889
2900 3888
2900 3887
2899 3886
2899 3885
2899 3884
2898 3883
2897 3882
2897 3881
2896 3880
2896 3879
2895 3878
2895 3877
2895 3876
2894 3875
2894 3874
2894 3873
2893 3872
2893 3871
2893 3870
2892 3870
2891 3869
2891 3868
2891 3867
2891 3866
2890 3865
2890 3864
2890 3863
2890 3862
2890 3861
2890 3860
2889 3859
2889 3858
2889 3857
2889 3856
2888 3855
2888 3854
2888 3853
2888 3852
2887 3851
2887 3850
2886 3849
2886 3848
2885 3847
2885 3846
2884 3845
2884 3844
2884 3843
2884 3842
2884 3841
2884 3840
2884 3839
2884 3838
2884 3837
2884 3836
2884 3835
2884 3834
2884 3833
2884 3832
2884 3831
2884 3830
2884 3829
2884 3828
2884 3827
2884 3826
2883 3825
2883 3824
2883 3823
2882 3822
2881 3822
2880 3821
2880 3820
2879 3820
2878 3819
2878 3818
2878 3817
2878 3816
2877 3815
2877 3814
2877 3813
2877 3812
2876 3812
2875 3811
2875 3810
2875 3809
2875 3808
2875 3807
2875 3806
2874 3805
2874 3804
2875 3803
2876 3803
2877 3804
2878 3805
2879 3804
2880 3804
2881 3804
2882 3804
2883 3804
2884 3804
2885 3804
2886 3804
2887 3804
2888 3804
2889 3804
2889 3803
2889 3802
2889 3801
2889 3800
2889 3799
2889 3798
2889 3797
2889 3796
2889 3795
2889 3794
2889 3793
2889 3792
2889 3791
2888 3790
2887 3790
2886 3790
2885 3790
2884 3790
2883 3790
2882 3790
2881 3790
2880 3790
2879 3790
2878 3790
2877 3790
2876 3791
2875 3792
2875 3793
2875 3794
2875 3795
2875 3796
2875 3797
2875 3798
2875 3799
2875 3800
2875 3801
2875 3802
2875 3803
2874 3804
2873 3804
2872 3803
2872 3802
2872 3801
2872 3800
2871 3799
2871 3798
2871 3797
2871 3796
2870 3795
2870 3794
2870 3793
2870 3792
2869 3791
2869 3790
2869 3789
2869 3788
2868 3788
2867 3787
2867 3786
2867 3785
2867 3784
2866 3783
2866 3782
2865 3781
2865 3780
2864 3779
2864 3778
2863 3777
2863 3776
2862 3775
2862 3774
2861 3773
2861 3772
2861 3771
2861 3770
2860 3770
2859 3769
2859 3768
2859 3767
2859 3766
2858 3765
2858 3764
2858 3763
2858 3762
2858 3761
2858 3760
2858 3759
2858 3758
2858 3757
2858 3756
2858 3755
2858 3754
2858 3753
2857 3752
2857 3751
2856 3750
2856 3749
2855 3748
2855 3747
2855 3746
2854 3745
2854 3744
2853 3743
2853 3742
2852 3741
2852 3740
2851 3739
2850 3738
2849 3737
2848 3736
2848 3735
2847 3734
2846 3733
2846 3732
2845 3731
2845 3730
2844 3729
2844 3728
2844 3727
2844 3726
2844 3725
2844 3724
2844 3723
2844 3722
2844 3721
2844 3720
2844 3719
2844 3718
2844 3717
2844 3716
2843 3715
2843 3714
2842 3713
2842 3712
2841 3711
2840 3710
2839 3709
2839 3708
2838 3707
2838 3706
2838 3705
2837 3704
2837 3703
2837 3702
2836 3701
2836 3700
2836 3699
2836 3698
2835 3697
2835 3696
2835 3695
2834 3694
2833 3693
2833 3692
2832 3691
2832 3690
2832 3689
2831 3688
2831 3687
2831 3686
2830 3685
2830 3684
2830 3683
2829 3682
2828 3681
2828 3680
2827 3680
2826 3679
2826 3678
2825 3677
2824 3676
2824 3675
2823 3674
2823 3673
2822 3672
2822 3671
2822 3670
2821 3669
2821 3668
2821 3667
2821 3666
2820 3665
2820 3664
2819 3663
2819 3662
2818 3661
2818 3660
2817 3659
2816 3658
2816 3657
2815 3656
2814 3655
2814 3654
2813 3653
2813 3652
2812 3651
2812 3650
2812 3649
2812 3648
2812 3647
2811 3646
2810 3645
2809 3644
2809 3643
2808 3643
2807 3642
2807 3641
2806 3641
2805 3640
2805 3639
2805 3638
2804 3637
2803 3636
2803 3635
2802 3634
2802 3633
2801 3632
2800 3631
2799 3630
2798 3629
2798 3628
2797 3627
2796 3627
2795 3626
2795 3625
2794 3625
2793 3624
2793 3623
2792 3622
2791 3621
2790 3620
2790 3619
2789 3618
2789 3617
2789 3616
2788 3615
2788 3614
2788 3613
2788 3612
2788 3611
2788 3610
2787 3609
2787 3608
2786 3607
2786 3606
2785 3606
2784 3605
2784 3604
2783 3604
2782 3603
2782 3602
2781 3602
2780 3601
2780 3600
2779 3600
2778 3599
2777 3598
2776 3597
2775 3597
2774 3596
2773 3596
2772 3595
2771 3595
2770 3594
2770 3593
2769 3593
2768 3593
2767 3593
2766 3592
2765 3592
2764 3592
2763 3592
2762 3591
2761 3591
2760 3591
2759 3591
2758 3590
2757 3590
2756 3590
2755 3590
2754 3590
2753 3590
2753 3591
2753 3592
2753 3593
2752 3594
2752 3595
2751 3596
2750 3596
2749 3595
2748 3594
2748 3593
2748 3592
2748 3591
2748 3590
2747 3590
2746 3590
2745 3590
2744 3590
2743 3590
2742 3590
2741 3590
