2143 4552
2142 4553
2141 4553
2140 4553
2139 4553
2138 4553
2137 4553
2136 4553
2135 4553
2134 4553
2133 4553
2132 4553
2131 4554
2130 4554
2129 4554
2128 4555
2127 4555
2126 4555
2125 4555
2124 4555
2123 4555
2122 4556
2121 4556
2120 4556
2119 4556
2118 4557
2117 4557
2116 4557
2115 4557
2114 4558
2113 4558
2112 4558
2111 4558
2110 4559
2109 4559
2108 4560
2107 4560
2106 4560
2105 4560
2104 4561
2103 4561
2102 4562
2101 4562
2100 4562
2099 4563
2098 4563
2097 4564
2096 4564
2095 4564
2094 4565
2093 4566
2092 4566
2091 4566
2090 4567
2089 4568
2088 4568
2087 4569
2086 4569
2085 4570
2084 4570
2083 4571
2082 4571
2081 4572
2080 4573
2079 4573
2078 4574
2077 4574
2077 4575
2076 4576
2075 4576
2074 4576
2073 4576
2073 4577
2072 4578
2071 4578
2070 4579
2069 4579
2068 4580
2068 4581
2067 4582
2066 4583
2065 4583
2065 4584
2064 4585
2063 4585
2062 4586
2061 4586
2060 4587
2059 4587
2058 4588
2057 4588
2056 4588
2055 4589
2054 4590
2053 4591
2052 4592
2051 4593
2051 4594
2050 4595
2049 4595
2048 4596
2047 4597
2047 4598
2046 4599
2045 4599
2044 4600
2043 4601
2043 4602
2042 4603
2041 4603
2040 4604
2039 4605
2039 4606
2038 4607
2037 4607
2036 4608
2035 4609
2035 4610
2034 4611
2033 4611
2032 4612
2031 4613
2031 4614
2030 4615
2029 4615
2028 4616
2027 4617
2027 4618
2026 4619
2025 4619
2024 4620
2023 4621
2023 4622
2022 4623
2021 4624
2020 4625
2020 4626
2019 4627
2019 4628
2018 4629
2017 4630
2016 4631
2016 4632
2015 4633
2014 4633
2014 4634
2013 4635
2013 4636
2012 4637
2012 4638
2011 4639
2011 4640
2010 4641
2010 4642
2009 4643
2009 4644
2008 4645
2007 4646
2007 4647
2006 4648
2005 4649
2005 4650
2004 4651
2003 4652
2002 4653
2002 4654
2001 4655
2001 4656
2000 4657
2000 4658
1999 4659
1999 4660
1998 4661
1997 4662
1997 4663
1996 4664
1995 4665
1995 4666
1994 4667
1993 4668
1993 4669
1993 4670
1992 4671
1992 4672
1992 4673
1991 4674
1990 4675
1990 4676
1990 4677
1990 4678
1989 4679
1989 4680
1988 4681
1988 4682
1988 4683
1987 4684
1986 4685
1986 4686
1986 4687
1986 4688
1985 4689
1984 4689
1984 4690
1984 4691
1984 4692
1983 4693
1983 4694
1982 4695
1982 4696
1982 4697
1982 4698
1981 4699
1981 4700
1980 4701
1980 4702
1980 4703
1980 4704
1979 4705
1979 4706
1978 4707
1978 4708
1978 4709
1978 4710
1977 4711
1977 4712
1976 4713
1976 4714
1976 4715
1975 4716
1975 4717
1975 4718
1975 4719
1975 4720
1975 4721
1975 4722
1975 4723
1975 4724
1975 4725
1975 4726
1975 4727
1975 4728
1974 4729
1974 4730
1974 4731
1974 4732
1973 4733
1973 4734
1973 4735
1973 4736
1973 4737
1973 4738
1973 4739
1973 4740
1973 4741
1973 4742
1973 4743
1973 4744
1973 4745
1973 4746
1973 4747
1973 4748
1973 4749
1973 4750
1973 4751
1973 4752
1973 4753
1973 4754
1972 4755
1972 4756
1972 4757
1972 4758
1971 4759
1971 4760
1971 4761
1971 4762
1971 4763
1971 4764
1971 4765
1971 4766
1971 4767
1971 4768
1971 4769
1971 4770
1972 4771
1972 4772
1972 4773
1972 4774
1973 4775
1973 4776
1973 4777
1973 4778
1973 4779
1973 4780
1973 4781
1973 4782
1973 4783
1973 4784
1973 4785
1973 4786
1973 4787
1973 4788
1973 4789
1973 4790
1973 4791
1973 4792
1973 4793
1973 4794
1973 4795
1973 4796
1973 4797
1973 4798
1973 4799
1973 4800
1973 4801
1973 4802
1973 4803
1973 4804
1973 4805
1973 4806
1973 4807
1973 4808
1973 4809
1973 4810
1973 4811
1973 4812
1973 4813
1973 4814
1973 4815
1973 4816
1973 4817
1973 4818
1973 4819
1973 4820
1973 4821
1973 4822
1973 4823
1973 4824
1973 4825
1973 4826
1973 4827
1973 4828
1973 4829
1973 4830
1973 4831
1973 4832
1973 4833
1973 4834
1973 4835
1973 4836
1973 4837
1973 4838
1973 4839
1973 4840
1974 4841
1974 4842
1974 4843
1974 4844
1975 4845
1975 4846
1975 4847
1975 4848
1975 4849
1975 4850
1975 4851
1975 4852
1975 4853
1975 4854
1975 4855
1975 4856
1975 4857
1975 4858
1975 4859
1975 4860
1975 4861
1975 4862
1975 4863
1975 4864
1975 4865
1975 4866
1975 4867
1975 4868
1975 4869
1975 4870
1975 4871
1975 4872
1975 4873
1975 4874
1975 4875
1975 4876
1975 4877
1975 4878
1975 4879
1975 4880
1975 4881
1975 4882
1976 4883
1976 4884
1976 4885
1976 4886
1977 4887
1977 4888
1977 4889
1977 4890
1977 4891
1977 4892
1977 4893
1977 4894
1977 4895
1977 4896
1977 4897
1977 4898
1977 4899
1977 4900
1978 4901
1978 4902
1978 4903
1978 4904
1979 4904
1980 4905
1980 4906
1981 4907
1981 4908
1982 4909
1982 4910
1983 4911
1983 4912
1983 4913
1983 4914
1983 4915
1983 4916
1983 4917
1984 4918
1984 4919
1984 4920
1985 4920
1986 4921
1986 4922
1986 4923
1986 4924
1987 4925
1988 4926
1988 4927
1988 4928
1989 4929
1989 4930
1990 4931
1990 4932
1990 4933
1990 4934
1991 4935
1991 4936
1992 4937
1992 4938
1992 4939
1992 4940
1993 4941
1993 4942
1994 4943
1994 4944
1995 4945
1995 4946
1996 4947
1996 4948
1997 4949
1997 4950
1998 4951
1998 4952
1999 4953
1999 4954
2000 4955
2001 4956
2001 4957
2002 4958
2002 4959
2002 4960
2003 4960
2004 4961
2004 4962
2004 4963
2004 4964
2005 4965
2005 4966
2006 4967
2006 4968
2006 4969
2007 4970
2007 4971
2008 4972
2008 4973
2008 4974
2009 4975
2010 4976
2010 4977
2011 4978
2011 4979
2012 4980
2012 4981
2013 4982
2014 4983
2014 4984
2015 4985
2015 4986
2016 4987
2017 4988
2017 4989
2018 4990
2018 4991
2018 4992
2019 4992
2020 4993
2020 4994
2021 4995
2022 4996
2023 4997
2023 4998
2024 4999
2024 5000
2025 5001
2025 5002
2026 5003
2026 5004
2027 5005
2027 5006
2028 5006
2029 5007
2029 5008
2030 5009
2031 5010
2032 5011
2033 5011
2034 5012
2035 5013
2035 5014
2036 5015
2036 5016
2037 5017
2038 5018
2039 5019
2039 5020
2040 5021
2041 5022
2042 5022
2043 5023
2043 5024
2044 5025
2045 5026
2046 5026
2047 5027
2047 5028
2048 5029
2049 5030
2050 5030
2051 5031
2051 5032
2052 5033
2053 5034
2054 5034
2055 5035
2055 5036
2056 5037
2057 5038
2058 5038
2059 5039
2059 5040
2060 5041
2061 5042
2062 5042
2063 5043
2063 5044
2064 5045
2065 5046
2066 5046
2067 5047
2067 5048
2068 5049
2069 5050
2070 5050
2071 5051
2071 5052
2072 5053
2073 5054
2074 5054
2075 5055
2076 5056
2077 5056
2078 5057
2079 5058
2080 5058
2081 5059
2082 5060
2083 5061
2083 5062
2084 5062
2085 5063
2086 5064
2087 5064
2088 5065
2089 5065
2090 5066
2091 5067
2092 5067
2093 5067
2094 5068
2095 5069
2096 5069
2097 5069
2098 5069
2099 5070
2100 5071
2101 5071
2102 5071
2103 5072
2104 5072
2105 5072
2106 5072
2107 5073
2108 5073
2109 5073
2110 5074
2111 5075
2112 5075
2113 5075
2114 5075
2115 5076
2116 5076
2117 5077
2118 5077
2119 5077
2120 5077
2121 5078
2122 5078
2123 5078
2124 5078
2125 5079
2126 5079
2127 5079
2128 5079
2129 5080
2130 5080
2131 5081
2132 5081
2133 5081
2134 5081
2135 5082
2136 5082
2137 5082
2138 5082
2139 5082
2140 5082
2141 5082
2142 5082
2143 5082
2144 5082
2145 5082
2146 5082
2147 5082
2148 5082
2149 5082
2150 5082
2151 5082
2152 5082
2153 5082
2154 5082
2155 5082
2156 5082
2157 5082
2158 5082
2159 5082
2160 5082
2161 5082
2162 5082
2163 5082
2164 5082
2165 5082
2166 5082
2167 5082
2168 5082
2169 5082
2170 5082
2171 5082
2172 5082
2173 5082
2174 5082
2175 5082
2176 5082
2177 5082
2178 5082
2179 5082
2180 5082
2181 5082
2182 5081
2183 5081
2184 5081
2185 5080
2186 5080
2187 5080
2188 5080
2189 5080
2190 5080
2191 5080
2192 5080
2193 5079
2194 5079
2195 5079
2196 5079
2197 5078
2198 5078
2199 5077
2200 5077
2201 5077
2202 5077
2203 5076
2204 5076
2205 5075
2206 5075
2207 5075
2208 5075
2209 5074
2210 5073
2211 5073
2212 5072
2213 5072
2214 5071
2215 5071
2216 5071
2217 5070
2218 5070
2219 5069
2220 5069
2221 5069
2222 5069
2223 5068
2224 5067
2225 5067
2226 5066
2227 5066
2228 5065
2229 5064
2230 5064
2230 5063
2231 5062
2232 5062
2233 5061
2234 5060
2235 5059
2236 5058
2237 5057
2238 5056
2239 5056
2240 5055
2241 5054
2242 5054
2242 5053
2243 5052
2244 5051
2245 5050
2246 5050
2246 5049
2247 5048
2248 5048
2249 5047
2250 5046
2251 5046
2252 5045
2253 5044
2254 5044
2254 5043
2255 5042
2256 5042
2256 5041
2257 5040
2258 5039
2258 5038
2259 5037
2260 5036
2260 5035
2261 5034
2262 5034
2262 5033
2263 5032
2264 5031
2264 5030
2265 5029
2266 5028
2267 5027
2268 5026
2269 5025
2270 5024
2270 5023
2271 5022
2272 5021
2272 5020
2273 5019
2273 5018
2274 5017
2275 5016
2275 5015
2276 5014
2277 5013
2278 5012
2278 5011
2279 5010
2280 5009
2280 5008
2280 5007
2281 5006
2281 5005
2282 5004
2283 5003
2284 5002
2284 5001
2285 5000
2285 4999
2286 4998
2286 4997
2287 4996
2287 4995
2288 4994
2288 4993
2289 4992
2289 4991
2290 4990
2290 4989
2291 4988
2291 4987
2291 4986
2291 4985
2292 4984
2292 4983
2292 4982
2292 4981
2292 4980
2292 4979
2292 4978
2292 4977
2292 4976
2292 4975
2292 4974
2292 4973
2292 4972
2292 4971
2292 4970
2292 4969
2292 4968
2292 4967
2292 4966
2292 4965
2292 4964
2292 4963
2292 4962
2292 4961
2292 4960
2292 4959
2292 4958
2292 4957
2292 4956
2292 4955
2292 4954
2292 4953
2292 4952
2292 4951
2293 4950
2293 4949
2294 4948
2295 4947
2296 4946
2296 4945
2297 4944
2298 4944
2298 4943
2299 4942
2299 4941
2299 4940
2298 4939
2298 4938
2297 4937
2296 4936
2296 4935
2295 4934
2295 4933
2295 4932
2295 4931
2294 4930
2294 4929
2294 4928
2294 4927
2294 4926
2294 4925
2294 4924
2294 4923
2294 4922
2294 4921
2294 4920
2294 4919
2295 4918
2295 4917
2296 4916
2296 4915
2297 4914
2297 4913
2298 4912
2299 4912
2299 4911
2300 4910
2301 4909
2302 4908
2302 4907
2303 4906
2304 4905
2304 4904
2304 4903
2305 4902
2305 4901
2305 4900
2305 4899
2306 4898
2306 4897
2306 4896
2306 4895
2307 4894
2307 4893
2307 4892
2307 4891
2308 4890
2308 4889
2308 4888
2308 4887
2308 4886
2308 4885
2308 4884
2308 4883
2308 4882
2308 4881
2308 4880
2308 4879
2308 4878
2308 4877
2309 4876
2309 4875
2309 4874
2309 4873
2310 4872
2310 4871
2311 4870
2311 4869
2311 4868
2311 4867
2312 4866
2312 4865
2313 4864
2313 4863
2313 4862
2313 4861
2314 4860
2314 4859
2315 4858
2315 4857
2315 4856
2316 4855
2317 4854
2317 4853
2318 4852
2318 4851
2319 4850
2319 4849
2320 4848
2320 4847
2321 4846
2321 4845
2321 4844
2322 4843
2323 4842
2323 4841
2324 4840
2324 4839
2325 4838
2326 4837
2327 4836
2328 4835
2328 4834
2329 4833
2329 4832
2329 4831
2330 4830
2330 4829
2331 4828
2331 4827
2331 4826
2331 4825
2332 4824
2332 4823
2333 4822
2333 4821
2333 4820
2333 4819
2334 4818
2334 4817
2334 4816
2334 4815
2334 4814
2334 4813
2334 4812
2334 4811
2334 4810
2334 4809
2334 4808
2334 4807
2334 4806
2334 4805
2334 4804
2334 4803
2334 4802
2334 4801
2334 4800
2334 4799
2334 4798
2334 4797
2334 4796
2334 4795
2334 4794
2334 4793
2334 4792
2334 4791
2334 4790
2334 4789
2334 4788
2334 4787
2334 4786
2334 4785
2334 4784
2334 4783
2334 4782
2334 4781
2334 4780
2334 4779
2334 4778
2334 4777
2334 4776
2334 4775
2334 4774
2334 4773
2334 4772
2334 4771
2334 4770
2334 4769
2334 4768
2334 4767
2334 4766
2334 4765
2334 4764
2334 4763
2334 4762
2334 4761
2334 4760
2334 4759
2334 4758
2334 4757
2334 4756
2334 4755
2334 4754
2334 4753
2333 4752
2333 4751
2333 4750
2333 4749
2332 4748
2332 4747
2332 4746
2332 4745
2332 4744
2332 4743
2331 4742
2331 4741
2331 4740
2331 4739
2330 4738
2329 4737
2329 4736
2329 4735
2328 4734
2328 4733
2327 4732
2327 4731
2327 4730
2327 4729
2326 4729
2325 4728
2325 4727
2325 4726
2325 4725
2324 4724
2324 4723
2324 4722
2323 4721
2322 4720
2322 4719
2321 4718
2320 4717
2320 4716
2320 4715
2319 4714
2319 4713
2319 4712
2318 4711
2318 4710
2318 4709
2318 4708
2318 4707
2318 4706
2318 4705
2317 4704
2317 4703
2317 4702
2317 4701
2316 4700
2316 4699
2316 4698
2316 4697
2315 4696
2315 4695
2315 4694
2315 4693
2314 4692
2314 4691
2314 4690
2314 4689
2314 4688
2314 4687
2314 4686
2314 4685
2314 4684
2314 4683
2314 4682
2313 4681
2313 4680
2313 4679
2312 4678
2312 4677
2312 4676
2312 4675
2312 4674
2312 4673
2312 4672
2312 4671
2311 4670
2311 4669
2311 4668
2311 4667
2310 4666
2310 4665
2310 4664
2310 4663
2310 4662
2310 4661
2309 4660
2309 4659
2309 4658
2309 4657
2308 4657
2307 4656
2307 4655
2307 4654
2307 4653
2306 4652
2306 4651
2305 4650
2305 4649
2305 4648
2305 4647
2304 4646
2304 4645
2303 4644
2303 4643
2303 4642
2303 4641
2302 4641
2301 4640
2301 4639
2301 4638
2301 4637
2300 4636
2300 4635
2300 4634
2299 4633
2298 4632
2298 4631
2297 4630
2296 4629
2296 4628
2295 4627
2294 4626
2294 4625
2293 4624
2293 4623
2292 4622
2292 4621
2291 4620
2291 4619
2290 4618
2290 4617
2289 4616
2288 4615
2288 4614
2287 4613
2286 4612
2285 4611
2284 4610
2284 4609
2283 4608
2282 4607
2282 4606
2281 4605
2280 4604
2280 4603
2279 4603
2278 4602
2278 4601
2277 4600
2276 4599
2275 4599
2274 4598
2274 4597
2273 4596
2272 4595
2271 4595
2270 4594
2270 4593
2269 4592
2268 4591
2267 4590
2266 4589
2265 4589
2264 4588
2263 4588
2262 4587
2261 4587
2260 4586
2259 4586
2258 4585
2257 4585
2256 4584
2255 4583
2254 4583
2253 4582
2252 4581
2251 4581
2250 4580
2250 4579
2249 4579
2248 4578
2247 4577
2246 4577
2245 4576
2244 4576
2243 4576
2242 4575
2241 4575
2240 4575
2239 4575
2238 4576
2237 4576
2236 4576
2235 4576
2234 4577
2233 4577
2232 4577
2231 4577
2230 4577
2229 4577
2228 4577
2227 4577
2226 4577
2225 4577
2224 4577
2223 4577
2222 4576
2221 4576
2220 4576
2219 4576
2218 4575
2217 4575
2216 4575
2215 4575
2214 4575
2213 4575
2212 4575
2211 4575
2210 4575
2209 4575
2208 4576
2207 4576
2206 4576
2205 4576
2204 4577
2203 4577
2202 4577
2201 4577
2200 4577
2199 4577
2198 4577
2197 4577
2196 4577
2195 4577
2194 4577
2193 4577
2192 4577
2191 4577
2190 4577
2189 4577
2188 4577
2187 4577
2186 4577
2185 4577
2184 4577
2183 4577
2182 4577
2181 4577
2180 4577
2179 4577
2178 4577
2177 4577
2176 4576
2175 4576
2174 4576
2173 4576
2172 4575
2171 4575
2170 4574
2169 4574
2168 4573
2167 4573
2166 4572
2166 4571
2165 4571
2164 4570
2163 4569
2162 4568
2162 4567
2161 4566
2160 4565
2160 4564
2159 4563
2159 4562
2159 4561
2158 4561
2157 4560
2157 4559
2156 4558
2156 4557
2155 4557
2154 4556
2154 4555
2153 4555
2152 4554
2151 4554
2150 4553
2149 4553
2148 4552
2147 4552
2146 4553
2145 4553
2144 4552
2143 4552
