1023 727
1022 728
1021 728
1020 728
1019 728
1018 729
1017 729
1016 729
1015 729
1014 729
1013 729
1012 729
1011 729
1010 729
1009 729
1008 730
1007 730
1006 730
1005 730
1004 731
1003 731
1002 732
1001 732
1000 732
999 732
998 733
997 733
996 734
995 734
994 734
993 734
993 735
992 736
991 736
990 737
989 737
988 738
987 738
986 739
985 739
984 740
983 740
982 741
981 741
980 742
979 742
978 743
977 744
976 745
975 745
975 746
974 747
973 747
972 748
971 749
971 750
970 751
969 751
969 752
968 753
967 753
967 754
966 755
965 755
964 756
963 757
963 758
962 759
961 759
960 760
959 761
958 761
957 762
956 763
955 764
954 765
953 765
952 766
951 767
950 768
949 769
948 770
947 770
946 771
945 772
944 773
943 773
942 774
941 774
940 775
939 776
938 777
937 777
936 778
935 779
934 780
933 781
932 781
931 782
930 783
929 784
928 785
927 785
927 786
926 787
925 787
924 788
923 788
922 789
921 790
920 791
919 791
918 792
918 793
917 794
916 795
915 795
915 796
914 797
913 798
912 798
911 799
910 800
909 801
909 802
908 803
907 803
906 804
905 804
905 805
904 806
903 807
902 808
901 809
901 810
900 811
899 811
899 812
898 813
897 814
896 814
895 815
895 816
894 817
893 818
892 819
892 820
891 821
891 822
890 823
889 823
889 824
888 825
887 826
887 827
886 828
886 829
885 830
884 831
884 832
883 833
883 834
882 835
881 836
880 836
879 837
879 838
878 839
877 840
876 841
876 842
875 843
875 844
874 845
873 846
872 846
871 847
870 848
869 849
869 850
868 851
867 852
866 853
865 854
865 855
864 856
863 857
863 858
862 859
861 860
861 861
860 862
859 863
859 864
858 865
858 866
857 867
857 868
856 869
856 870
856 871
856 872
855 873
854 873
854 874
854 875
853 876
853 877
852 878
852 879
852 880
851 881
851 882
850 883
850 884
850 885
849 886
849 887
848 888
848 889
848 890
847 891
847 892
846 893
846 894
846 895
846 896
845 897
844 897
844 898
844 899
844 900
843 901
843 902
842 903
842 904
842 905
842 906
841 907
841 908
841 909
841 910
841 911
841 912
841 913
841 914
841 915
841 916
841 917
841 918
840 919
840 920
840 921
839 922
839 923
839 924
839 925
839 926
839 927
839 928
839 929
839 930
839 931
839 932
839 933
839 934
839 935
839 936
838 937
838 938
838 939
838 940
837 941
837 942
837 943
837 944
837 945
837 946
836 947
836 948
836 949
836 950
835 951
835 952
835 953
835 954
835 955
835 956
835 957
835 958
835 959
835 960
835 961
835 962
835 963
835 964
835 965
835 966
835 967
835 968
835 969
835 970
835 971
835 972
835 973
835 974
835 975
835 976
835 977
835 978
835 979
835 980
835 981
835 982
835 983
836 984
836 985
836 986
837 987
837 988
837 989
837 990
837 991
837 992
837 993
837 994
838 995
838 996
838 997
838 998
839 999
839 1000
839 1001
839 1002
839 1003
839 1004
839 1005
839 1006
839 1007
839 1008
839 1009
839 1010
839 1011
839 1012
839 1013
840 1014
840 1015
840 1016
841 1017
841 1018
841 1019
841 1020
841 1021
841 1022
841 1023
841 1024
841 1025
841 1026
841 1027
841 1028
841 1029
842 1030
842 1031
842 1032
843 1033
843 1034
843 1035
843 1036
843 1037
843 1038
843 1039
843 1040
843 1041
843 1042
843 1043
843 1044
844 1045
844 1046
844 1047
844 1048
845 1049
845 1050
845 1051
845 1052
845 1053
845 1054
845 1055
845 1056
845 1057
845 1058
845 1059
845 1060
846 1061
846 1062
846 1063
846 1064
847 1064
848 1065
848 1066
848 1067
848 1068
849 1069
849 1070
849 1071
849 1072
850 1073
850 1074
850 1075
850 1076
851 1077
851 1078
851 1079
851 1080
851 1081
851 1082
852 1083
852 1084
852 1085
852 1086
853 1087
854 1088
854 1089
854 1090
855 1091
855 1092
855 1093
855 1094
855 1095
856 1096
856 1097
856 1098
857 1099
857 1100
857 1101
857 1102
858 1103
858 1104
858 1105
859 1106
859 1107
859 1108
859 1109
859 1110
860 1111
860 1112
860 1113
860 1114
861 1115
861 1116
861 1117
861 1118
862 1119
862 1120
862 1121
862 1122
863 1123
863 1124
863 1125
863 1126
863 1127
864 1128
864 1129
865 1130
865 1131
866 1132
866 1133
866 1134
867 1135
867 1136
868 1137
868 1138
869 1139
869 1140
870 1141
870 1142
871 1143
872 1144
873 1145
873 1146
874 1147
874 1148
875 1149
876 1150
877 1151
877 1152
878 1153
878 1154
879 1155
879 1156
880 1157
880 1158
881 1159
881 1160
882 1161
883 1162
884 1163
884 1164
885 1165
885 1166
886 1167
886 1168
887 1169
887 1170
888 1170
889 1171
890 1171
891 1172
892 1172
893 1172
894 1172
895 1172
896 1172
897 1173
898 1173
899 1173
900 1174
901 1174
902 1175
903 1176
904 1176
905 1177
905 1178
906 1179
907 1180
908 1181
908 1182
909 1183
909 1184
909 1185
909 1186
910 1187
910 1188
910 1189
910 1190
911 1191
911 1192
911 1193
911 1194
911 1195
911 1196
911 1197
912 1198
913 1199
913 1200
914 1201
915 1202
916 1202
917 1203
918 1204
919 1205
919 1206
920 1207
921 1208
922 1208
923 1209
924 1210
925 1210
926 1211
927 1212
928 1213
929 1214
930 1214
931 1215
931 1216
932 1216
933 1217
934 1218
935 1218
936 1219
937 1220
938 1220
939 1221
940 1222
941 1223
942 1224
943 1224
944 1225
945 1226
946 1226
947 1227
947 1228
948 1229
949 1229
950 1230
951 1230
952 1231
953 1232
954 1233
955 1234
956 1234
957 1235
957 1236
958 1236
959 1237
960 1237
961 1238
961 1239
962 1239
963 1239
964 1240
965 1240
966 1241
967 1242
968 1242
969 1243
970 1244
971 1244
972 1245
973 1246
974 1246
975 1247
976 1247
977 1248
977 1249
978 1249
979 1249
980 1249
981 1250
981 1251
982 1251
983 1251
984 1251
985 1252
985 1253
986 1253
987 1254
988 1254
989 1255
990 1255
991 1256
992 1256
993 1257
994 1257
995 1257
996 1257
997 1258
998 1258
999 1259
1000 1259
1001 1259
1002 1259
1003 1260
1004 1260
1005 1260
1006 1260
1007 1261
1008 1261
1009 1261
1010 1262
1011 1262
1012 1262
1013 1262
1014 1262
1015 1262
1016 1262
1017 1262
1018 1262
1019 1263
1020 1263
1021 1263
1022 1263
1023 1264
1024 1264
1025 1264
1026 1264
1027 1264
1028 1264
1029 1264
1030 1264
1031 1264
1032 1264
1033 1264
1034 1264
1035 1264
1036 1264
1037 1264
1038 1264
1039 1264
1040 1264
1041 1264
1042 1264
1043 1264
1044 1264
1045 1264
1046 1264
1047 1264
1048 1264
1049 1264
1050 1264
1051 1264
1052 1264
1053 1264
1054 1264
1055 1264
1056 1264
1057 1263
1058 1263
1059 1263
1060 1263
1061 1262
1062 1262
1063 1262
1064 1262
1065 1262
1066 1262
1067 1262
1068 1262
1069 1262
1070 1262
1071 1262
1072 1261
1073 1261
1074 1261
1075 1260
1076 1260
1077 1260
1078 1260
1079 1259
1080 1259
1081 1259
1082 1259
1083 1258
1084 1258
1085 1258
1086 1258
1087 1258
1088 1257
1089 1257
1090 1256
1091 1256
1092 1255
1093 1255
1094 1255
1095 1254
1096 1253
1097 1253
1098 1252
1099 1252
1100 1251
1101 1250
1102 1250
1103 1249
1104 1249
1104 1248
1105 1247
1106 1247
1107 1246
1108 1246
1109 1245
1109 1244
1110 1243
1111 1242
1112 1242
1112 1241
1113 1240
1114 1240
1115 1239
1116 1238
1117 1238
1118 1237
1119 1236
1119 1235
1120 1234
1121 1233
1122 1232
1122 1231
1123 1230
1124 1230
1125 1229
1126 1228
1126 1227
1127 1226
1128 1226
1128 1225
1129 1224
1130 1224
1130 1223
1131 1222
1132 1222
1132 1221
1133 1220
1134 1219
1134 1218
1135 1217
1135 1216
1136 1215
1136 1214
1137 1213
1138 1212
1138 1211
1139 1210
1140 1209
1141 1208
1141 1207
1141 1206
1142 1205
1143 1204
1143 1203
1143 1202
1143 1201
1144 1200
1145 1200
1145 1199
1146 1198
1146 1197
1147 1196
1148 1195
1149 1195
1150 1194
1150 1193
1151 1192
1152 1192
1153 1191
1154 1190
1154 1189
1155 1188
1156 1188
1156 1187
1157 1186
1157 1185
1158 1184
1159 1184
1159 1183
1160 1182
1161 1181
1162 1180
1162 1179
1163 1178
1163 1177
1164 1176
1165 1176
1165 1175
1165 1174
1166 1173
1166 1172
1167 1171
1168 1170
1168 1169
1169 1168
1169 1167
1170 1166
1170 1165
1171 1164
1171 1163
1171 1162
1171 1161
1172 1160
1172 1159
1173 1158
1173 1157
1173 1156
1173 1155
1174 1154
1174 1153
1174 1152
1174 1151
1175 1150
1175 1149
1175 1148
1175 1147
1176 1146
1176 1145
1176 1144
1176 1143
1176 1142
1176 1141
1177 1140
1177 1139
1177 1138
1177 1137
1178 1136
1178 1135
1178 1134
1178 1133
1178 1132
1178 1131
1179 1130
1179 1129
1179 1128
1180 1127
1180 1126
1180 1125
1180 1124
1180 1123
1180 1122
1180 1121
1181 1120
1181 1119
1181 1118
1181 1117
1182 1116
1182 1115
1182 1114
1182 1113
1182 1112
1182 1111
1182 1110
1182 1109
1182 1108
1182 1107
1182 1106
1182 1105
1183 1104
1183 1103
1183 1102
1184 1101
1184 1100
1184 1099
1184 1098
1184 1097
1184 1096
1184 1095
1184 1094
1184 1093
1184 1092
1184 1091
1184 1090
1184 1089
1184 1088
1184 1087
1184 1086
1184 1085
1184 1084
1184 1083
1184 1082
1184 1081
1184 1080
1184 1079
1184 1078
1184 1077
1184 1076
1184 1075
1184 1074
1184 1073
1184 1072
1184 1071
1185 1070
1185 1069
1185 1068
1185 1067
1186 1066
1186 1065
1186 1064
1186 1063
1186 1062
1186 1061
1186 1060
1186 1059
1186 1058
1186 1057
1186 1056
1186 1055
1186 1054
1186 1053
1186 1052
1186 1051
1186 1050
1186 1049
1186 1048
1186 1047
1186 1046
1186 1045
1186 1044
1186 1043
1186 1042
1186 1041
1186 1040
1186 1039
1186 1038
1186 1037
1186 1036
1186 1035
1187 1034
1187 1033
1187 1032
1188 1031
1188 1030
1188 1029
1188 1028
1188 1027
1188 1026
1188 1025
1188 1024
1188 1023
1188 1022
1188 1021
1188 1020
1188 1019
1188 1018
1188 1017
1188 1016
1188 1015
1188 1014
1188 1013
1188 1012
1188 1011
1188 1010
1187 1009
1187 1008
1187 1007
1186 1006
1186 1005
1186 1004
1186 1003
1186 1002
1186 1001
1186 1000
1186 999
1186 998
1186 997
1186 996
1186 995
1186 994
1186 993
1185 992
1185 991
1185 990
1184 989
1184 988
1183 987
1183 986
1183 985
1182 984
1182 983
1182 982
1182 981
1181 980
1181 979
1181 978
1181 977
1180 976
1180 975
1180 974
1180 973
1180 972
1180 971
1180 970
1180 969
1180 968
1180 967
1180 966
1180 965
1180 964
1180 963
1180 962
1180 961
1180 960
1180 959
1180 958
1180 957
1180 956
1180 955
1180 954
1180 953
1180 952
1180 951
1180 950
1180 949
1180 948
1180 947
1180 946
1180 945
1179 944
1179 943
1179 942
1179 941
1178 940
1178 939
1178 938
1178 937
1177 936
1177 935
1177 934
1177 933
1176 932
1176 931
1176 930
1176 929
1176 928
1176 927
1176 926
1176 925
1176 924
1176 923
1176 922
1176 921
1175 920
1175 919
1175 918
1175 917
1174 916
1174 915
1173 914
1173 913
1173 912
1173 911
1172 910
1172 909
1172 908
1172 907
1172 906
1172 905
1171 904
1171 903
1171 902
1171 901
1170 900
1170 899
1170 898
1170 897
1170 896
1170 895
1169 894
1169 893
1169 892
1169 891
1168 890
1168 889
1168 888
1168 887
1167 886
1167 885
1167 884
1167 883
1166 882
1166 881
1166 880
1166 879
1166 878
1166 877
1166 876
1166 875
1166 874
1166 873
1165 872
1165 871
1165 870
1165 869
1164 868
1164 867
1164 866
1164 865
1164 864
1164 863
1163 862
1163 861
1163 860
1163 859
1162 858
1162 857
1162 856
1162 855
1162 854
1162 853
1162 852
1162 851
1162 850
1162 849
1161 848
1161 847
1161 846
1161 845
1160 844
1160 843
1159 842
1159 841
1159 840
1158 839
1158 838
1158 837
1158 836
1158 835
1157 834
1157 833
1157 832
1157 831
1156 830
1155 829
1155 828
1155 827
1154 826
1153 825
1153 824
1153 823
1152 822
1152 821
1151 820
1151 819
1151 818
1151 817
1150 816
1150 815
1149 814
1149 813
1149 812
1149 811
1148 810
1148 809
1147 808
1147 807
1146 806
1146 805
1145 804
1145 803
1144 802
1144 801
1144 800
1144 799
1143 798
1143 797
1143 796
1142 795
1141 794
1141 793
1141 792
1140 791
1140 790
1139 789
1139 788
1139 787
1138 786
1138 785
1137 784
1137 783
1136 782
1135 781
1134 780
1134 779
1133 778
1133 777
1132 776
1131 775
1130 774
1130 773
1129 772
1128 771
1127 771
1126 770
1126 769
1125 768
1124 767
1123 767
1122 766
1121 766
1120 765
1120 764
1119 763
1118 762
1117 761
1116 760
1116 759
1115 758
1114 757
1113 756
1112 755
1111 755
1110 754
1110 753
1109 753
1108 752
1107 751
1106 751
1105 750
1104 749
1103 749
1102 748
1101 747
1100 746
1099 746
1098 746
1097 746
1096 745
1096 744
1095 744
1094 744
1093 744
1092 743
1092 742
1091 742
1090 742
1089 742
1088 741
1088 740
1087 740
1086 740
1085 739
1084 738
1083 738
1082 738
1081 738
1080 737
1079 737
1078 737
1077 737
1076 736
1075 736
1074 736
1073 736
1072 735
1071 735
1070 734
1069 734
1068 734
1067 733
1066 733
1065 732
1064 732
1063 731
1062 731
1061 731
1060 731
1059 731
1058 731
1057 731
1056 731
1055 731
1054 731
1053 731
1052 730
1051 730
1050 730
1049 730
1048 729
1047 729
1046 729
1045 729
1044 729
1043 729
1042 729
1041 729
1040 729
1039 729
1038 729
1037 729
1036 729
1035 729
1034 729
1033 729
1032 729
1031 729
1030 729
1029 729
1028 728
1027 728
1026 728
1025 728
1024 727
1023 727
