2729 5415
2728 5416
2727 5416
2726 5416
2725 5416
2724 5417
2723 5417
2722 5418
2721 5418
2720 5418
2719 5418
2718 5419
2717 5419
2716 5420
2715 5420
2714 5420
2713 5420
2713 5421
2712 5422
2711 5422
2710 5422
2709 5422
2708 5423
2707 5423
2706 5424
2705 5424
2704 5425
2703 5425
2702 5426
2701 5426
2700 5427
2699 5427
2698 5428
2697 5428
2696 5428
2695 5428
2694 5429
2693 5429
2692 5430
2691 5430
2690 5430
2689 5430
2689 5431
2688 5432
2687 5432
2686 5433
2685 5433
2684 5434
2683 5434
2682 5435
2681 5436
2680 5437
2679 5437
2678 5438
2677 5438
2677 5439
2676 5440
2675 5440
2674 5440
2673 5440
2672 5441
2671 5442
2670 5443
2669 5443
2668 5444
2667 5445
2666 5446
2665 5446
2665 5447
2664 5448
2663 5448
2662 5448
2661 5448
2660 5449
2659 5449
2658 5450
2657 5450
2656 5451
2655 5451
2655 5452
2654 5453
2653 5454
2652 5455
2651 5455
2651 5456
2650 5457
2649 5457
2648 5458
2647 5459
2647 5460
2646 5461
2645 5462
2644 5463
2643 5463
2642 5464
2641 5465
2640 5466
2639 5467
2639 5468
2638 5469
2637 5469
2637 5470
2636 5471
2636 5472
2635 5473
2634 5473
2634 5474
2633 5475
2632 5476
2631 5477
2630 5478
2629 5479
2629 5480
2628 5481
2627 5482
2626 5483
2626 5484
2625 5485
2625 5486
2624 5487
2624 5488
2623 5489
2622 5489
2622 5490
2622 5491
2621 5492
2620 5493
2620 5494
2619 5495
2619 5496
2618 5497
2618 5498
2617 5499
2617 5500
2617 5501
2617 5502
2616 5503
2616 5504
2616 5505
2616 5506
2615 5507
2615 5508
2614 5509
2614 5510
2613 5511
2613 5512
2612 5513
2612 5514
2611 5515
2611 5516
2610 5517
2610 5518
2610 5519
2610 5520
2609 5521
2609 5522
2608 5523
2608 5524
2608 5525
2607 5526
2606 5527
2606 5528
2606 5529
2606 5530
2605 5531
2605 5532
2604 5533
2604 5534
2604 5535
2604 5536
2603 5537
2603 5538
2602 5539
2602 5540
2602 5541
2601 5542
2601 5543
2600 5544
2600 5545
2599 5546
2599 5547
2599 5548
2599 5549
2599 5550
2599 5551
2599 5552
2599 5553
2599 5554
2599 5555
2599 5556
2599 5557
2599 5558
2599 5559
2599 5560
2599 5561
2599 5562
2599 5563
2599 5564
2599 5565
2599 5566
2599 5567
2599 5568
2599 5569
2599 5570
2600 5571
2600 5572
2600 5573
2600 5574
2601 5575
2601 5576
2601 5577
2601 5578
2601 5579
2601 5580
2601 5581
2601 5582
2601 5583
2601 5584
2602 5585
2602 5586
2602 5587
2602 5588
2603 5589
2603 5590
2603 5591
2603 5592
2603 5593
2603 5594
2603 5595
2603 5596
2603 5597
2603 5598
2603 5599
2603 5600
2604 5601
2604 5602
2604 5603
2604 5604
2605 5605
2605 5606
2605 5607
2605 5608
2605 5609
2605 5610
2605 5611
2605 5612
2605 5613
2605 5614
2605 5615
2605 5616
2605 5617
2605 5618
2606 5619
2606 5620
2606 5621
2606 5622
2607 5623
2607 5624
2607 5625
2607 5626
2608 5627
2608 5628
2608 5629
2608 5630
2609 5631
2609 5632
2609 5633
2609 5634
2610 5635
2610 5636
2610 5637
2610 5638
2611 5639
2611 5640
2611 5641
2611 5642
2612 5643
2612 5644
2612 5645
2612 5646
2613 5647
2613 5648
2613 5649
2613 5650
2614 5651
2614 5652
2614 5653
2614 5654
2615 5655
2615 5656
2615 5657
2615 5658
2616 5659
2616 5660
2616 5661
2617 5662
2617 5663
2618 5664
2618 5665
2619 5666
2619 5667
2619 5668
2619 5669
2619 5670
2620 5671
2620 5672
2620 5673
2620 5674
2621 5675
2622 5676
2622 5677
2622 5678
2623 5679
2624 5680
2624 5681
2625 5682
2625 5683
2626 5684
2627 5685
2627 5686
2628 5687
2628 5688
2629 5689
2630 5690
2631 5691
2631 5692
2632 5693
2633 5694
2633 5695
2634 5696
2634 5697
2635 5698
2636 5699
2637 5700
2637 5701
2638 5702
2639 5703
2640 5704
2641 5705
2641 5706
2642 5706
2643 5707
2643 5708
2644 5709
2645 5710
2646 5710
2647 5711
2647 5712
2648 5712
2649 5713
2649 5714
2650 5714
2651 5715
2651 5716
2652 5717
2653 5718
2654 5718
2655 5719
2655 5720
2656 5720
2657 5721
2657 5722
2658 5722
2659 5723
2659 5724
2660 5724
2661 5725
2662 5726
2663 5726
2664 5727
2665 5728
2666 5728
2667 5729
2667 5730
2668 5730
2669 5731
2670 5732
2671 5732
2672 5733
2673 5733
2674 5734
2675 5734
2676 5735
2677 5736
2678 5736
2679 5737
2680 5737
2681 5738
2682 5738
2683 5739
2684 5739
2685 5740
2686 5740
2687 5741
2688 5741
2689 5742
2689 5743
2690 5743
2691 5744
2692 5744
2693 5745
2694 5745
2695 5746
2696 5746
2697 5747
2698 5747
2699 5747
2700 5747
2701 5748
2701 5749
2702 5749
2703 5749
2704 5749
2705 5750
2706 5750
2707 5751
2708 5751
2709 5751
2710 5751
2711 5752
2712 5752
2713 5753
2714 5753
2715 5753
2716 5754
2717 5754
2718 5754
2719 5754
2720 5754
2721 5754
2722 5754
2723 5754
2724 5754
2725 5754
2726 5754
2727 5754
2728 5754
2729 5755
2730 5755
2731 5755
2732 5755
2733 5756
2734 5756
2735 5756
2736 5756
2737 5756
2738 5756
2739 5756
2740 5756
2741 5755
2742 5755
2743 5755
2744 5755
2745 5754
2746 5754
2747 5753
2748 5753
2749 5752
2750 5752
2751 5751
2752 5751
2752 5750
2753 5749
2754 5749
2755 5748
2756 5748
2756 5747
2757 5746
2758 5746
2759 5745
2760 5744
2760 5743
2761 5742
2762 5742
2763 5741
2763 5740
2764 5739
2765 5738
2766 5738
2767 5737
2768 5737
2768 5736
2769 5735
2770 5735
2771 5734
2772 5734
2773 5733
2774 5732
2775 5732
2776 5731
2777 5731
2778 5730
2779 5730
2780 5729
2781 5728
2782 5727
2783 5726
2784 5725
2785 5724
2786 5723
2786 5722
2787 5721
2788 5720
2788 5719
2789 5718
2790 5717
2791 5716
2792 5715
2792 5714
2793 5713
2793 5712
2794 5711
2794 5710
2794 5709
2794 5708
2794 5707
2795 5706
2795 5705
2795 5704
2796 5703
2796 5702
2796 5701
2796 5700
2796 5699
2796 5698
2796 5697
2796 5696
2796 5695
2796 5694
2796 5693
2796 5692
2796 5691
2796 5690
2796 5689
2796 5688
2796 5687
2797 5686
2797 5685
2797 5684
2797 5683
2798 5682
2798 5681
2798 5680
2798 5679
2798 5678
2798 5677
2798 5676
2798 5675
2798 5674
2798 5673
2798 5672
2798 5671
2798 5670
2798 5669
2798 5668
2798 5667
2798 5666
2798 5665
2798 5664
2798 5663
2798 5662
2798 5661
2798 5660
2798 5659
2798 5658
2798 5657
2798 5656
2798 5655
2798 5654
2798 5653
2798 5652
2798 5651
2798 5650
2798 5649
2798 5648
2798 5647
2798 5646
2798 5645
2798 5644
2798 5643
2798 5642
2798 5641
2798 5640
2798 5639
2798 5638
2798 5637
2798 5636
2798 5635
2798 5634
2798 5633
2798 5632
2798 5631
2798 5630
2798 5629
2798 5628
2798 5627
2798 5626
2798 5625
2798 5624
2798 5623
2798 5622
2798 5621
2798 5620
2798 5619
2798 5618
2798 5617
2798 5616
2798 5615
2798 5614
2798 5613
2798 5612
2798 5611
2798 5610
2798 5609
2797 5608
2797 5607
2797 5606
2797 5605
2796 5604
2796 5603
2796 5602
2796 5601
2796 5600
2796 5599
2796 5598
2796 5597
2796 5596
2796 5595
2796 5594
2796 5593
2796 5592
2796 5591
2796 5590
2796 5589
2796 5588
2796 5587
2796 5586
2796 5585
2796 5584
2796 5583
2796 5582
2796 5581
2796 5580
2796 5579
2796 5578
2796 5577
2796 5576
2796 5575
2796 5574
2796 5573
2796 5572
2796 5571
2796 5570
2796 5569
2796 5568
2796 5567
2796 5566
2796 5565
2796 5564
2796 5563
2796 5562
2796 5561
2796 5560
2796 5559
2796 5558
2796 5557
2796 5556
2796 5555
2796 5554
2796 5553
2796 5552
2796 5551
2796 5550
2796 5549
2796 5548
2796 5547
2796 5546
2795 5545
2795 5544
2795 5543
2794 5542
2794 5541
2794 5540
2794 5539
2794 5538
2794 5537
2794 5536
2794 5535
2794 5534
2794 5533
2794 5532
2794 5531
2794 5530
2794 5529
2794 5528
2794 5527
2794 5526
2794 5525
2794 5524
2794 5523
2794 5522
2794 5521
2794 5520
2794 5519
2794 5518
2794 5517
2794 5516
2794 5515
2794 5514
2794 5513
2794 5512
2794 5511
2794 5510
2794 5509
2794 5508
2794 5507
2794 5506
2794 5505
2794 5504
2794 5503
2794 5502
2794 5501
2794 5500
2794 5499
2794 5498
2794 5497
2794 5496
2794 5495
2794 5494
2794 5493
2794 5492
2794 5491
2794 5490
2794 5489
2794 5488
2794 5487
2794 5486
2794 5485
2794 5484
2794 5483
2794 5482
2794 5481
2794 5480
2794 5479
2794 5478
2794 5477
2794 5476
2794 5475
2794 5474
2794 5473
2794 5472
2794 5471
2794 5470
2794 5469
2794 5468
2794 5467
2794 5466
2794 5465
2794 5464
2794 5463
2795 5462
2795 5461
2795 5460
2795 5459
2796 5458
2796 5457
2796 5456
2796 5455
2796 5454
2796 5453
2796 5452
2796 5451
2795 5450
2794 5449
2794 5448
2793 5447
2792 5446
2792 5445
2792 5444
2792 5443
2792 5442
2792 5441
2792 5440
2792 5439
2792 5438
2792 5437
2792 5436
2792 5435
2792 5434
2792 5433
2791 5432
2791 5431
2791 5430
2791 5429
2790 5428
2790 5427
2789 5426
2789 5425
2788 5424
2788 5423
2787 5422
2787 5421
2786 5421
2785 5420
2784 5419
2783 5419
2782 5418
2781 5418
2780 5418
2779 5418
2778 5417
2777 5417
2776 5416
2775 5416
2774 5416
2773 5415
2772 5415
2771 5415
2770 5415
2769 5415
2768 5415
2767 5415
2766 5415
2765 5415
2764 5415
2763 5415
2762 5415
2761 5415
2760 5415
2759 5415
2758 5415
2757 5415
2756 5415
2755 5415
2754 5415
2753 5415
2752 5415
2751 5415
2750 5415
2749 5415
2748 5415
2747 5415
2746 5415
2745 5415
2744 5415
2743 5415
2742 5415
2741 5415
2740 5415
2739 5415
2738 5415
2737 5415
2736 5415
2735 5415
2734 5415
2733 5415
2732 5415
2731 5415
2730 5415
2729 5415
