2727 2892
2726 2893
2725 2893
2724 2893
2723 2893
2722 2894
2721 2894
2720 2895
2719 2895
2718 2895
2717 2895
2716 2896
2715 2896
2714 2896
2713 2896
2712 2896
2711 2896
2710 2896
2709 2896
2708 2897
2707 2897
2706 2897
2705 2897
2704 2898
2703 2898
2702 2899
2701 2899
2700 2900
2699 2901
2698 2901
2697 2902
2696 2903
2696 2904
2695 2905
2694 2906
2693 2906
2692 2907
2691 2907
2690 2908
2689 2909
2688 2910
2687 2910
2686 2911
2685 2912
2684 2913
2683 2914
2682 2914
2681 2915
2680 2916
2679 2916
2678 2917
2677 2918
2676 2919
2675 2920
2674 2920
2673 2921
2672 2922
2671 2922
2670 2923
2669 2924
2668 2924
2667 2925
2666 2926
2665 2926
2664 2927
2663 2928
2662 2928
2661 2929
2660 2929
2659 2930
2658 2930
2657 2931
2656 2932
2655 2932
2655 2933
2654 2934
2653 2934
2652 2935
2651 2936
2650 2937
2649 2937
2649 2938
2648 2939
2647 2939
2646 2940
2645 2940
2645 2941
2644 2942
2643 2943
2642 2943
2642 2944
2641 2945
2640 2945
2640 2946
2639 2947
2638 2947
2638 2948
2637 2949
2636 2949
2636 2950
2635 2951
2634 2951
2634 2952
2633 2953
2632 2953
2632 2954
2631 2955
2630 2955
2630 2956
2629 2957
2628 2957
2628 2958
2627 2959
2626 2959
2626 2960
2625 2961
2624 2961
2624 2962
2623 2963
2622 2963
2622 2964
2621 2965
2620 2965
2620 2966
2619 2967
2618 2967
2618 2968
2617 2969
2616 2969
2616 2970
2615 2971
2614 2971
2614 2972
2613 2973
2612 2973
2612 2974
2611 2975
2610 2975
2610 2976
2609 2977
2608 2977
2608 2978
2607 2979
2606 2979
2606 2980
2605 2981
2604 2982
2604 2983
2603 2984
2602 2985
2602 2986
2601 2987
2600 2987
2600 2988
2600 2989
2599 2990
2599 2991
2598 2992
2598 2993
2598 2994
2597 2995
2596 2996
2596 2997
2595 2998
2595 2999
2594 3000
2593 3001
2593 3002
2592 3003
2592 3004
2592 3005
2591 3006
2591 3007
2591 3008
2590 3009
2589 3010
2589 3011
2588 3012
2588 3013
2587 3014
2587 3015
2586 3016
2586 3017
2586 3018
2585 3019
2585 3020
2584 3021
2584 3022
2583 3023
2582 3024
2582 3025
2582 3026
2582 3027
2581 3028
2580 3028
2580 3029
2580 3030
2580 3031
2579 3032
2579 3033
2578 3034
2578 3035
2578 3036
2577 3037
2577 3038
2576 3039
2576 3040
2576 3041
2575 3042
2575 3043
2574 3044
2574 3045
2574 3046
2574 3047
2573 3048
2572 3048
2572 3049
2572 3050
2571 3051
2570 3052
2570 3053
2570 3054
2570 3055
2569 3056
2569 3057
2568 3058
2568 3059
2568 3060
2568 3061
2567 3062
2566 3062
2566 3063
2566 3064
2565 3065
2565 3066
2565 3067
2564 3068
2564 3069
2564 3070
2564 3071
2563 3072
2563 3073
2562 3074
2562 3075
2562 3076
2562 3077
2561 3078
2561 3079
2561 3080
2561 3081
2561 3082
2561 3083
2561 3084
2561 3085
2560 3086
2560 3087
2560 3088
2559 3089
2559 3090
2559 3091
2559 3092
2559 3093
2559 3094
2559 3095
2559 3096
2559 3097
2559 3098
2559 3099
2558 3100
2558 3101
2558 3102
2558 3103
2557 3104
2557 3105
2557 3106
2557 3107
2557 3108
2557 3109
2557 3110
2557 3111
2557 3112
2557 3113
2557 3114
2557 3115
2556 3116
2556 3117
2556 3118
2556 3119
2555 3120
2555 3121
2555 3122
2555 3123
2555 3124
2555 3125
2555 3126
2555 3127
2555 3128
2555 3129
2554 3130
2554 3131
2554 3132
2554 3133
2553 3134
2553 3135
2553 3136
2553 3137
2553 3138
2553 3139
2553 3140
2553 3141
2553 3142
2553 3143
2553 3144
2553 3145
2553 3146
2553 3147
2553 3148
2553 3149
2553 3150
2553 3151
2553 3152
2553 3153
2553 3154
2553 3155
2553 3156
2553 3157
2553 3158
2553 3159
2553 3160
2553 3161
2553 3162
2553 3163
2553 3164
2553 3165
2553 3166
2553 3167
2553 3168
2553 3169
2553 3170
2553 3171
2553 3172
2553 3173
2553 3174
2553 3175
2553 3176
2553 3177
2553 3178
2553 3179
2553 3180
2553 3181
2553 3182
2553 3183
2553 3184
2553 3185
2553 3186
2553 3187
2553 3188
2553 3189
2553 3190
2553 3191
2553 3192
2553 3193
2553 3194
2553 3195
2553 3196
2553 3197
2553 3198
2553 3199
2553 3200
2553 3201
2553 3202
2553 3203
2553 3204
2553 3205
2553 3206
2553 3207
2553 3208
2553 3209
2554 3210
2554 3211
2554 3212
2554 3213
2555 3214
2555 3215
2555 3216
2555 3217
2555 3218
2555 3219
2555 3220
2555 3221
2555 3222
2555 3223
2555 3224
2555 3225
2555 3226
2555 3227
2555 3228
2555 3229
2556 3230
2556 3231
2556 3232
2556 3233
2557 3234
2557 3235
2557 3236
2557 3237
2557 3238
2557 3239
2557 3240
2557 3241
2558 3242
2558 3243
2558 3244
2558 3245
2559 3246
2559 3247
2559 3248
2559 3249
2559 3250
2559 3251
2559 3252
2559 3253
2560 3254
2560 3255
2560 3256
2560 3257
2561 3258
2561 3259
2561 3260
2561 3261
2561 3262
2561 3263
2562 3264
2562 3265
2562 3266
2562 3267
2563 3268
2563 3269
2563 3270
2563 3271
2563 3272
2563 3273
2563 3274
2563 3275
2564 3276
2564 3277
2564 3278
2564 3279
2565 3280
2565 3281
2566 3282
2566 3283
2566 3284
2566 3285
2567 3286
2567 3287
2567 3288
2568 3289
2568 3290
2568 3291
2569 3292
2569 3293
2570 3294
2570 3295
2570 3296
2571 3297
2571 3298
2572 3299
2572 3300
2572 3301
2573 3302
2574 3303
2574 3304
2575 3305
2576 3306
2577 3307
2577 3308
2578 3309
2578 3310
2579 3311
2579 3312
2580 3313
2580 3314
2581 3315
2581 3316
2582 3317
2582 3318
2583 3319
2583 3320
2584 3321
2585 3322
2585 3323
2586 3324
2587 3325
2587 3326
2588 3327
2588 3328
2588 3329
2589 3330
2590 3331
2591 3332
2591 3333
2592 3334
2593 3335
2594 3336
2594 3337
2595 3338
2595 3339
2596 3340
2596 3341
2597 3342
2597 3343
2598 3344
2599 3345
2599 3346
2600 3347
2601 3348
2601 3349
2602 3349
2603 3350
2603 3351
2604 3352
2605 3353
2605 3354
2606 3355
2607 3356
2607 3357
2608 3357
2609 3358
2610 3359
2610 3360
2611 3360
2612 3361
2612 3362
2613 3362
2614 3363
2614 3364
2615 3365
2616 3366
2617 3367
2617 3368
2618 3369
2619 3370
2619 3371
2620 3372
2621 3372
2622 3373
2623 3374
2624 3375
2624 3376
2625 3376
2626 3377
2626 3378
2627 3378
2628 3379
2628 3380
2629 3380
2630 3381
2630 3382
2631 3382
2632 3383
2632 3384
2633 3384
2634 3385
2634 3386
2635 3386
2636 3387
2636 3388
2637 3388
2638 3389
2638 3390
2639 3390
2640 3391
2640 3392
2641 3392
2642 3393
2642 3394
2643 3394
2644 3395
2645 3396
2645 3397
2646 3397
2647 3398
2648 3398
2649 3399
2649 3400
2650 3400
2651 3401
2652 3402
2653 3403
2654 3403
2655 3404
2655 3405
2656 3405
2657 3406
2658 3407
2659 3408
2660 3409
2661 3409
2662 3410
2663 3411
2664 3412
2665 3413
2666 3413
2667 3414
2668 3415
2669 3416
2670 3416
2671 3416
2672 3416
2673 3417
2674 3417
2675 3418
2676 3418
2677 3418
2678 3419
2679 3419
2680 3420
2681 3420
2682 3420
2683 3421
2684 3421
2685 3422
2686 3422
2687 3422
2688 3422
2689 3423
2690 3423
2691 3424
2692 3424
2693 3424
2694 3425
2695 3425
2696 3426
2697 3426
2698 3426
2699 3427
2700 3427
2701 3427
2702 3427
2703 3427
2704 3427
2705 3427
2706 3427
2707 3427
2708 3427
2709 3427
2710 3427
2711 3427
2712 3427
2713 3427
2714 3427
2715 3427
2716 3427
2717 3427
2718 3427
2719 3427
2720 3427
2721 3427
2722 3427
2723 3427
2724 3427
2725 3427
2726 3427
2727 3426
2728 3426
2729 3426
2730 3425
2731 3425
2732 3425
2733 3425
2734 3425
2735 3425
2736 3425
2737 3425
2738 3425
2739 3425
2740 3425
2741 3425
2742 3425
2743 3425
2744 3425
2745 3425
2746 3425
2747 3425
2748 3425
2749 3425
2750 3425
2751 3425
2752 3425
2753 3425
2754 3425
2755 3425
2756 3425
2757 3425
2758 3425
2759 3424
2760 3424
2761 3424
2762 3424
2763 3423
2764 3423
2765 3423
2766 3423
2767 3423
2768 3423
2769 3423
2770 3423
2771 3423
2772 3423
2773 3423
2774 3423
2775 3423
2776 3423
2777 3424
2778 3424
2779 3425
2780 3426
2781 3427
2782 3427
2783 3428
2783 3429
2784 3429
2785 3430
2786 3431
2786 3432
2787 3433
2788 3433
2789 3434
2790 3434
2791 3435
2792 3435
2793 3435
2794 3435
2795 3434
2796 3434
2797 3433
2798 3433
2799 3432
2799 3431
2800 3430
2801 3430
2802 3429
2802 3428
2803 3427
2804 3426
2805 3426
2806 3425
2806 3424
2807 3423
2808 3422
2808 3421
2808 3420
2808 3419
2808 3418
2809 3417
2810 3417
2811 3417
2812 3417
2813 3417
2814 3417
2815 3417
2816 3417
2817 3417
2818 3417
2819 3417
2820 3417
2821 3417
2822 3417
2823 3416
2824 3416
2825 3416
2826 3415
2827 3414
2827 3413
2828 3412
2829 3411
2830 3410
2830 3409
2831 3408
2832 3407
2833 3406
2834 3405
2835 3404
2836 3404
2837 3404
2838 3404
2839 3405
2840 3406
2841 3406
2842 3407
2842 3408
2843 3409
2844 3410
2844 3411
2845 3412
2845 3413
2845 3414
2845 3415
2844 3416
2844 3417
2844 3418
2844 3419
2843 3420
2843 3421
2844 3421
2845 3421
2846 3421
2847 3421
2848 3421
2849 3421
2850 3421
2851 3421
2852 3421
2853 3421
2854 3421
2855 3421
2856 3421
2857 3420
2858 3420
2859 3419
2860 3418
2861 3418
2862 3417
2863 3416
2864 3416
2864 3415
2865 3414
2866 3414
2867 3413
2868 3413
2868 3412
2869 3411
2870 3410
2871 3410
2872 3409
2873 3408
2874 3408
2874 3407
2875 3406
2876 3406
2877 3405
2878 3405
2878 3404
2879 3403
2880 3403
2881 3402
2882 3401
2883 3400
2883 3399
2884 3398
2885 3397
2885 3396
2885 3395
2886 3394
2886 3393
2887 3392
2887 3391
2888 3390
2888 3389
2889 3388
2890 3387
2890 3386
2891 3385
2891 3384
2892 3383
2893 3383
2893 3382
2894 3381
2894 3380
2895 3379
2896 3378
2896 3377
2897 3376
2898 3375
2898 3374
2899 3373
2899 3372
2900 3371
2900 3370
2900 3369
2900 3368
2901 3367
2901 3366
2902 3365
2902 3364
2903 3363
2904 3362
2904 3361
2904 3360
2904 3359
2904 3358
2905 3357
2905 3356
2905 3355
2905 3354
2906 3353
2906 3352
2906 3351
2906 3350
2907 3349
2907 3348
2908 3347
2909 3346
2909 3345
2909 3344
2910 3343
2910 3342
2911 3341
2911 3340
2912 3339
2912 3338
2913 3337
2913 3336
2914 3335
2914 3334
2914 3333
2914 3332
2913 3331
2913 3330
2913 3329
2913 3328
2912 3327
2912 3326
2912 3325
2912 3324
2912 3323
2912 3322
2912 3321
2912 3320
2912 3319
2912 3318
2912 3317
2912 3316
2912 3315
2912 3314
2912 3313
2912 3312
2912 3311
2912 3310
2912 3309
2912 3308
2913 3307
2913 3306
2913 3305
2914 3304
2915 3304
2916 3303
2917 3302
2918 3302
2919 3301
2920 3301
2921 3301
2922 3301
2923 3300
2924 3300
2925 3300
2926 3299
2926 3298
2927 3297
2927 3296
2928 3295
2928 3294
2928 3293
2928 3292
2929 3291
2929 3290
2929 3289
2930 3288
2930 3287
2930 3286
2930 3285
2930 3284
2930 3283
2930 3282
2930 3281
2930 3280
2931 3279
2931 3278
2931 3277
2931 3276
2932 3275
2932 3274
2932 3273
2932 3272
2932 3271
2932 3270
2932 3269
2932 3268
2933 3267
2933 3266
2933 3265
2933 3264
2934 3263
2934 3262
2934 3261
2934 3260
2934 3259
2934 3258
2934 3257
2934 3256
2934 3255
2934 3254
2934 3253
2934 3252
2934 3251
2934 3250
2934 3249
2935 3248
2935 3247
2935 3246
2936 3245
2936 3244
2936 3243
2936 3242
2936 3241
2936 3240
2936 3239
2936 3238
2936 3237
2936 3236
2936 3235
2936 3234
2936 3233
2936 3232
2937 3231
2937 3230
2937 3229
2937 3228
2938 3227
2938 3226
2938 3225
2938 3224
2938 3223
2938 3222
2938 3221
2938 3220
2938 3219
2938 3218
2938 3217
2938 3216
2939 3215
2939 3214
2939 3213
2939 3212
2940 3211
2940 3210
2940 3209
2940 3208
2941 3207
2941 3206
2941 3205
2941 3204
2942 3203
2942 3202
2942 3201
2942 3200
2942 3199
2942 3198
2942 3197
2942 3196
2942 3195
2942 3194
2942 3193
2942 3192
2942 3191
2942 3190
2942 3189
2942 3188
2942 3187
2942 3186
2942 3185
2942 3184
2942 3183
2942 3182
2942 3181
2942 3180
2942 3179
2942 3178
2942 3177
2942 3176
2942 3175
2942 3174
2941 3173
2941 3172
2941 3171
2941 3170
2940 3169
2940 3168
2940 3167
2940 3166
2940 3165
2940 3164
2940 3163
2940 3162
2940 3161
2940 3160
2940 3159
2940 3158
2940 3157
2940 3156
2939 3155
2939 3154
2939 3153
2939 3152
2938 3151
2938 3150
2938 3149
2938 3148
2938 3147
2938 3146
2938 3145
2938 3144
2938 3143
2938 3142
2938 3141
2938 3140
2938 3139
2938 3138
2938 3137
2938 3136
2938 3135
2938 3134
2938 3133
2938 3132
2938 3131
2938 3130
2938 3129
2938 3128
2937 3127
2937 3126
2937 3125
2937 3124
2936 3123
2936 3122
2936 3121
2936 3120
2936 3119
2936 3118
2936 3117
2936 3116
2935 3115
2935 3114
2935 3113
2934 3112
2934 3111
2934 3110
2934 3109
2934 3108
2934 3107
2934 3106
2934 3105
2934 3104
2934 3103
2934 3102
2934 3101
2934 3100
2934 3099
2934 3098
2934 3097
2934 3096
2933 3095
2933 3094
2933 3093
2933 3092
2932 3091
2932 3090
2932 3089
2932 3088
2932 3087
2932 3086
2932 3085
2932 3084
2931 3083
2931 3082
2931 3081
2930 3080
2930 3079
2930 3078
2929 3077
2929 3076
2929 3075
2929 3074
2928 3073
2928 3072
2927 3071
2927 3070
2927 3069
2927 3068
2926 3067
2925 3066
2925 3065
2924 3064
2924 3063
2923 3062
2923 3061
2923 3060
2922 3059
2921 3058
2921 3057
2921 3056
2920 3055
2920 3054
2920 3053
2920 3052
2919 3051
2919 3050
2919 3049
2918 3048
2918 3047
2918 3046
2918 3045
2918 3044
2918 3043
2918 3042
2918 3041
2917 3040
2917 3039
2917 3038
2916 3038
2915 3037
2915 3036
2915 3035
2915 3034
2914 3033
2914 3032
2914 3031
2914 3030
2914 3029
2914 3028
2914 3027
2914 3026
2914 3025
2913 3024
2913 3023
2913 3022
2912 3021
2912 3020
2911 3019
2911 3018
2911 3017
2911 3016
2910 3016
2909 3015
2909 3014
2909 3013
2909 3012
2908 3011
2908 3010
2907 3009
2907 3008
2906 3007
2906 3006
2905 3005
2904 3004
2903 3003
2902 3002
2902 3001
2901 3000
2900 2999
2900 2998
2899 2997
2899 2996
2898 2995
2897 2994
2896 2993
2896 2992
2895 2991
2894 2990
2893 2989
2893 2988
2892 2987
2892 2986
2891 2985
2891 2984
2891 2983
2891 2982
2890 2982
2889 2981
2889 2980
2889 2979
2889 2978
2888 2977
2888 2976
2888 2975
2887 2974
2886 2973
2886 2972
2885 2971
2885 2970
2884 2969
2884 2968
2884 2967
2883 2966
2882 2965
2882 2964
2881 2963
2880 2963
2879 2962
2879 2961
2878 2960
2877 2959
2876 2958
2875 2958
2874 2957
2873 2956
2872 2956
2871 2955
2870 2955
2869 2955
2868 2954
2868 2953
2867 2953
2866 2952
2865 2952
2864 2951
2863 2950
2862 2949
2862 2948
2861 2947
2860 2946
2860 2945
2859 2944
2859 2943
2859 2942
2858 2941
2858 2940
2857 2939
2857 2938
2856 2937
2855 2936
2855 2935
2854 2935
2853 2934
2853 2933
2852 2933
2851 2932
2851 2931
2850 2931
2849 2930
2849 2929
2848 2929
2847 2928
2847 2927
2846 2926
2845 2926
2844 2925
2843 2925
2842 2924
2841 2923
2840 2922
2839 2922
2838 2921
2837 2920
2836 2920
2835 2919
2834 2918
2833 2917
2832 2917
2831 2916
2830 2915
2829 2915
2828 2915
2827 2914
2826 2914
2825 2913
2824 2913
2823 2912
2822 2911
2821 2911
2820 2910
2819 2910
2818 2909
2817 2909
2816 2908
2815 2908
2814 2907
2813 2907
2812 2907
2811 2907
2810 2906
2809 2906
2808 2905
2807 2905
2806 2905
2805 2905
2804 2904
2804 2903
2803 2903
2802 2903
2801 2903
2800 2902
2800 2901
2799 2901
2798 2901
2797 2901
2796 2900
2795 2900
2794 2900
2793 2900
2792 2899
2791 2899
2790 2899
2789 2899
2788 2898
2787 2898
2786 2897
2785 2897
2784 2897
2783 2897
2782 2896
2781 2896
2780 2895
2779 2895
2778 2895
2777 2895
2776 2894
2775 2894
2774 2894
2773 2894
2772 2894
2771 2894
2770 2894
2769 2894
2768 2893
2767 2893
2766 2893
2765 2893
2764 2892
2763 2892
2762 2892
2761 2892
2760 2892
2759 2892
2758 2892
2757 2892
2756 2892
2755 2892
2754 2892
2753 2892
2752 2892
2751 2892
2750 2892
2749 2892
2748 2892
2747 2892
2746 2892
2745 2892
2744 2892
2743 2892
2742 2892
2741 2892
2740 2892
2739 2892
2738 2892
2737 2892
2736 2892
2735 2892
2734 2892
2733 2892
2732 2892
2731 2892
2730 2892
2729 2892
2728 2892
2727 2892
