989 2586
988 2587
987 2587
986 2588
985 2588
984 2589
983 2589
982 2590
981 2590
980 2590
979 2590
978 2590
977 2590
976 2591
975 2591
974 2591
973 2591
972 2592
971 2592
970 2592
969 2592
968 2592
967 2592
966 2592
965 2592
964 2593
963 2593
962 2594
961 2594
960 2595
959 2595
958 2596
957 2596
956 2596
955 2596
954 2596
953 2596
952 2596
951 2596
950 2596
949 2596
948 2596
947 2596
946 2596
945 2596
944 2597
943 2597
942 2598
941 2598
940 2599
939 2599
938 2600
937 2600
936 2601
935 2601
934 2602
933 2603
932 2603
931 2604
930 2605
929 2605
928 2606
927 2606
926 2606
925 2606
924 2607
923 2607
922 2607
921 2607
920 2608
919 2608
918 2609
917 2609
916 2609
915 2609
914 2610
913 2610
912 2611
911 2611
910 2612
909 2612
909 2613
908 2614
907 2614
906 2615
905 2615
905 2616
904 2617
903 2617
902 2618
901 2618
900 2619
899 2620
898 2620
897 2621
896 2622
895 2622
894 2623
894 2624
893 2625
892 2626
891 2626
891 2627
890 2628
889 2628
888 2629
887 2630
886 2631
885 2632
884 2633
883 2634
882 2635
881 2635
881 2636
880 2637
879 2637
878 2638
877 2638
876 2639
876 2640
875 2641
875 2642
874 2643
873 2644
872 2645
871 2646
871 2647
870 2648
869 2649
868 2650
867 2650
867 2651
866 2652
865 2652
864 2653
863 2654
862 2655
861 2656
861 2657
860 2658
859 2659
858 2660
858 2661
858 2662
857 2663
857 2664
856 2665
855 2666
854 2667
853 2668
853 2669
852 2670
851 2671
850 2672
850 2673
849 2674
848 2675
847 2676
847 2677
846 2678
845 2679
844 2679
843 2680
842 2681
842 2682
841 2683
840 2683
839 2684
839 2685
838 2686
837 2687
836 2687
835 2688
834 2689
834 2690
833 2691
832 2691
831 2692
831 2693
830 2694
829 2695
829 2696
829 2697
829 2698
829 2699
828 2700
828 2701
828 2702
827 2703
827 2704
826 2705
826 2706
826 2707
825 2708
825 2709
825 2710
825 2711
825 2712
825 2713
824 2714
824 2715
824 2716
824 2717
823 2718
823 2719
823 2720
823 2721
822 2722
822 2723
822 2724
822 2725
821 2726
820 2726
820 2727
820 2728
820 2729
819 2730
819 2731
818 2732
818 2733
817 2734
817 2735
816 2736
816 2737
815 2738
815 2739
814 2740
814 2741
813 2742
813 2743
812 2744
811 2745
811 2746
810 2747
810 2748
809 2749
809 2750
808 2751
807 2752
807 2753
806 2754
806 2755
805 2756
805 2757
805 2758
805 2759
805 2760
805 2761
805 2762
805 2763
805 2764
805 2765
805 2766
805 2767
805 2768
805 2769
805 2770
805 2771
805 2772
805 2773
805 2774
805 2775
804 2776
804 2777
804 2778
803 2779
802 2780
802 2781
801 2782
801 2783
801 2784
801 2785
801 2786
801 2787
801 2788
801 2789
801 2790
801 2791
801 2792
801 2793
801 2794
801 2795
801 2796
801 2797
801 2798
801 2799
801 2800
801 2801
801 2802
801 2803
801 2804
801 2805
801 2806
801 2807
801 2808
801 2809
801 2810
801 2811
801 2812
801 2813
801 2814
801 2815
800 2816
799 2817
799 2818
798 2819
797 2820
797 2821
797 2822
797 2823
797 2824
797 2825
797 2826
797 2827
797 2828
797 2829
797 2830
797 2831
797 2832
797 2833
798 2834
798 2835
799 2836
799 2837
800 2838
801 2839
801 2840
802 2841
802 2842
802 2843
803 2844
803 2845
803 2846
803 2847
803 2848
803 2849
803 2850
803 2851
803 2852
803 2853
803 2854
803 2855
803 2856
803 2857
803 2858
803 2859
803 2860
803 2861
803 2862
803 2863
803 2864
803 2865
803 2866
803 2867
803 2868
803 2869
803 2870
803 2871
804 2872
804 2873
804 2874
804 2875
805 2876
805 2877
805 2878
805 2879
806 2880
806 2881
806 2882
806 2883
807 2884
807 2885
808 2886
808 2887
808 2888
808 2889
809 2890
809 2891
809 2892
809 2893
810 2894
810 2895
811 2896
812 2897
812 2898
812 2899
813 2900
813 2901
814 2902
814 2903
814 2904
814 2905
815 2906
815 2907
815 2908
815 2909
815 2910
815 2911
815 2912
815 2913
815 2914
815 2915
815 2916
815 2917
815 2918
815 2919
815 2920
816 2921
816 2922
817 2923
817 2924
818 2925
818 2926
819 2927
819 2928
820 2929
820 2930
820 2931
821 2932
821 2933
822 2934
822 2935
822 2936
823 2937
824 2938
825 2939
825 2940
826 2941
826 2942
826 2943
827 2944
827 2945
828 2946
828 2947
828 2948
828 2949
829 2950
829 2951
829 2952
830 2953
830 2954
830 2955
831 2955
832 2956
832 2957
832 2958
832 2959
833 2960
833 2961
834 2962
834 2963
834 2964
835 2965
836 2966
836 2967
836 2968
837 2969
838 2969
839 2970
839 2971
840 2972
841 2973
841 2974
842 2975
842 2976
842 2977
843 2978
844 2979
845 2980
845 2981
846 2982
847 2983
848 2984
849 2985
849 2986
850 2987
851 2988
851 2989
852 2990
852 2991
853 2992
853 2993
853 2994
853 2995
854 2996
854 2997
855 2998
855 2999
856 3000
857 3000
858 3001
858 3002
859 3002
860 3003
860 3004
861 3004
862 3005
862 3006
863 3006
864 3007
864 3008
865 3008
866 3009
866 3010
867 3011
868 3012
869 3012
870 3013
871 3014
871 3015
872 3016
873 3017
873 3018
874 3019
875 3020
875 3021
876 3022
876 3023
877 3023
878 3024
878 3025
879 3026
879 3027
880 3027
881 3028
881 3029
882 3029
883 3030
883 3031
884 3031
885 3032
885 3033
886 3034
887 3035
888 3036
889 3037
890 3037
891 3038
891 3039
892 3039
893 3040
894 3041
894 3042
895 3043
896 3043
897 3044
898 3045
899 3046
900 3046
901 3047
902 3047
903 3048
903 3049
904 3050
905 3050
906 3051
907 3052
907 3053
908 3054
909 3054
910 3055
910 3056
911 3057
912 3058
913 3058
914 3059
915 3060
915 3061
916 3061
917 3062
918 3063
919 3064
920 3064
921 3064
922 3065
923 3066
924 3066
925 3067
926 3067
927 3068
928 3068
929 3069
930 3069
931 3070
932 3070
933 3071
934 3072
935 3072
936 3072
937 3073
938 3073
939 3074
940 3074
941 3075
942 3076
943 3076
944 3077
945 3078
946 3078
947 3079
948 3079
949 3080
950 3080
951 3081
952 3081
953 3082
954 3083
955 3084
956 3084
957 3085
957 3086
958 3086
959 3086
960 3086
961 3087
962 3087
963 3087
964 3087
965 3087
966 3087
967 3087
968 3087
969 3087
970 3087
971 3088
972 3088
973 3088
974 3089
975 3089
976 3090
977 3091
978 3091
979 3092
980 3093
981 3093
982 3093
983 3093
984 3093
985 3093
986 3093
987 3093
988 3093
989 3093
990 3093
991 3093
992 3093
993 3093
994 3093
995 3094
996 3094
997 3094
998 3094
999 3095
1000 3095
1001 3095
1002 3095
1003 3095
1004 3095
1005 3095
1006 3095
1007 3095
1008 3095
1009 3095
1010 3095
1011 3095
1012 3095
1013 3095
1014 3095
1015 3095
1016 3095
1017 3095
1018 3095
1019 3095
1020 3095
1021 3095
1022 3095
1023 3095
1024 3095
1025 3094
1026 3094
1027 3094
1028 3094
1029 3093
1030 3093
1031 3093
1032 3093
1033 3093
1034 3093
1035 3093
1036 3093
1037 3092
1038 3092
1039 3092
1040 3092
1041 3091
1042 3091
1043 3090
1044 3090
1045 3090
1046 3090
1047 3089
1048 3089
1049 3089
1050 3089
1051 3089
1052 3089
1053 3088
1054 3088
1055 3087
1056 3087
1057 3086
1058 3085
1059 3085
1060 3084
1061 3083
1062 3083
1062 3082
1063 3081
1064 3081
1065 3080
1066 3080
1067 3079
1068 3079
1069 3078
1070 3078
1071 3077
1072 3077
1073 3076
1074 3075
1075 3074
1076 3073
1077 3073
1078 3072
1079 3071
1080 3071
1081 3070
1082 3069
1083 3069
1084 3068
1085 3067
1086 3067
1086 3066
1087 3065
1088 3065
1089 3064
1090 3064
1090 3063
1091 3062
1092 3062
1093 3061
1094 3061
1095 3060
1096 3060
1097 3059
1098 3058
1099 3057
1100 3057
1100 3056
1101 3055
1102 3054
1103 3053
1103 3052
1103 3051
1104 3050
1104 3049
1105 3048
1106 3047
1107 3046
1108 3046
1109 3045
1110 3044
1111 3043
1112 3042
1113 3042
1114 3041
1115 3040
1115 3039
1116 3038
1117 3037
1117 3036
1117 3035
1118 3034
1118 3033
1119 3032
1119 3031
1120 3030
1120 3029
1121 3028
1121 3027
1122 3026
1123 3025
1123 3024
1124 3023
1124 3022
1125 3021
1125 3020
1126 3019
1127 3018
1128 3017
1129 3016
1129 3015
1130 3014
1131 3014
1131 3013
1132 3012
1133 3011
1133 3010
1134 3009
1135 3008
1135 3007
1136 3006
1137 3006
1137 3005
1138 3004
1138 3003
1139 3002
1140 3001
1141 3000
1142 2999
1143 2998
1143 2997
1144 2996
1145 2995
1146 2994
1146 2993
1147 2992
1147 2991
1147 2990
1148 2989
1148 2988
1149 2987
1149 2986
1149 2985
1150 2984
1151 2983
1152 2982
1152 2981
1153 2980
1153 2979
1153 2978
1154 2977
1154 2976
1155 2975
1155 2974
1155 2973
1155 2972
1156 2971
1156 2970
1156 2969
1156 2968
1156 2967
1157 2966
1158 2965
1159 2964
1159 2963
1160 2962
1161 2961
1162 2960
1162 2959
1163 2958
1164 2957
1164 2956
1165 2955
1165 2954
1166 2953
1166 2952
1167 2951
1167 2950
1167 2949
1168 2948
1168 2947
1169 2946
1170 2945
1170 2944
1171 2943
1171 2942
1172 2941
1172 2940
1172 2939
1172 2938
1172 2937
1172 2936
1172 2935
1172 2934
1172 2933
1172 2932
1172 2931
1172 2930
1172 2929
1172 2928
1172 2927
1172 2926
1172 2925
1172 2924
1172 2923
1172 2922
1172 2921
1172 2920
1172 2919
1172 2918
1173 2917
1173 2916
1173 2915
1173 2914
1174 2913
1174 2912
1174 2911
1174 2910
1174 2909
1174 2908
1174 2907
1174 2906
1174 2905
1174 2904
1174 2903
1174 2902
1174 2901
1174 2900
1174 2899
1174 2898
1174 2897
1174 2896
1175 2895
1175 2894
1175 2893
1175 2892
1176 2891
1176 2890
1176 2889
1176 2888
1176 2887
1176 2886
1177 2885
1177 2884
1177 2883
1177 2882
1178 2881
1178 2880
1178 2879
1178 2878
1178 2877
1178 2876
1178 2875
1178 2874
1178 2873
1177 2872
1177 2871
1177 2870
1176 2869
1176 2868
1176 2867
1176 2866
1176 2865
1176 2864
1176 2863
1176 2862
1176 2861
1176 2860
1176 2859
1176 2858
1176 2857
1176 2856
1176 2855
1176 2854
1176 2853
1176 2852
1176 2851
1176 2850
1176 2849
1176 2848
1176 2847
1176 2846
1176 2845
1176 2844
1176 2843
1176 2842
1176 2841
1176 2840
1176 2839
1176 2838
1176 2837
1176 2836
1176 2835
1176 2834
1176 2833
1176 2832
1176 2831
1176 2830
1176 2829
1176 2828
1176 2827
1176 2826
1176 2825
1176 2824
1176 2823
1176 2822
1176 2821
1176 2820
1176 2819
1176 2818
1176 2817
1176 2816
1176 2815
1176 2814
1176 2813
1176 2812
1176 2811
1176 2810
1176 2809
1176 2808
1176 2807
1176 2806
1176 2805
1176 2804
1176 2803
1176 2802
1176 2801
1176 2800
1176 2799
1176 2798
1175 2797
1174 2796
1174 2795
1173 2794
1172 2793
1172 2792
1172 2791
1172 2790
1172 2789
1172 2788
1171 2787
1171 2786
1171 2785
1171 2784
1170 2783
1170 2782
1170 2781
1170 2780
1170 2779
1169 2778
1169 2777
1168 2776
1168 2775
1168 2774
1167 2773
1167 2772
1166 2771
1166 2770
1165 2769
1165 2768
1164 2767
1164 2766
1164 2765
1164 2764
1164 2763
1164 2762
1164 2761
1164 2760
1164 2759
1164 2758
1164 2757
1164 2756
1164 2755
1164 2754
1164 2753
1164 2752
1163 2751
1162 2750
1162 2749
1161 2748
1160 2747
1160 2746
1160 2745
1160 2744
1160 2743
1160 2742
1160 2741
1159 2740
1158 2739
1158 2738
1157 2737
1156 2736
1155 2735
1154 2734
1153 2733
1153 2732
1152 2731
1152 2730
1152 2729
1151 2728
1150 2727
1150 2726
1149 2725
1148 2724
1147 2723
1146 2722
1146 2721
1145 2720
1145 2719
1144 2718
1144 2717
1143 2716
1143 2715
1143 2714
1142 2713
1142 2712
1141 2711
1141 2710
1140 2709
1140 2708
1139 2707
1139 2706
1138 2705
1138 2704
1138 2703
1138 2702
1137 2701
1137 2700
1136 2699
1136 2698
1135 2697
1134 2696
1134 2695
1133 2694
1133 2693
1132 2692
1132 2691
1131 2690
1131 2689
1130 2688
1130 2687
1129 2686
1128 2685
1128 2684
1127 2683
1127 2682
1126 2681
1126 2680
1125 2679
1125 2678
1124 2677
1124 2676
1123 2675
1122 2674
1122 2673
1121 2672
1120 2671
1119 2670
1119 2669
1118 2668
1118 2667
1117 2666
1116 2665
1115 2664
1114 2663
1114 2662
1113 2661
1112 2660
1111 2659
1110 2658
1110 2657
1109 2656
1108 2655
1107 2654
1106 2653
1105 2652
1104 2651
1103 2650
1102 2649
1102 2648
1101 2647
1100 2647
1099 2646
1098 2645
1098 2644
1097 2643
1096 2643
1095 2642
1095 2641
1094 2641
1093 2640
1093 2639
1092 2639
1091 2638
1090 2637
1090 2636
1089 2635
1088 2635
1087 2634
1087 2633
1086 2632
1085 2631
1084 2631
1083 2630
1082 2629
1082 2628
1081 2627
1080 2627
1079 2626
1079 2625
1078 2625
1077 2624
1077 2623
1076 2623
1075 2622
1074 2621
1074 2620
1073 2619
1072 2619
1071 2618
1071 2617
1070 2616
1069 2615
1068 2614
1067 2614
1066 2613
1065 2612
1064 2611
1063 2611
1062 2610
1061 2610
1060 2609
1059 2609
1058 2608
1057 2607
1056 2607
1055 2607
1054 2606
1053 2606
1052 2605
1051 2605
1050 2605
1049 2605
1048 2604
1048 2603
1047 2603
1046 2603
1045 2603
1044 2602
1043 2602
1042 2601
1041 2601
1040 2600
1039 2600
1038 2599
1037 2598
1036 2598
1035 2597
1034 2597
1033 2597
1032 2596
1031 2596
1030 2596
1029 2596
1028 2596
1027 2596
1026 2595
1025 2595
1024 2594
1023 2594
1022 2593
1021 2593
1020 2592
1019 2592
1018 2592
1017 2592
1016 2592
1015 2592
1014 2592
1013 2592
1012 2592
1011 2592
1010 2592
1009 2591
1008 2591
1007 2591
1006 2590
1005 2590
1004 2590
1003 2590
1002 2589
1001 2589
1000 2589
999 2589
998 2588
998 2587
997 2587
996 2587
995 2587
994 2586
993 2586
992 2586
991 2586
990 2586
989 2586
