343 126
342 127
341 127
340 127
339 127
338 128
337 128
336 128
335 128
334 128
333 128
332 128
331 128
330 128
329 128
328 128
327 128
326 128
325 128
324 128
323 128
322 128
321 128
320 128
319 128
318 128
317 128
316 128
315 128
314 128
313 128
312 129
311 129
310 129
309 129
308 130
307 131
306 131
305 131
304 132
303 132
302 132
301 132
300 132
299 132
298 132
297 132
296 132
295 132
294 132
293 132
292 132
291 133
290 134
289 134
288 135
287 135
286 136
285 136
284 136
283 136
282 136
281 136
280 136
279 136
278 136
277 136
276 136
275 136
274 136
273 136
272 136
271 136
270 136
269 136
268 136
267 136
266 136
265 136
264 137
263 137
262 137
261 138
260 139
259 139
258 140
257 140
256 141
255 141
254 141
253 142
252 142
251 143
250 144
249 144
248 145
247 145
246 146
245 147
244 147
243 148
242 148
241 149
240 149
239 149
238 150
237 151
236 151
235 151
234 152
233 153
232 153
231 153
230 154
229 154
228 155
227 155
226 155
225 155
225 156
224 157
223 157
222 158
221 158
220 159
219 159
218 160
217 161
216 161
215 161
214 162
213 163
212 164
211 164
211 165
210 166
209 167
208 168
207 168
206 169
205 170
204 171
203 171
202 172
201 173
200 173
199 174
198 175
197 176
197 177
196 178
195 178
195 179
194 180
193 180
193 181
192 182
191 182
190 183
189 183
188 184
187 184
186 185
185 185
184 186
183 186
182 187
181 188
180 188
179 189
178 190
177 190
176 191
175 192
174 192
173 193
172 193
171 194
170 194
169 195
168 195
167 196
166 197
165 198
164 198
163 199
162 200
161 200
160 201
159 202
158 203
157 204
156 204
155 205
154 206
153 207
152 207
151 208
150 209
150 210
149 211
148 211
147 212
147 213
146 214
145 215
145 216
145 217
145 218
144 219
143 220
143 221
142 222
141 222
140 223
140 224
139 225
138 225
138 226
137 227
136 227
135 228
135 229
134 230
133 231
132 231
131 232
131 233
130 234
129 235
128 236
128 237
128 238
127 239
127 240
126 241
126 242
125 243
124 244
124 245
123 246
123 247
122 248
121 249
121 250
121 251
120 252
120 253
120 254
119 255
119 256
118 257
118 258
117 259
116 259
116 260
116 261
115 262
115 263
115 264
115 265
114 266
114 267
113 268
112 269
111 270
111 271
110 272
109 273
108 273
107 274
107 275
106 276
105 277
105 278
105 279
105 280
105 281
104 282
104 283
103 284
103 285
102 286
101 287
101 288
101 289
100 290
100 291
99 292
99 293
98 294
97 295
96 296
95 297
95 298
94 299
93 300
93 301
93 302
93 303
92 304
92 305
92 306
92 307
91 308
91 309
91 310
91 311
91 312
91 313
91 314
91 315
91 316
91 317
91 318
91 319
91 320
90 321
90 322
89 323
89 324
88 325
87 326
87 327
86 328
86 329
85 330
85 331
85 332
85 333
85 334
85 335
85 336
85 337
85 338
85 339
85 340
85 341
85 342
85 343
85 344
85 345
84 346
83 347
82 348
81 349
80 350
80 351
79 352
79 353
79 354
79 355
79 356
79 357
79 358
79 359
79 360
79 361
79 362
79 363
79 364
79 365
79 366
79 367
79 368
79 369
79 370
79 371
78 372
77 373
77 374
76 375
75 376
75 377
75 378
75 379
75 380
75 381
75 382
75 383
75 384
75 385
75 386
75 387
75 388
75 389
75 390
75 391
75 392
75 393
75 394
75 395
75 396
75 397
76 397
77 397
78 397
79 398
80 399
81 400
81 401
80 402
79 402
78 402
77 402
76 402
75 402
75 403
75 404
75 405
75 406
75 407
75 408
75 409
75 410
75 411
75 412
75 413
75 414
75 415
75 416
75 417
75 418
75 419
75 420
75 421
75 422
75 423
75 424
75 425
75 426
75 427
75 428
75 429
76 430
76 431
76 432
76 433
77 434
77 435
77 436
77 437
78 438
78 439
78 440
78 441
79 442
79 443
79 444
79 445
79 446
79 447
79 448
79 449
80 450
80 451
80 452
80 453
81 454
81 455
81 456
81 457
81 458
81 459
81 460
81 461
81 462
81 463
81 464
81 465
81 466
81 467
82 468
82 469
82 470
83 471
84 471
85 472
86 473
87 474
87 475
87 476
87 477
88 478
88 479
88 480
89 481
89 482
90 483
91 484
91 485
92 486
92 487
93 487
94 488
94 489
94 490
94 491
95 492
96 493
96 494
97 495
97 496
98 497
99 498
99 499
100 500
100 501
101 502
102 503
103 504
103 505
104 506
104 507
105 508
105 509
105 510
106 511
106 512
107 512
108 513
108 514
108 515
109 516
110 517
110 518
111 519
111 520
112 521
113 522
114 523
115 524
115 525
116 526
117 527
118 528
118 529
118 530
119 531
120 532
120 533
121 534
121 535
121 536
122 537
123 538
123 539
124 540
125 541
126 542
127 543
127 544
128 545
129 546
129 547
130 548
130 549
131 550
131 551
132 552
132 553
132 554
133 555
133 556
134 557
134 558
135 559
135 560
136 561
137 562
138 563
139 564
139 565
140 566
141 566
142 567
142 568
143 569
144 570
145 571
146 572
147 572
148 573
149 574
150 574
151 575
152 575
153 576
154 576
155 577
156 578
157 578
158 579
159 579
160 580
161 581
162 581
163 582
164 583
165 583
166 584
167 584
168 584
169 585
170 585
171 586
172 586
173 586
174 587
175 588
176 588
177 589
177 590
178 590
179 591
180 592
181 593
182 593
183 594
184 595
185 596
186 596
187 596
188 596
189 597
190 597
191 598
192 598
193 598
194 599
195 600
196 600
197 601
198 601
199 602
200 602
201 603
201 604
202 604
203 604
204 604
205 605
206 605
207 606
208 606
209 607
210 607
211 608
212 609
213 609
214 609
215 609
216 609
217 610
218 610
219 610
220 610
221 611
222 612
223 612
224 612
225 613
225 614
226 614
227 614
228 614
229 615
230 615
231 615
232 615
233 616
234 616
235 616
236 617
237 617
238 618
239 619
240 620
241 620
242 621
243 622
244 622
245 623
246 623
247 623
248 623
249 624
250 624
251 624
252 624
253 625
254 625
255 626
256 626
257 626
258 626
259 627
259 628
260 628
261 628
262 628
263 629
264 629
265 629
266 629
267 629
268 629
269 629
270 629
271 629
272 629
273 629
274 629
275 629
276 629
277 629
278 629
279 629
280 629
281 629
282 629
283 629
284 629
285 629
286 629
287 629
288 629
289 629
290 629
291 629
292 629
293 629
294 629
295 629
296 629
297 629
298 629
299 629
300 629
301 629
302 629
303 629
304 629
305 629
306 629
307 629
308 629
309 629
310 629
311 629
312 629
313 629
314 629
315 629
316 629
317 629
318 629
319 629
320 629
321 629
322 629
323 629
324 629
325 629
326 629
327 629
328 629
329 629
330 629
331 629
332 629
333 629
334 629
335 629
336 629
337 629
338 629
339 629
340 629
341 629
342 629
343 629
344 629
345 629
346 629
347 629
348 629
349 630
350 630
351 630
352 630
353 631
354 631
355 631
356 631
357 631
358 631
359 631
360 631
361 630
362 630
362 629
362 628
363 627
364 627
365 626
366 625
367 625
368 625
369 625
370 625
371 624
372 624
373 624
374 624
375 623
376 623
377 623
378 623
379 623
380 623
381 622
382 622
383 621
384 621
385 620
386 620
387 619
388 618
389 618
390 618
391 617
392 617
393 616
394 616
395 615
396 615
397 614
398 614
399 613
400 613
401 613
402 613
403 613
404 613
405 613
406 613
407 613
408 612
409 612
410 612
411 611
412 611
413 611
414 611
415 611
416 611
417 610
418 610
419 610
420 610
420 609
421 608
422 608
423 608
424 608
425 607
426 607
427 607
428 607
429 607
430 607
431 606
432 606
433 605
434 605
435 604
436 604
437 603
438 603
439 603
440 603
441 603
442 603
443 603
444 603
445 603
446 602
447 601
448 601
449 600
450 600
450 599
451 598
452 598
453 597
454 597
455 596
456 596
457 595
458 594
459 593
460 593
460 592
461 591
462 591
462 590
463 589
464 589
464 588
465 587
466 587
467 586
468 585
469 584
470 584
471 583
472 582
473 582
474 581
475 580
476 580
477 580
478 580
479 579
480 578
481 578
482 577
483 577
484 576
485 575
486 575
487 574
488 574
489 573
490 573
491 572
492 572
493 572
494 571
495 571
496 570
497 570
498 569
499 569
500 568
501 567
502 567
503 566
504 565
505 564
506 563
507 562
508 561
508 560
509 559
510 559
510 558
511 557
512 557
512 556
513 555
514 555
515 554
516 554
517 553
518 553
519 552
520 552
521 552
522 551
523 551
524 550
525 550
526 550
527 549
528 548
529 547
530 547
531 546
531 545
532 544
532 543
533 542
533 541
533 540
534 539
535 538
536 537
536 536
537 535
538 534
539 533
539 532
540 531
541 530
542 529
543 528
544 527
545 526
546 526
547 525
548 525
549 524
550 524
551 524
552 524
553 523
554 522
555 521
556 521
556 520
557 519
558 519
558 518
559 517
560 517
561 516
562 515
563 514
564 513
564 512
565 511
566 510
567 509
567 508
567 507
568 506
568 505
569 504
570 503
570 502
571 501
572 500
573 500
574 499
575 498
575 497
576 496
577 496
577 495
578 494
579 493
579 492
579 491
580 490
580 489
581 488
581 487
582 486
582 485
583 484
584 483
584 482
585 481
585 480
586 479
586 478
586 477
586 476
587 475
587 474
587 473
587 472
588 471
589 470
589 469
589 468
590 467
591 466
591 465
592 464
592 463
592 462
593 461
593 460
594 459
595 458
595 457
595 456
596 455
597 455
597 454
598 453
598 452
599 451
600 450
600 449
601 448
601 447
601 446
602 445
602 444
603 443
603 442
603 441
603 440
604 439
604 438
604 437
604 436
604 435
604 434
604 433
604 432
604 431
604 430
605 429
605 428
605 427
605 426
606 425
606 424
606 423
606 422
606 421
606 420
606 419
606 418
606 417
606 416
606 415
606 414
606 413
606 412
606 411
606 410
606 409
606 408
606 407
606 406
606 405
606 404
605 403
606 402
606 401
606 400
606 399
606 398
606 397
607 396
607 395
607 394
608 393
608 392
608 391
608 390
608 389
608 388
608 387
608 386
608 385
608 384
608 383
608 382
608 381
608 380
608 379
608 378
608 377
608 376
608 375
608 374
608 373
608 372
608 371
608 370
608 369
608 368
607 367
607 366
607 365
607 364
606 363
606 362
606 361
606 360
606 359
606 358
606 357
606 356
606 355
606 354
605 353
605 352
605 351
605 350
604 349
604 348
604 347
604 346
604 345
604 344
604 343
604 342
604 341
604 340
604 339
604 338
604 337
604 336
603 335
603 334
603 333
602 332
602 331
601 330
601 329
601 328
600 327
600 326
600 325
600 324
599 323
599 322
598 321
597 320
597 319
597 318
596 317
596 316
595 315
595 314
595 313
594 312
594 311
594 310
594 309
594 308
594 307
594 306
594 305
593 304
593 303
592 302
592 301
591 300
591 299
591 298
590 297
590 296
589 295
589 294
589 293
589 292
588 291
588 290
588 289
587 288
587 287
587 286
586 285
585 284
585 283
584 282
584 281
583 280
583 279
583 278
582 277
582 276
581 275
581 274
581 273
580 272
579 271
578 270
577 269
576 268
575 268
574 267
574 266
573 265
573 264
572 263
572 262
572 261
572 260
571 259
571 258
571 257
570 256
570 255
569 254
568 253
568 252
567 251
566 250
566 249
565 248
565 247
564 246
564 245
563 244
563 243
562 242
562 241
561 240
561 239
560 238
560 237
559 236
559 235
558 234
558 233
557 232
556 231
556 230
555 229
554 228
553 227
552 227
551 226
551 225
550 224
549 223
548 223
547 222
546 221
546 220
545 219
544 219
543 218
543 217
542 216
541 215
540 215
539 214
538 213
538 212
537 211
536 211
535 210
535 209
534 208
533 207
532 207
531 206
530 205
530 204
529 203
528 203
527 202
526 201
525 201
524 200
523 199
522 199
521 198
520 197
519 197
518 196
517 196
516 195
515 195
514 194
514 193
513 193
512 192
511 191
510 191
509 190
508 189
508 188
507 188
506 187
505 187
504 186
504 185
503 185
502 184
501 183
500 182
499 182
498 181
498 180
497 180
496 179
495 178
495 177
494 176
493 176
492 175
491 174
490 173
489 173
488 172
487 172
486 171
485 170
485 169
484 168
483 168
482 167
481 166
480 165
479 165
478 165
477 165
476 164
475 164
474 163
473 163
472 163
471 163
470 162
469 162
468 161
467 161
466 161
465 161
464 160
464 159
463 159
462 159
461 159
460 158
459 158
458 158
457 158
456 158
455 158
454 157
453 157
452 157
451 156
450 155
449 155
448 155
447 154
446 154
445 153
444 153
443 153
442 152
441 152
440 151
439 151
438 151
437 151
436 150
436 149
435 149
434 148
433 147
432 147
431 146
430 145
429 144
428 144
427 144
426 144
425 144
424 143
423 143
422 142
421 142
420 141
419 140
418 140
417 139
416 139
415 138
414 138
413 137
412 137
411 136
410 136
409 135
408 134
407 134
406 133
405 133
404 132
404 131
403 131
402 131
401 131
400 130
399 130
398 130
397 130
396 130
395 130
394 130
393 130
392 130
391 130
390 130
389 130
388 129
387 129
386 129
385 129
384 128
383 128
382 128
381 128
380 127
379 127
378 127
377 127
376 126
375 126
374 126
373 126
372 126
371 126
370 126
369 126
368 126
367 126
366 126
365 126
364 126
363 126
362 126
361 126
360 127
359 127
358 128
357 129
356 130
355 130
354 129
353 128
352 127
351 127
350 126
349 126
348 126
347 126
346 126
345 126
344 126
343 126
