2653 4556
2652 4557
2651 4557
2650 4557
2649 4557
2649 4558
2648 4559
2647 4559
2646 4559
2645 4559
2644 4560
2643 4560
2642 4561
2641 4561
2640 4562
2639 4562
2638 4563
2637 4564
2636 4564
2635 4564
2634 4564
2633 4564
2632 4564
2631 4564
2630 4564
2629 4564
2628 4564
2627 4565
2626 4566
2625 4566
2624 4567
2623 4567
2622 4568
2621 4568
2620 4569
2619 4569
2618 4570
2617 4570
2616 4571
2615 4572
2614 4573
2613 4573
2612 4574
2611 4574
2610 4575
2610 4576
2609 4577
2608 4577
2607 4578
2607 4579
2606 4580
2605 4580
2604 4581
2603 4582
2602 4583
2601 4583
2600 4584
2599 4584
2598 4585
2597 4585
2596 4585
2595 4586
2594 4586
2593 4587
2592 4588
2591 4588
2590 4589
2589 4590
2588 4591
2587 4592
2586 4592
2585 4593
2584 4594
2583 4595
2582 4596
2582 4597
2581 4598
2580 4599
2580 4600
2579 4601
2578 4601
2578 4602
2577 4603
2576 4603
2575 4604
2575 4605
2574 4606
2573 4607
2572 4607
2571 4608
2570 4609
2569 4610
2568 4611
2567 4612
2566 4613
2565 4614
2565 4615
2564 4616
2563 4617
2562 4618
2561 4619
2560 4619
2559 4620
2558 4620
2557 4621
2556 4622
2555 4622
2555 4623
2554 4624
2553 4625
2552 4625
2552 4626
2551 4627
2550 4627
2550 4628
2549 4629
2548 4630
2548 4631
2547 4632
2547 4633
2546 4634
2545 4635
2545 4636
2544 4637
2543 4638
2543 4639
2542 4640
2541 4640
2541 4641
2540 4642
2539 4643
2538 4644
2538 4645
2538 4646
2537 4647
2537 4648
2536 4649
2535 4650
2535 4651
2534 4652
2534 4653
2533 4654
2532 4654
2532 4655
2532 4656
2531 4657
2531 4658
2530 4659
2529 4660
2528 4661
2528 4662
2528 4663
2527 4664
2527 4665
2526 4666
2526 4667
2526 4668
2526 4669
2525 4670
2524 4670
2524 4671
2523 4672
2523 4673
2522 4674
2522 4675
2521 4676
2521 4677
2521 4678
2521 4679
2520 4680
2520 4681
2520 4682
2520 4683
2519 4684
2519 4685
2518 4686
2518 4687
2518 4688
2518 4689
2517 4690
2516 4690
2516 4691
2516 4692
2516 4693
2515 4694
2515 4695
2514 4696
2514 4697
2514 4698
2514 4699
2513 4700
2513 4701
2513 4702
2513 4703
2512 4704
2512 4705
2512 4706
2511 4707
2511 4708
2511 4709
2511 4710
2511 4711
2510 4712
2510 4713
2510 4714
2510 4715
2509 4716
2509 4717
2509 4718
2509 4719
2509 4720
2509 4721
2509 4722
2509 4723
2509 4724
2509 4725
2509 4726
2509 4727
2509 4728
2509 4729
2508 4730
2508 4731
2508 4732
2508 4733
2507 4734
2507 4735
2507 4736
2507 4737
2507 4738
2507 4739
2507 4740
2507 4741
2507 4742
2507 4743
2507 4744
2507 4745
2506 4746
2506 4747
2506 4748
2506 4749
2505 4750
2505 4751
2505 4752
2505 4753
2505 4754
2505 4755
2505 4756
2505 4757
2505 4758
2505 4759
2505 4760
2505 4761
2504 4762
2504 4763
2504 4764
2504 4765
2503 4766
2503 4767
2503 4768
2503 4769
2503 4770
2503 4771
2503 4772
2503 4773
2503 4774
2503 4775
2503 4776
2503 4777
2503 4778
2503 4779
2503 4780
2503 4781
2503 4782
2503 4783
2503 4784
2503 4785
2503 4786
2503 4787
2503 4788
2503 4789
2503 4790
2503 4791
2503 4792
2503 4793
2503 4794
2503 4795
2503 4796
2503 4797
2503 4798
2503 4799
2503 4800
2503 4801
2503 4802
2503 4803
2503 4804
2503 4805
2503 4806
2503 4807
2503 4808
2503 4809
2503 4810
2503 4811
2503 4812
2503 4813
2503 4814
2503 4815
2503 4816
2503 4817
2503 4818
2503 4819
2503 4820
2503 4821
2503 4822
2503 4823
2503 4824
2503 4825
2503 4826
2503 4827
2504 4828
2504 4829
2504 4830
2504 4831
2505 4832
2505 4833
2505 4834
2505 4835
2505 4836
2505 4837
2505 4838
2505 4839
2505 4840
2505 4841
2505 4842
2505 4843
2506 4844
2506 4845
2506 4846
2506 4847
2506 4848
2506 4849
2506 4850
2506 4851
2505 4852
2505 4853
2505 4854
2505 4855
2505 4856
2505 4857
2506 4858
2506 4859
2506 4860
2506 4861
2507 4862
2507 4863
2507 4864
2507 4865
2507 4866
2507 4867
2507 4868
2507 4869
2507 4870
2507 4871
2507 4872
2507 4873
2507 4874
2507 4875
2507 4876
2507 4877
2507 4878
2507 4879
2507 4880
2507 4881
2507 4882
2507 4883
2507 4884
2507 4885
2507 4886
2507 4887
2507 4888
2507 4889
2507 4890
2507 4891
2507 4892
2507 4893
2507 4894
2507 4895
2507 4896
2507 4897
2507 4898
2507 4899
2507 4900
2507 4901
2507 4902
2507 4903
2507 4904
2507 4905
2507 4906
2507 4907
2507 4908
2507 4909
2507 4910
2507 4911
2508 4912
2508 4913
2508 4914
2508 4915
2509 4916
2509 4917
2509 4918
2509 4919
2509 4920
2509 4921
2509 4922
2509 4923
2509 4924
2509 4925
2509 4926
2509 4927
2509 4928
2509 4929
2510 4930
2510 4931
2510 4932
2510 4933
2511 4934
2511 4935
2511 4936
2511 4937
2511 4938
2511 4939
2511 4940
2511 4941
2511 4942
2511 4943
2511 4944
2511 4945
2511 4946
2511 4947
2512 4948
2512 4949
2512 4950
2512 4951
2513 4952
2513 4953
2513 4954
2513 4955
2514 4956
2514 4957
2514 4958
2514 4959
2515 4960
2515 4961
2515 4962
2515 4963
2515 4964
2515 4965
2516 4966
2516 4967
2516 4968
2516 4969
2517 4970
2517 4971
2517 4972
2517 4973
2517 4974
2517 4975
2517 4976
2517 4977
2517 4978
2518 4979
2519 4980
2519 4981
2520 4982
2520 4983
2521 4984
2521 4985
2521 4986
2521 4987
2521 4988
2521 4989
2521 4990
2521 4991
2522 4992
2522 4993
2522 4994
2522 4995
2523 4996
2523 4997
2523 4998
2523 4999
2523 5000
2523 5001
2524 5002
2525 5003
2526 5004
2527 5005
2528 5006
2529 5007
2529 5008
2530 5009
2530 5010
2530 5011
2531 5012
2531 5013
2531 5014
2531 5015
2531 5016
2531 5017
2531 5018
2531 5019
2531 5020
2531 5021
2531 5022
2531 5023
2532 5024
2532 5025
2532 5026
2533 5026
2534 5027
2535 5028
2535 5029
2536 5030
2537 5031
2537 5032
2538 5033
2538 5034
2538 5035
2539 5036
2539 5037
2539 5038
2540 5039
2541 5040
2541 5041
2542 5041
2543 5042
2543 5043
2544 5044
2545 5045
2545 5046
2546 5047
2547 5048
2547 5049
2548 5050
2548 5051
2549 5051
2550 5052
2550 5053
2550 5054
2550 5055
2551 5056
2551 5057
2551 5058
2551 5059
2552 5060
2552 5061
2553 5062
2554 5063
2554 5064
2555 5065
2556 5066
2556 5067
2557 5068
2558 5069
2558 5070
2559 5070
2560 5071
2560 5072
2561 5072
2562 5073
2562 5074
2563 5074
2564 5075
2564 5076
2565 5076
2566 5077
2566 5078
2567 5078
2568 5079
2568 5080
2569 5080
2570 5081
2571 5082
2571 5083
2572 5084
2572 5085
2573 5086
2573 5087
2573 5088
2573 5089
2573 5090
2574 5091
2575 5092
2575 5093
2576 5094
2577 5094
2578 5095
2579 5096
2580 5097
2581 5097
2582 5098
2583 5099
2584 5100
2585 5101
2586 5101
2587 5102
2587 5103
2588 5103
2589 5104
2590 5105
2590 5106
2591 5106
2592 5106
2593 5107
2594 5107
2595 5108
2596 5108
2597 5109
2598 5109
2599 5110
2600 5111
2601 5112
2602 5113
2602 5114
2603 5114
2604 5115
2604 5116
2605 5116
2606 5117
2606 5118
2607 5118
2608 5119
2608 5120
2609 5120
2610 5121
2611 5122
2611 5123
2612 5124
2613 5125
2613 5126
2614 5127
2614 5128
2615 5129
2615 5130
2616 5131
2617 5132
2618 5133
2618 5134
2619 5135
2620 5136
2621 5137
2622 5138
2623 5139
2624 5140
2625 5141
2626 5142
2627 5143
2628 5143
2629 5144
2630 5144
2631 5145
2632 5145
2633 5146
2634 5146
2635 5147
2636 5147
2637 5148
2638 5149
2639 5149
2640 5150
2641 5150
2642 5150
2643 5151
2644 5151
2645 5151
2646 5151
2647 5152
2648 5152
2649 5152
2650 5152
2651 5153
2652 5153
2653 5154
2654 5154
2655 5154
2656 5154
2657 5155
2657 5156
2658 5156
2659 5157
2660 5157
2661 5158
2662 5158
2663 5159
2663 5160
2664 5160
2665 5160
2666 5160
2667 5161
2668 5161
2669 5162
2670 5162
2671 5163
2672 5163
2673 5164
2674 5165
2675 5165
2676 5166
2677 5166
2678 5166
2679 5167
2680 5167
2681 5168
2682 5168
2683 5168
2684 5168
2685 5169
2686 5169
2687 5170
2688 5170
2689 5170
2690 5170
2691 5171
2692 5171
2693 5171
2694 5171
2695 5172
2696 5172
2697 5172
2698 5172
2699 5173
2699 5174
2700 5174
2701 5174
2702 5174
2703 5175
2704 5175
2705 5175
2706 5175
2707 5175
2708 5175
2709 5176
2710 5176
2711 5176
2712 5176
2713 5177
2714 5177
2715 5177
2716 5177
2717 5177
2718 5177
2719 5177
2720 5177
2721 5177
2722 5177
2723 5177
2724 5177
2725 5177
2726 5177
2727 5177
2728 5177
2729 5177
2730 5177
2731 5177
2732 5177
2733 5177
2734 5177
2735 5177
2736 5177
2737 5178
2738 5178
2739 5178
2740 5178
2741 5179
2742 5179
2743 5179
2744 5179
2745 5179
2746 5179
2747 5178
2748 5178
2749 5178
2750 5178
2751 5177
2752 5177
2753 5177
2754 5177
2755 5177
2756 5177
2757 5178
2758 5178
2759 5178
2760 5178
2761 5179
2762 5179
2763 5179
2764 5179
2765 5179
2766 5179
2767 5179
2768 5179
2769 5178
2770 5178
2771 5178
2772 5178
2773 5177
2774 5177
2775 5177
2776 5177
2777 5177
2778 5177
2779 5177
2780 5177
2781 5177
2782 5177
2783 5177
2784 5177
2785 5177
2786 5177
2787 5177
2788 5177
2789 5176
2790 5176
2791 5175
2792 5175
2793 5174
2794 5174
2795 5173
2796 5173
2797 5172
2798 5172
2799 5171
2800 5170
2801 5170
2802 5169
2803 5168
2803 5167
2804 5166
2805 5166
2806 5165
2806 5164
2807 5163
2808 5162
2809 5161
2810 5160
2811 5159
2812 5158
2813 5157
2814 5157
2815 5156
2816 5156
2817 5156
2818 5155
2819 5154
2820 5153
2821 5153
2822 5152
2823 5151
2824 5150
2825 5150
2826 5149
2827 5148
2828 5147
2828 5146
2829 5145
2830 5144
2831 5143
2832 5142
2833 5141
2834 5140
2835 5139
2836 5139
2836 5138
2837 5137
2838 5137
2839 5136
2840 5136
2841 5135
2842 5135
2843 5135
2844 5135
2845 5134
2846 5134
2847 5133
2848 5133
2849 5132
2850 5132
2851 5131
2852 5130
2853 5129
2854 5129
2854 5128
2855 5127
2856 5126
2856 5125
2857 5124
2858 5123
2859 5122
2860 5121
2861 5121
2862 5120
2863 5119
2864 5118
2865 5118
2865 5117
2865 5116
2866 5115
2866 5114
2867 5113
2867 5112
2867 5111
2868 5110
2868 5109
2869 5108
2869 5107
2870 5106
2870 5105
2871 5104
2872 5103
2873 5102
2873 5101
2874 5100
2875 5099
2876 5098
2876 5097
2876 5096
2877 5095
2877 5094
2878 5093
2878 5092
2879 5091
2880 5090
2880 5089
2880 5088
2881 5087
2881 5086
2881 5085
2881 5084
2882 5083
2883 5083
2883 5082
2883 5081
2883 5080
2884 5079
2884 5078
2885 5077
2885 5076
2885 5075
2885 5074
2886 5073
2887 5073
2887 5072
2887 5071
2888 5070
2888 5069
2889 5068
2889 5067
2890 5066
2891 5065
2891 5064
2891 5063
2891 5062
2892 5061
2892 5060
2892 5059
2892 5058
2892 5057
2892 5056
2892 5055
2892 5054
2893 5053
2893 5052
2894 5051
2894 5050
2895 5049
2896 5048
2897 5047
2897 5046
2898 5045
2898 5044
2899 5043
2899 5042
2900 5041
2901 5040
2901 5039
2901 5038
2902 5037
2902 5036
2902 5035
2902 5034
2903 5033
2903 5032
2902 5031
2902 5030
2903 5029
2904 5029
2904 5028
2904 5027
2905 5026
2905 5025
2905 5024
2906 5023
2907 5023
2907 5022
2907 5021
2907 5020
2908 5019
2908 5018
2909 5017
2909 5016
2909 5015
2909 5014
2910 5013
2910 5012
2911 5011
2911 5010
2911 5009
2912 5008
2912 5007
2912 5006
2913 5005
2913 5004
2914 5003
2915 5002
2915 5001
2915 5000
2916 4999
2916 4998
2916 4997
2916 4996
2917 4995
2917 4994
2917 4993
2918 4992
2918 4991
2918 4990
2918 4989
2918 4988
2919 4987
2919 4986
2920 4985
2921 4984
2921 4983
2921 4982
2921 4981
2921 4980
2921 4979
2921 4978
2920 4977
2920 4976
2921 4975
2921 4974
2921 4973
2921 4972
2922 4971
2922 4970
2922 4969
2923 4968
2923 4967
2924 4966
2924 4965
2925 4964
2925 4963
2926 4962
2926 4961
2927 4960
2927 4959
2927 4958
2928 4957
2928 4956
2928 4955
2928 4954
2928 4953
2928 4952
2928 4951
2928 4950
2929 4949
2929 4948
2929 4947
2929 4946
2930 4945
2930 4944
2931 4943
2931 4942
2931 4941
2931 4940
2932 4939
2932 4938
2932 4937
2932 4936
2932 4935
2932 4934
2931 4933
2931 4932
2932 4931
2932 4930
2931 4929
2932 4928
2932 4927
2933 4926
2933 4925
2933 4924
2934 4923
2934 4922
2934 4921
2934 4920
2935 4919
2936 4919
2936 4918
2937 4917
2937 4916
2937 4915
2936 4914
2936 4913
2936 4912
2935 4911
2935 4910
2936 4909
2936 4908
2936 4907
2936 4906
2937 4905
2937 4904
2937 4903
2937 4902
2938 4901
2938 4900
2938 4899
2938 4898
2938 4897
2938 4896
2938 4895
2938 4894
2939 4893
2939 4892
2939 4891
2939 4890
2940 4889
2940 4888
2940 4887
2940 4886
2941 4885
2941 4884
2941 4883
2941 4882
2942 4881
2942 4880
2942 4879
2942 4878
2941 4877
2941 4876
2941 4875
2941 4874
2940 4873
2940 4872
2940 4871
2940 4870
2940 4869
2940 4868
2940 4867
2940 4866
2940 4865
2940 4864
2940 4863
2940 4862
2940 4861
2940 4860
2940 4859
2940 4858
2940 4857
2940 4856
2941 4855
2942 4854
2942 4853
2943 4852
2944 4851
2944 4850
2945 4849
2946 4848
2946 4847
2946 4846
2946 4845
2945 4844
2944 4844
2943 4844
2942 4844
2941 4844
2940 4843
2940 4842
2940 4841
2940 4840
2939 4839
2939 4838
2939 4837
2938 4836
2938 4835
2937 4834
2937 4833
2936 4832
2936 4831
2936 4830
2935 4829
2935 4828
2935 4827
2935 4826
2934 4825
2934 4824
2934 4823
2934 4822
2933 4821
2933 4820
2933 4819
2933 4818
2932 4817
2932 4816
2932 4815
2932 4814
2931 4813
2931 4812
2931 4811
2931 4810
2930 4809
2930 4808
2930 4807
2930 4806
2930 4805
2930 4804
2930 4803
2930 4802
2930 4801
2929 4800
2929 4799
2929 4798
2928 4797
2928 4796
2927 4795
2927 4794
2927 4793
2927 4792
2926 4791
2926 4790
2926 4789
2926 4788
2925 4787
2925 4786
2925 4785
2925 4784
2924 4783
2924 4782
2923 4781
2923 4780
2924 4779
2924 4778
2923 4778
2922 4777
2922 4776
2922 4775
2922 4774
2921 4773
2920 4772
2919 4771
2919 4770
2918 4769
2918 4768
2917 4767
2916 4766
2916 4765
2916 4764
2916 4763
2916 4762
2917 4761
2917 4760
2917 4759
2917 4758
2917 4757
2917 4756
2916 4755
2916 4754
2917 4753
2917 4752
2916 4751
2916 4750
2916 4749
2916 4748
2915 4747
2914 4747
2913 4746
2913 4745
2912 4744
2911 4743
2911 4742
2910 4741
2910 4740
2909 4739
2909 4738
2909 4737
2909 4736
2909 4735
2909 4734
2909 4733
2909 4732
2908 4731
2907 4731
2906 4732
2905 4732
2904 4731
2904 4730
2904 4729
2904 4728
2904 4727
2904 4726
2904 4725
2904 4724
2904 4723
2904 4722
2904 4721
2904 4720
2904 4719
2904 4718
2903 4717
2902 4716
2901 4715
2900 4714
2899 4713
2899 4712
2898 4711
2898 4710
2898 4709
2898 4708
2898 4707
2898 4706
2898 4705
2898 4704
2898 4703
2898 4702
2898 4701
2898 4700
2897 4699
2897 4698
2897 4697
2896 4696
2896 4695
2895 4694
2894 4693
2894 4692
2893 4692
2892 4691
2891 4691
2890 4690
2889 4690
2888 4690
2887 4689
2886 4688
2886 4687
2886 4686
2886 4685
2886 4684
2886 4683
2885 4682
2884 4681
2884 4680
2883 4679
2883 4678
2882 4677
2882 4676
2881 4675
2881 4674
2880 4673
2880 4672
2879 4671
2878 4670
2877 4669
2876 4668
2876 4667
2876 4666
2875 4665
2875 4664
2875 4663
2875 4662
2875 4661
2875 4660
2874 4659
2874 4658
2873 4657
2873 4656
2872 4655
2871 4654
2870 4653
2869 4652
2868 4651
2868 4650
2868 4649
2868 4648
2867 4647
2866 4646
2866 4645
2865 4644
2864 4644
2863 4643
2862 4642
2862 4641
2861 4640
2861 4639
2861 4638
2860 4637
2860 4636
2860 4635
2859 4634
2858 4633
2857 4632
2856 4631
2855 4630
2854 4629
2853 4629
2852 4628
2851 4628
2850 4627
2849 4627
2848 4627
2847 4627
2846 4626
2845 4626
2844 4626
2843 4626
2842 4625
2841 4625
2840 4625
2839 4624
2839 4623
2838 4623
2837 4622
2836 4622
2835 4621
2834 4620
2833 4619
2832 4619
2831 4618
2831 4617
2830 4616
2829 4615
2828 4614
2828 4613
2827 4612
2827 4611
2827 4610
2826 4610
2825 4609
2824 4608
2824 4607
2823 4606
2822 4605
2821 4604
2821 4603
2821 4602
2820 4602
2819 4601
2819 4600
2819 4599
2818 4598
2817 4598
2816 4597
2816 4596
2815 4596
2814 4596
2813 4595
2813 4594
2812 4593
2812 4592
2812 4591
2811 4590
2811 4589
2811 4588
2811 4587
2811 4586
2810 4585
2810 4584
2810 4583
2810 4582
2809 4582
2808 4581
2808 4580
2807 4579
2806 4578
2805 4578
2804 4577
2803 4577
2802 4576
2801 4576
2800 4576
2799 4576
2798 4576
2797 4576
2796 4575
2795 4575
2794 4575
2793 4574
2792 4573
2791 4573
2790 4573
2789 4573
2788 4572
2787 4572
2786 4571
2785 4571
2784 4571
2783 4570
2782 4570
2781 4569
2780 4569
2779 4568
2778 4568
2777 4567
2776 4567
2775 4567
2774 4566
2773 4566
2772 4566
2771 4566
2770 4566
2769 4566
2768 4566
2767 4566
2766 4566
2765 4566
2764 4566
2763 4566
2762 4566
2761 4566
2760 4567
2759 4568
2758 4569
2757 4570
2756 4571
2755 4571
2754 4572
2753 4572
2752 4572
2751 4572
2750 4572
2749 4572
2748 4571
2747 4571
2746 4571
2745 4571
2744 4570
2743 4570
2742 4570
2741 4570
2740 4570
2739 4570
2738 4570
2737 4571
2736 4571
2735 4571
2734 4572
2733 4572
2732 4572
2731 4572
2730 4572
2729 4572
2728 4572
2727 4572
2726 4572
2725 4572
2724 4572
2723 4572
2722 4572
2721 4572
2720 4572
2719 4572
2718 4572
2717 4572
2716 4572
2715 4572
2714 4572
2713 4572
2712 4572
2711 4572
2710 4572
2709 4572
2708 4572
2707 4572
2706 4572
2705 4572
2704 4572
2703 4572
2702 4572
2701 4573
2700 4573
2699 4573
2698 4574
2697 4574
2696 4573
2695 4573
2694 4573
2693 4573
2692 4572
2691 4572
2690 4571
2689 4571
2688 4571
2687 4570
2686 4570
2685 4570
2684 4570
2683 4570
2682 4570
2681 4570
2680 4569
2679 4569
2678 4568
2677 4567
2676 4567
2675 4567
2674 4566
2673 4566
2672 4566
2671 4566
2670 4565
2669 4565
2668 4564
2667 4563
2666 4562
2665 4562
2664 4561
2663 4560
2663 4559
2662 4558
2661 4557
2660 4556
2659 4556
2658 4556
2657 4556
2656 4556
2655 4556
2654 4556
2653 4556
