2189 2147
2188 2148
2187 2148
2186 2148
2185 2148
2184 2149
2183 2149
2182 2150
2181 2150
2180 2150
2179 2150
2178 2151
2177 2151
2176 2151
2175 2151
2174 2151
2173 2151
2172 2151
2171 2151
2170 2151
2169 2151
2168 2151
2167 2151
2166 2151
2165 2151
2164 2151
2163 2152
2162 2152
2161 2152
2160 2153
2159 2153
2158 2153
2157 2153
2156 2153
2155 2153
2154 2153
2153 2153
2152 2154
2151 2154
2150 2154
2149 2154
2148 2155
2147 2155
2146 2155
2145 2155
2144 2156
2143 2156
2142 2156
2141 2156
2140 2157
2139 2157
2138 2157
2137 2157
2136 2157
2135 2157
2134 2158
2133 2158
2132 2158
2131 2158
2130 2159
2129 2159
2128 2159
2127 2159
2126 2160
2125 2160
2124 2160
2123 2160
2122 2161
2121 2161
2120 2162
2119 2162
2118 2162
2117 2162
2116 2163
2115 2163
2114 2164
2113 2164
2112 2164
2111 2164
2110 2165
2109 2165
2108 2166
2107 2166
2106 2167
2105 2167
2104 2168
2103 2168
2102 2169
2101 2169
2100 2170
2099 2170
2098 2170
2097 2170
2097 2171
2096 2172
2095 2172
2094 2172
2093 2172
2093 2173
2092 2174
2091 2174
2090 2174
2089 2174
2089 2175
2088 2176
2087 2176
2086 2177
2085 2178
2084 2178
2083 2179
2082 2180
2081 2180
2080 2181
2079 2181
2078 2181
2077 2182
2076 2183
2075 2183
2074 2184
2073 2184
2072 2185
2071 2186
2070 2186
2069 2186
2068 2187
2067 2188
2066 2189
2065 2189
2065 2190
2064 2191
2063 2191
2062 2192
2061 2192
2060 2193
2059 2193
2058 2194
2057 2194
2056 2195
2055 2195
2055 2196
2054 2197
2053 2197
2052 2198
2051 2199
2050 2199
2049 2200
2048 2201
2047 2201
2047 2202
2046 2203
2045 2203
2044 2204
2043 2204
2042 2205
2041 2206
2040 2207
2039 2207
2038 2208
2037 2209
2036 2209
2035 2210
2034 2211
2033 2211
2032 2212
2031 2213
2030 2214
2029 2215
2028 2215
2027 2216
2026 2217
2025 2217
2025 2218
2024 2219
2023 2219
2022 2220
2021 2221
2020 2222
2019 2222
2018 2223
2017 2224
2016 2225
2015 2225
2015 2226
2014 2227
2013 2227
2012 2228
2011 2229
2011 2230
2010 2231
2009 2231
2009 2232
2008 2233
2007 2234
2006 2235
2005 2235
2005 2236
2004 2237
2003 2237
2002 2238
2001 2238
2001 2239
2000 2240
1999 2240
1998 2241
1997 2242
1996 2243
1995 2243
1995 2244
1994 2245
1993 2246
1992 2247
1991 2247
1990 2248
1989 2249
1988 2249
1987 2250
1986 2251
1985 2251
1984 2252
1983 2253
1982 2253
1981 2254
1980 2255
1979 2255
1978 2256
1977 2256
1976 2257
1975 2257
1974 2258
1973 2258
1972 2259
1971 2259
1971 2260
1970 2261
1969 2261
1968 2262
1967 2263
1966 2264
1966 2265
1965 2266
1964 2267
1963 2267
1963 2268
1962 2269
1961 2270
1960 2270
1959 2271
1959 2272
1958 2273
1957 2274
1956 2275
1956 2276
1955 2277
1955 2278
1954 2279
1953 2279
1953 2280
1952 2281
1951 2281
1951 2282
1950 2283
1949 2283
1948 2284
1947 2285
1947 2286
1946 2287
1945 2287
1945 2288
1944 2289
1943 2289
1943 2290
1942 2291
1941 2291
1940 2292
1939 2293
1939 2294
1938 2295
1937 2295
1937 2296
1936 2297
1935 2298
1935 2299
1934 2300
1934 2301
1933 2302
1932 2303
1932 2304
1931 2305
1931 2306
1930 2307
1929 2308
1928 2308
1927 2309
1927 2310
1926 2311
1925 2312
1924 2313
1924 2314
1923 2315
1923 2316
1922 2317
1922 2318
1921 2319
1921 2320
1920 2321
1920 2322
1919 2323
1919 2324
1918 2325
1917 2326
1917 2327
1916 2328
1915 2329
1915 2330
1914 2331
1913 2332
1913 2333
1912 2334
1912 2335
1911 2336
1910 2337
1910 2338
1909 2339
1909 2340
1908 2341
1908 2342
1907 2343
1906 2344
1905 2345
1905 2346
1904 2347
1904 2348
1903 2349
1903 2350
1902 2351
1902 2352
1901 2353
1901 2354
1900 2355
1900 2356
1899 2357
1898 2357
1898 2358
1898 2359
1898 2360
1897 2361
1897 2362
1896 2363
1896 2364
1895 2365
1895 2366
1894 2367
1894 2368
1893 2369
1892 2369
1892 2370
1891 2371
1891 2372
1890 2373
1890 2374
1889 2375
1889 2376
1889 2377
1889 2378
1888 2379
1888 2380
1888 2381
1887 2382
1886 2383
1886 2384
1886 2385
1885 2386
1884 2387
1884 2388
1884 2389
1884 2390
1883 2391
1882 2392
1882 2393
1882 2394
1881 2395
1881 2396
1881 2397
1881 2398
1880 2399
1880 2400
1880 2401
1880 2402
1879 2403
1879 2404
1878 2405
1878 2406
1878 2407
1878 2408
1877 2409
1876 2409
1876 2410
1876 2411
1876 2412
1875 2413
1875 2414
1875 2415
1875 2416
1874 2417
1874 2418
1873 2419
1873 2420
1872 2421
1872 2422
1871 2423
1871 2424
1870 2425
1870 2426
1870 2427
1870 2428
1869 2429
1869 2430
1868 2431
1868 2432
1867 2433
1867 2434
1866 2435
1865 2436
1865 2437
1865 2438
1864 2439
1864 2440
1864 2441
1864 2442
1863 2443
1863 2444
1862 2445
1862 2446
1861 2447
1861 2448
1860 2449
1860 2450
1859 2451
1859 2452
1859 2453
1859 2454
1859 2455
1859 2456
1858 2457
1858 2458
1858 2459
1857 2460
1857 2461
1857 2462
1857 2463
1857 2464
1856 2465
1856 2466
1856 2467
1856 2468
1855 2469
1854 2470
1854 2471
1854 2472
1853 2473
1853 2474
1853 2475
1853 2476
1853 2477
1853 2478
1852 2479
1852 2480
1852 2481
1851 2482
1851 2483
1851 2484
1851 2485
1851 2486
1851 2487
1851 2488
1851 2489
1851 2490
1851 2491
1851 2492
1851 2493
1851 2494
1851 2495
1851 2496
1850 2497
1850 2498
1850 2499
1849 2500
1849 2501
1849 2502
1849 2503
1849 2504
1849 2505
1849 2506
1849 2507
1849 2508
1848 2509
1848 2510
1848 2511
1848 2512
1847 2513
1847 2514
1847 2515
1847 2516
1847 2517
1847 2518
1847 2519
1847 2520
1847 2521
1847 2522
1847 2523
1847 2524
1847 2525
1847 2526
1847 2527
1847 2528
1846 2529
1846 2530
1846 2531
1846 2532
1845 2533
1845 2534
1845 2535
1845 2536
1845 2537
1845 2538
1845 2539
1845 2540
1845 2541
1845 2542
1845 2543
1845 2544
1845 2545
1845 2546
1845 2547
1845 2548
1845 2549
1845 2550
1845 2551
1845 2552
1845 2553
1845 2554
1845 2555
1845 2556
1845 2557
1845 2558
1845 2559
1845 2560
1845 2561
1845 2562
1845 2563
1845 2564
1845 2565
1845 2566
1845 2567
1845 2568
1845 2569
1845 2570
1845 2571
1845 2572
1845 2573
1845 2574
1845 2575
1845 2576
1845 2577
1845 2578
1845 2579
1845 2580
1845 2581
1845 2582
1845 2583
1845 2584
1845 2585
1845 2586
1845 2587
1845 2588
1845 2589
1845 2590
1845 2591
1845 2592
1845 2593
1845 2594
1845 2595
1845 2596
1845 2597
1845 2598
1845 2599
1845 2600
1846 2601
1846 2602
1846 2603
1846 2604
1847 2605
1847 2606
1847 2607
1847 2608
1847 2609
1847 2610
1847 2611
1847 2612
1847 2613
1848 2614
1848 2615
1848 2616
1849 2617
1849 2618
1849 2619
1849 2620
1849 2621
1849 2622
1849 2623
1849 2624
1850 2625
1850 2626
1850 2627
1850 2628
1851 2629
1851 2630
1851 2631
1851 2632
1851 2633
1851 2634
1851 2635
1851 2636
1851 2637
1851 2638
1851 2639
1851 2640
1851 2641
1851 2642
1851 2643
1851 2644
1851 2645
1851 2646
1851 2647
1852 2648
1852 2649
1852 2650
1853 2651
1853 2652
1853 2653
1853 2654
1853 2655
1853 2656
1853 2657
1853 2658
1853 2659
1853 2660
1853 2661
1853 2662
1853 2663
1854 2664
1854 2665
1854 2666
1855 2667
1855 2668
1856 2669
1856 2670
1856 2671
1856 2672
1857 2673
1857 2674
1857 2675
1857 2676
1857 2677
1857 2678
1857 2679
1857 2680
1857 2681
1857 2682
1858 2683
1858 2684
1858 2685
1858 2686
1859 2687
1859 2688
1860 2689
1860 2690
1860 2691
1860 2692
1861 2693
1861 2694
1861 2695
1861 2696
1862 2697
1862 2698
1862 2699
1862 2700
1863 2701
1863 2702
1863 2703
1863 2704
1864 2705
1864 2706
1864 2707
1865 2708
1865 2709
1866 2710
1866 2711
1866 2712
1867 2713
1867 2714
1867 2715
1867 2716
1867 2717
1867 2718
1867 2719
1867 2720
1867 2721
1867 2722
1868 2723
1868 2724
1868 2725
1868 2726
1869 2727
1869 2728
1870 2729
1870 2730
1870 2731
1870 2732
1871 2733
1871 2734
1871 2735
1871 2736
1872 2737
1872 2738
1872 2739
1873 2740
1873 2741
1874 2742
1874 2743
1874 2744
1875 2745
1875 2746
1876 2747
1876 2748
1876 2749
1876 2750
1877 2751
1878 2752
1878 2753
1878 2754
1879 2755
1879 2756
1880 2757
1880 2758
1880 2759
1880 2760
1881 2761
1881 2762
1882 2763
1882 2764
1882 2765
1882 2766
1883 2767
1883 2768
1884 2769
1884 2770
1884 2771
1884 2772
1885 2773
1885 2774
1886 2775
1886 2776
1886 2777
1886 2778
1887 2779
1887 2780
1887 2781
1887 2782
1887 2783
1887 2784
1888 2785
1888 2786
1888 2787
1888 2788
1889 2789
1889 2790
1890 2791
1890 2792
1890 2793
1891 2794
1892 2795
1892 2796
1892 2797
1892 2798
1893 2799
1893 2800
1893 2801
1893 2802
1894 2803
1894 2804
1894 2805
1894 2806
1895 2807
1895 2808
1896 2809
1896 2810
1897 2811
1897 2812
1898 2813
1898 2814
1899 2815
1899 2816
1900 2817
1900 2818
1901 2819
1901 2820
1902 2821
1902 2822
1903 2823
1903 2824
1904 2825
1904 2826
1904 2827
1904 2828
1905 2829
1905 2830
1906 2831
1906 2832
1906 2833
1907 2834
1907 2835
1907 2836
1907 2837
1907 2838
1908 2839
1908 2840
1908 2841
1908 2842
1909 2843
1909 2844
1910 2845
1910 2846
1911 2847
1911 2848
1912 2849
1912 2850
1913 2851
1913 2852
1913 2853
1913 2854
1913 2855
1913 2856
1913 2857
1913 2858
1914 2859
1914 2860
1914 2861
1914 2862
1915 2863
1915 2864
1916 2865
1916 2866
1916 2867
1916 2868
1917 2869
1917 2870
1918 2871
1918 2872
1918 2873
1918 2874
1919 2875
1920 2876
1920 2877
1920 2878
1921 2879
1921 2880
1922 2881
1922 2882
1922 2883
1922 2884
1923 2885
1924 2886
1924 2887
1924 2888
1925 2888
1926 2889
1926 2890
1926 2891
1926 2892
1927 2892
1928 2893
1928 2894
1928 2895
1928 2896
1929 2897
1929 2898
1930 2899
1930 2900
1931 2901
1931 2902
1932 2903
1932 2904
1933 2904
1934 2905
1934 2906
1934 2907
1934 2908
1935 2909
1935 2910
1936 2911
1936 2912
1936 2913
1937 2914
1937 2915
1938 2916
1938 2917
1938 2918
1939 2919
1940 2920
1940 2921
1940 2922
1941 2923
1941 2924
1942 2925
1942 2926
1943 2927
1943 2928
1944 2929
1945 2930
1945 2931
1946 2932
1946 2933
1947 2934
1947 2935
1948 2936
1949 2937
1949 2938
1950 2939
1950 2940
1951 2941
1951 2942
1952 2943
1952 2944
1952 2945
1953 2946
1953 2947
1954 2948
1955 2949
1955 2950
1956 2951
1956 2952
1957 2952
1958 2953
1958 2954
1959 2955
1959 2956
1960 2957
1961 2958
1962 2959
1962 2960
1963 2961
1964 2962
1965 2963
1966 2964
1967 2965
1967 2966
1968 2967
1969 2968
1970 2969
1970 2970
1971 2971
1971 2972
1972 2973
1973 2973
1974 2974
1975 2975
1975 2976
1976 2976
1977 2977
1977 2978
1978 2979
1978 2980
1979 2981
1979 2982
1980 2983
1980 2984
1980 2985
1981 2986
1981 2987
1982 2988
1983 2989
1983 2990
1984 2991
1984 2992
1985 2992
1986 2993
1986 2994
1987 2995
1987 2996
1988 2997
1989 2997
1990 2998
1991 2999
1991 3000
1992 3000
1993 3001
1993 3002
1994 3003
1995 3004
1995 3005
1996 3006
1997 3007
1998 3008
1998 3009
1999 3010
2000 3011
2001 3011
2002 3012
2003 3013
2003 3014
2004 3014
2005 3015
2006 3016
2006 3017
2007 3018
2008 3019
2009 3019
2010 3020
2011 3021
2011 3022
2012 3022
2013 3023
2014 3024
2014 3025
2015 3026
2016 3027
2017 3027
2018 3028
2019 3029
2019 3030
2020 3030
2021 3031
2022 3032
2022 3033
2023 3034
2024 3035
2025 3035
2026 3036
2027 3037
2027 3038
2028 3038
2029 3039
2030 3040
2031 3041
2032 3041
2033 3042
2033 3043
2034 3043
2035 3044
2036 3044
2037 3045
2037 3046
2038 3046
2039 3047
2040 3048
2041 3049
2042 3050
2043 3051
2044 3052
2045 3052
2046 3053
2047 3054
2048 3055
2049 3055
2050 3056
2051 3056
2052 3057
2053 3058
2054 3058
2055 3059
2056 3059
2057 3060
2058 3060
2059 3061
2060 3061
2061 3062
2062 3062
2063 3063
2064 3063
2065 3064
2066 3064
2067 3065
2068 3065
2069 3065
2070 3066
2071 3067
2072 3067
2073 3068
2074 3068
2075 3069
2076 3069
2077 3070
2078 3070
2079 3071
2080 3071
2081 3072
2082 3072
2083 3073
2084 3073
2085 3074
2086 3074
2087 3075
2088 3075
2089 3076
2090 3076
2091 3077
2092 3077
2093 3078
2094 3078
2095 3079
2096 3079
2097 3080
2098 3080
2099 3081
2100 3081
2101 3082
2102 3082
2103 3083
2104 3083
2105 3084
2106 3084
2107 3085
2108 3086
2109 3087
2110 3087
2111 3087
2112 3087
2113 3088
2113 3089
2114 3089
2115 3089
2116 3089
2117 3090
2118 3090
2119 3091
2120 3091
2121 3091
2122 3092
2123 3093
2124 3093
2125 3093
2126 3093
2127 3094
2128 3095
2129 3095
2130 3095
2131 3096
2132 3096
2133 3097
2134 3097
2135 3098
2136 3098
2137 3099
2138 3099
2139 3100
2140 3100
2141 3101
2142 3101
2143 3101
2144 3101
2145 3102
2146 3102
2147 3103
2148 3103
2149 3103
2150 3103
2151 3104
2152 3104
2153 3104
2154 3104
2155 3104
2156 3104
2157 3105
2158 3105
2159 3105
2160 3105
2161 3106
2162 3106
2163 3106
2164 3106
2165 3106
2166 3106
2167 3106
2168 3106
2169 3106
2170 3106
2171 3106
2172 3106
2173 3106
2174 3106
2175 3106
2176 3106
2177 3106
2178 3106
2179 3106
2180 3106
2181 3106
2182 3106
2183 3106
2184 3106
2185 3106
2186 3106
2187 3106
2188 3106
2189 3106
2190 3106
2191 3106
2192 3105
2193 3106
2194 3106
2195 3105
2196 3105
2197 3106
2198 3106
2199 3106
2200 3106
2201 3106
2202 3106
2203 3106
2204 3106
2205 3106
2206 3106
2207 3106
2208 3106
2209 3106
2210 3106
2211 3106
2212 3106
2213 3106
2214 3106
2215 3106
2216 3106
2217 3106
2218 3106
2219 3106
2220 3106
2221 3106
2222 3106
2223 3106
2224 3106
2225 3106
2226 3106
2227 3106
2228 3106
2229 3106
2230 3106
2231 3106
2232 3105
2233 3105
2234 3105
2235 3104
2236 3104
2237 3104
2238 3104
2239 3103
2240 3103
2241 3103
2242 3102
2243 3101
2244 3101
2245 3101
2246 3101
2247 3100
2248 3100
2249 3099
2250 3099
2251 3099
2252 3099
2253 3098
2254 3097
2255 3097
2256 3097
2256 3096
2257 3095
2258 3095
2259 3095
2260 3095
2261 3094
2262 3094
2263 3093
2264 3093
2265 3093
2266 3093
2267 3092
2268 3092
2269 3092
2270 3091
2271 3091
2272 3091
2273 3090
2274 3090
2275 3090
2276 3090
2277 3089
2278 3089
2279 3089
2280 3089
2281 3088
2282 3088
2283 3088
2284 3088
2285 3088
2286 3087
2287 3087
2288 3087
2289 3086
2290 3086
2291 3086
2292 3086
2293 3085
2294 3085
2295 3085
2296 3085
2296 3084
2297 3083
2298 3083
2299 3083
2300 3083
2301 3082
2302 3082
2303 3082
2304 3082
2305 3081
2306 3081
2307 3081
2308 3081
2309 3080
2310 3080
2311 3079
2312 3079
2313 3079
2314 3078
2315 3077
2316 3077
2317 3077
2318 3077
2319 3076
2320 3075
2321 3075
2322 3075
2323 3074
2324 3074
2325 3073
2326 3073
2327 3073
2328 3073
2328 3072
2329 3071
2330 3071
2331 3070
2332 3070
2333 3069
2334 3068
2335 3068
2336 3067
2337 3067
2338 3066
2339 3066
2340 3065
2341 3064
2342 3064
2342 3063
2343 3062
2344 3062
2345 3061
2346 3060
2347 3060
2348 3059
2349 3058
2350 3058
2350 3057
2351 3056
2352 3056
2353 3055
2354 3054
2354 3053
2355 3052
2356 3051
2357 3050
2358 3050
2359 3049
2360 3048
2360 3047
2361 3046
2362 3046
2363 3045
2364 3044
2365 3043
2366 3043
2367 3042
2368 3041
2369 3040
2370 3040
2370 3039
2371 3038
2372 3038
2372 3037
2373 3036
2374 3035
2374 3034
2375 3033
2375 3032
2376 3031
2377 3030
2377 3029
2377 3028
2378 3027
2379 3026
2379 3025
2380 3024
2380 3023
2381 3022
2382 3021
2383 3020
2384 3019
2385 3018
2385 3017
2386 3016
2387 3016
2387 3015
2388 3014
2389 3013
2390 3012
2390 3011
2391 3010
2392 3009
2392 3008
2392 3007
2393 3006
2393 3005
2393 3004
2394 3003
2395 3002
2395 3001
2395 3000
2396 2999
2397 2998
2397 2997
2397 2996
2397 2995
2398 2994
2398 2993
2398 2992
2398 2991
2399 2990
2399 2989
2400 2988
2400 2987
2401 2986
2401 2985
2402 2984
2403 2984
2403 2983
2404 2982
2404 2981
2405 2980
2405 2979
2406 2978
2407 2977
2408 2976
2408 2975
2409 2974
2409 2973
2410 2972
2410 2971
2411 2970
2411 2969
2412 2968
2412 2967
2413 2966
2414 2965
2415 2964
2415 2963
2415 2962
2415 2961
2416 2960
2417 2960
2417 2959
2417 2958
2417 2957
2418 2956
2419 2956
2419 2955
2419 2954
2419 2953
2420 2952
2421 2952
2421 2951
2422 2950
2422 2949
2423 2948
2424 2947
2424 2946
2425 2945
2426 2944
2426 2943
2427 2942
2427 2941
2428 2940
2428 2939
2429 2938
2429 2937
2430 2936
2430 2935
2431 2934
2432 2933
2432 2932
2433 2931
2434 2930
2434 2929
2435 2928
2436 2927
2436 2926
2437 2925
2437 2924
2437 2923
2438 2922
2438 2921
2439 2920
2439 2919
2439 2918
2439 2917
2440 2916
2440 2915
2441 2914
2441 2913
2441 2912
2442 2911
2443 2910
2443 2909
2444 2908
2444 2907
2445 2906
2446 2906
2446 2905
2447 2904
2447 2903
2448 2902
2448 2901
2449 2900
2449 2899
2449 2898
2449 2897
2450 2896
2451 2896
2451 2895
2451 2894
2452 2893
2452 2892
2452 2891
2452 2890
2452 2889
2453 2888
2453 2887
2454 2886
2454 2885
2455 2884
2456 2883
2456 2882
2457 2881
2457 2880
2457 2879
2458 2878
2458 2877
2459 2876
2459 2875
2460 2874
2460 2873
2461 2872
2462 2872
2462 2871
2463 2870
2464 2869
2464 2868
2464 2867
2465 2866
2465 2865
2466 2864
2466 2863
2467 2862
2467 2861
2468 2860
2468 2859
2469 2858
2469 2857
2469 2856
2469 2855
2470 2854
2470 2853
2470 2852
2470 2851
2470 2850
2470 2849
2471 2848
2471 2847
2471 2846
2472 2845
2472 2844
2472 2843
2472 2842
2472 2841
2472 2840
2472 2839
2472 2838
2472 2837
2473 2836
2473 2835
2474 2834
2474 2833
2475 2832
2475 2831
2476 2830
2476 2829
2476 2828
2476 2827
2476 2826
2476 2825
2476 2824
2476 2823
2477 2822
2477 2821
2477 2820
2477 2819
2478 2818
2478 2817
2478 2816
2478 2815
2479 2814
2479 2813
2479 2812
2479 2811
2480 2810
2480 2809
2481 2808
2481 2807
2481 2806
2481 2805
2482 2804
2482 2803
2482 2802
2482 2801
2483 2800
2483 2799
2483 2798
2483 2797
2484 2796
2484 2795
2484 2794
2484 2793
2484 2792
2484 2791
2484 2790
2484 2789
2485 2788
2485 2787
2486 2786
2486 2785
2487 2784
2487 2783
2488 2782
2488 2781
2488 2780
2488 2779
2488 2778
2488 2777
2488 2776
2488 2775
2489 2774
2489 2773
2489 2772
2489 2771
2490 2770
2490 2769
2490 2768
2490 2767
2490 2766
2490 2765
2491 2764
2491 2763
2491 2762
2491 2761
2492 2760
2492 2759
2492 2758
2492 2757
2493 2756
2493 2755
2493 2754
2493 2753
2494 2752
2494 2751
2494 2750
2494 2749
2494 2748
2494 2747
2494 2746
2495 2745
2495 2744
2495 2743
2496 2742
2496 2741
2496 2740
2496 2739
2497 2738
2497 2737
2497 2736
2498 2735
2498 2734
2498 2733
2498 2732
2498 2731
2499 2730
2499 2729
2499 2728
2500 2727
2500 2726
2500 2725
2500 2724
2500 2723
2500 2722
2500 2721
2500 2720
2500 2719
2500 2718
2500 2717
2501 2716
2501 2715
2501 2714
2501 2713
2502 2712
2502 2711
2502 2710
2502 2709
2502 2708
2502 2707
2502 2706
2502 2705
2502 2704
2502 2703
2503 2702
2503 2701
2503 2700
2503 2699
2504 2698
2504 2697
2505 2696
2505 2695
2505 2694
2506 2693
2506 2692
2506 2691
2506 2690
2506 2689
2506 2688
2506 2687
2506 2686
2506 2685
2506 2684
2506 2683
2506 2682
2506 2681
2506 2680
2506 2679
2506 2678
2506 2677
2507 2676
2507 2675
2507 2674
2507 2673
2508 2672
2508 2671
2508 2670
2508 2669
2508 2668
2508 2667
2508 2666
2508 2665
2508 2664
2508 2663
2508 2662
2508 2661
2508 2660
2508 2659
2508 2658
2508 2657
2508 2656
2508 2655
2508 2654
2508 2653
2508 2652
2508 2651
2508 2650
2508 2649
2508 2648
2508 2647
2508 2646
2508 2645
2508 2644
2508 2643
2508 2642
2508 2641
2508 2640
2508 2639
2508 2638
2508 2637
2508 2636
2508 2635
2508 2634
2508 2633
2508 2632
2508 2631
2507 2630
2507 2629
2507 2628
2507 2627
2506 2626
2506 2625
2506 2624
2506 2623
2506 2622
2506 2621
2506 2620
2506 2619
2506 2618
2506 2617
2506 2616
2506 2615
2506 2614
2506 2613
2506 2612
2506 2611
2506 2610
2506 2609
2506 2608
2506 2607
2506 2606
2506 2605
2506 2604
2506 2603
2506 2602
2506 2601
2506 2600
2506 2599
2506 2598
2505 2597
2506 2596
2506 2595
2506 2594
2505 2593
2506 2592
2506 2591
2506 2590
2506 2589
2506 2588
2506 2587
2506 2586
2506 2585
2506 2584
2506 2583
2506 2582
2506 2581
2506 2580
2506 2579
2506 2578
2506 2577
2506 2576
2506 2575
2506 2574
2506 2573
2506 2572
2506 2571
2506 2570
2506 2569
2506 2568
2506 2567
2506 2566
2506 2565
2506 2564
2506 2563
2506 2562
2505 2561
2505 2560
2505 2559
2504 2558
2504 2557
2504 2556
2504 2555
2504 2554
2504 2553
2504 2552
2504 2551
2503 2550
2503 2549
2503 2548
2503 2547
2502 2546
2502 2545
2502 2544
2502 2543
2502 2542
2502 2541
2502 2540
2502 2539
2502 2538
2502 2537
2502 2536
2502 2535
2502 2534
2502 2533
2502 2532
2502 2531
2502 2530
2501 2529
2501 2528
2501 2527
2500 2526
2500 2525
2500 2524
2500 2523
2500 2522
2500 2521
2500 2520
2500 2519
2499 2518
2499 2517
2499 2516
2499 2515
2498 2514
2498 2513
2498 2512
2498 2511
2498 2510
2498 2509
2498 2508
2498 2507
2498 2506
2498 2505
2498 2504
2498 2503
2498 2502
2498 2501
2498 2500
2498 2499
2498 2498
2498 2497
2498 2496
2498 2495
2498 2494
2498 2493
2498 2492
2497 2491
2497 2490
2497 2489
2496 2488
2496 2487
2496 2486
2496 2485
2496 2484
2496 2483
2496 2482
2496 2481
2495 2480
2495 2479
2495 2478
2495 2477
2494 2476
2494 2475
2494 2474
2494 2473
2494 2472
2494 2471
2493 2470
2493 2469
2493 2468
2493 2467
2492 2466
2492 2465
2491 2464
2491 2463
2491 2462
2491 2461
2490 2460
2490 2459
2490 2458
2490 2457
2489 2456
2489 2455
2489 2454
2489 2453
2488 2452
2488 2451
2487 2450
2487 2449
2487 2448
2486 2447
2486 2446
2486 2445
2486 2444
2486 2443
2485 2442
2485 2441
2485 2440
2485 2439
2484 2439
2483 2438
2483 2437
2483 2436
2483 2435
2482 2434
2482 2433
2482 2432
2482 2431
2481 2430
2481 2429
2481 2428
2480 2427
2480 2426
2479 2425
2479 2424
2479 2423
2478 2422
2478 2421
2477 2420
2477 2419
2477 2418
2477 2417
2476 2416
2476 2415
2476 2414
2476 2413
2476 2412
2475 2411
2475 2410
2475 2409
2474 2408
2473 2407
2473 2406
2473 2405
2472 2404
2472 2403
2472 2402
2472 2401
2472 2400
2472 2399
2471 2398
2471 2397
2470 2396
2470 2395
2469 2394
2469 2393
2468 2392
2468 2391
2467 2390
2467 2389
2467 2388
2467 2387
2466 2386
2466 2385
2465 2384
2465 2383
2465 2382
2465 2381
2464 2380
2464 2379
2463 2378
2463 2377
2463 2376
2462 2375
2461 2374
2461 2373
2461 2372
2461 2371
2460 2370
2459 2369
2459 2368
2459 2367
2458 2366
2458 2365
2458 2364
2458 2363
2458 2362
2457 2361
2457 2360
2456 2359
2456 2358
2455 2357
2455 2356
2455 2355
2454 2354
2453 2353
2453 2352
2452 2351
2452 2350
2451 2349
2451 2348
2451 2347
2450 2346
2450 2345
2449 2344
2449 2343
2448 2342
2448 2341
2447 2340
2446 2339
2446 2338
2445 2337
2445 2336
2445 2335
2444 2334
2444 2333
2444 2332
2444 2331
2443 2330
2443 2329
2442 2328
2442 2327
2441 2326
2440 2325
2440 2324
2439 2323
2438 2322
2438 2321
2437 2320
2436 2319
2436 2318
2435 2317
2434 2316
2434 2315
2433 2314
2433 2313
2432 2312
2432 2311
2432 2310
2432 2309
2431 2308
2431 2307
2431 2306
2431 2305
2430 2305
2429 2304
2429 2303
2429 2302
2428 2301
2428 2300
2427 2299
2427 2298
2427 2297
2426 2296
2426 2295
2425 2294
2425 2293
2424 2292
2424 2291
2423 2290
2423 2289
2422 2288
2422 2287
2421 2286
2421 2285
2420 2284
2420 2283
2419 2282
2419 2281
2418 2280
2417 2279
2417 2278
2416 2277
2416 2276
2415 2275
2414 2274
2414 2273
2413 2272
2412 2271
2411 2270
2410 2269
2410 2268
2409 2267
2408 2266
2408 2265
2407 2265
2406 2264
2406 2263
2405 2263
2404 2262
2403 2261
2403 2260
2402 2259
2401 2258
2400 2257
2399 2256
2398 2255
2398 2254
2397 2253
2397 2252
2396 2251
2396 2250
2395 2249
2394 2248
2394 2247
2393 2246
2392 2245
2391 2244
2391 2243
2390 2242
2389 2241
2388 2240
2388 2239
2387 2238
2386 2237
2385 2236
2384 2235
2383 2235
2382 2234
2382 2233
2381 2232
2380 2231
2379 2231
2378 2230
2378 2229
2377 2228
2376 2227
2375 2227
2374 2226
2374 2225
2373 2224
2372 2223
2371 2222
2370 2221
2369 2220
2368 2219
2368 2218
2367 2217
2366 2216
2365 2215
2364 2214
2363 2214
2362 2213
2361 2213
2360 2212
2360 2211
2359 2211
2358 2210
2358 2209
2357 2209
2356 2208
2355 2207
2354 2207
2353 2206
2352 2206
2351 2206
2350 2205
2349 2205
2348 2204
2347 2204
2346 2204
2345 2204
2344 2203
2344 2202
2343 2202
2342 2201
2341 2201
2340 2200
2339 2199
2338 2199
2337 2198
2336 2198
2335 2198
2334 2197
2333 2197
2332 2196
2331 2196
2330 2195
2329 2195
2328 2194
2328 2193
2327 2193
2326 2192
2326 2191
2325 2190
2324 2190
2323 2189
2322 2188
2321 2188
2320 2187
2319 2187
2318 2186
2317 2186
2316 2185
2315 2185
2314 2184
2313 2184
2312 2183
2311 2183
2310 2182
2309 2182
2308 2181
2307 2181
2306 2180
2305 2180
2304 2179
2304 2178
2303 2178
2302 2178
2301 2177
2300 2177
2299 2176
2298 2175
2297 2175
2296 2174
2295 2173
2294 2173
2293 2172
2292 2172
2291 2172
2290 2171
2289 2171
2288 2170
2287 2170
2286 2170
2285 2169
2284 2169
2283 2168
2282 2168
2281 2168
2280 2167
2279 2167
2278 2166
2277 2166
2276 2166
2275 2165
2274 2165
2273 2164
2272 2164
2271 2164
2270 2163
2269 2163
2268 2162
2267 2162
2266 2162
2265 2162
2264 2161
2264 2160
2263 2160
2262 2160
2261 2160
2260 2159
2259 2159
2258 2159
2257 2159
2256 2158
2255 2158
2254 2158
2253 2158
2252 2157
2251 2157
2250 2157
2249 2157
2248 2156
2247 2156
2246 2156
2245 2156
2244 2155
2243 2155
2242 2155
2241 2155
2240 2154
2239 2154
2238 2154
2237 2153
2236 2153
2235 2153
2234 2153
2233 2153
2232 2153
2231 2153
2230 2152
2229 2152
2228 2152
2227 2152
2226 2151
2225 2151
2224 2151
2223 2151
2222 2151
2221 2151
2220 2151
2219 2151
2218 2151
2217 2151
2216 2151
2215 2151
2214 2150
2213 2150
2212 2150
2211 2150
2210 2149
2209 2149
2208 2149
2207 2149
2206 2149
2205 2149
2204 2148
2203 2148
2202 2148
2201 2148
2200 2147
2199 2147
2198 2147
2197 2147
2196 2147
2195 2147
2194 2147
2193 2147
2192 2147
2191 2147
2190 2147
2189 2147
