1516 2751
1515 2752
1514 2753
1513 2753
1512 2754
1511 2754
1510 2755
1509 2755
1508 2755
1507 2755
1506 2755
1505 2755
1504 2755
1503 2755
1502 2756
1501 2756
1500 2757
1499 2758
1498 2759
1497 2759
1497 2760
1496 2761
1495 2762
1494 2763
1493 2763
1493 2764
1492 2765
1491 2765
1490 2766
1489 2766
1489 2767
1488 2768
1487 2768
1486 2769
1485 2769
1484 2770
1483 2770
1482 2771
1481 2772
1480 2773
1479 2773
1478 2774
1477 2774
1476 2775
1475 2775
1474 2775
1473 2775
1472 2775
1471 2775
1470 2776
1469 2776
1468 2777
1467 2777
1467 2778
1466 2779
1465 2779
1464 2780
1463 2780
1462 2781
1461 2781
1460 2781
1459 2781
1458 2782
1457 2782
1456 2783
1455 2783
1454 2784
1453 2785
1452 2785
1451 2786
1450 2787
1449 2787
1448 2788
1447 2789
1446 2789
1445 2790
1444 2791
1443 2791
1442 2792
1441 2792
1441 2793
1440 2794
1439 2794
1438 2795
1437 2796
1436 2797
1435 2798
1435 2799
1434 2800
1433 2801
1433 2802
1432 2803
1431 2803
1430 2804
1430 2805
1429 2806
1428 2807
1427 2807
1426 2808
1425 2808
1425 2809
1424 2810
1423 2810
1422 2811
1421 2811
1420 2812
1420 2813
1419 2814
1418 2815
1417 2815
1417 2816
1416 2817
1415 2817
1414 2818
1413 2819
1412 2819
1411 2820
1410 2821
1409 2822
1408 2822
1407 2823
1406 2824
1405 2825
1405 2826
1404 2827
1403 2828
1402 2829
1401 2830
1401 2831
1400 2832
1399 2833
1399 2834
1398 2835
1397 2835
1397 2836
1396 2837
1395 2838
1395 2839
1394 2840
1394 2841
1393 2842
1393 2843
1392 2844
1391 2845
1390 2846
1389 2847
1388 2848
1387 2849
1387 2850
1386 2851
1385 2851
1384 2852
1383 2853
1383 2854
1382 2855
1381 2855
1380 2856
1379 2857
1379 2858
1378 2859
1377 2860
1377 2861
1376 2862
1375 2863
1375 2864
1374 2865
1373 2866
1372 2867
1371 2868
1371 2869
1370 2870
1369 2871
1369 2872
1368 2873
1367 2873
1367 2874
1366 2875
1365 2875
1365 2876
1364 2877
1364 2878
1363 2879
1363 2880
1363 2881
1363 2882
1363 2883
1363 2884
1363 2885
1363 2886
1363 2887
1363 2888
1363 2889
1363 2890
1363 2891
1363 2892
1363 2893
1363 2894
1363 2895
1363 2896
1363 2897
1363 2898
1363 2899
1363 2900
1363 2901
1363 2902
1363 2903
1363 2904
1363 2905
1363 2906
1363 2907
1363 2908
1362 2909
1362 2910
1362 2911
1362 2912
1361 2913
1360 2913
1360 2914
1359 2915
1359 2916
1358 2917
1357 2918
1356 2918
1355 2919
1355 2920
1354 2921
1353 2921
1352 2922
1351 2923
1351 2924
1350 2925
1349 2925
1349 2926
1348 2927
1348 2928
1347 2929
1346 2929
1346 2930
1346 2931
1345 2932
1345 2933
1344 2934
1344 2935
1344 2936
1343 2937
1343 2938
1342 2939
1342 2940
1341 2941
1341 2942
1340 2943
1340 2944
1339 2945
1339 2946
1339 2947
1339 2948
1338 2949
1338 2950
1337 2951
1337 2952
1336 2953
1335 2954
1334 2955
1334 2956
1333 2957
1333 2958
1332 2959
1332 2960
1331 2961
1330 2961
1330 2962
1330 2963
1330 2964
1329 2965
1329 2966
1328 2967
1328 2968
1328 2969
1327 2970
1326 2971
1326 2972
1326 2973
1325 2974
1324 2975
1324 2976
1324 2977
1324 2978
1323 2979
1323 2980
1322 2981
1322 2982
1322 2983
1322 2984
1321 2985
1320 2985
1320 2986
1320 2987
1320 2988
1319 2989
1318 2989
1318 2990
1318 2991
1318 2992
1317 2993
1316 2993
1316 2994
1316 2995
1316 2996
1315 2997
1315 2998
1314 2999
1314 3000
1314 3001
1314 3002
1313 3003
1313 3004
1313 3005
1313 3006
1313 3007
1313 3008
1312 3009
1312 3010
1312 3011
1311 3012
1311 3013
1311 3014
1311 3015
1311 3016
1311 3017
1311 3018
1311 3019
1311 3020
1311 3021
1311 3022
1311 3023
1311 3024
1310 3025
1310 3026
1310 3027
1310 3028
1309 3029
1309 3030
1309 3031
1309 3032
1309 3033
1309 3034
1309 3035
1309 3036
1310 3037
1310 3038
1310 3039
1310 3040
1311 3041
1311 3042
1311 3043
1311 3044
1311 3045
1311 3046
1311 3047
1311 3048
1311 3049
1311 3050
1311 3051
1311 3052
1311 3053
1311 3054
1311 3055
1311 3056
1311 3057
1311 3058
1311 3059
1311 3060
1311 3061
1311 3062
1311 3063
1311 3064
1312 3065
1312 3066
1312 3067
1312 3068
1313 3069
1313 3070
1313 3071
1313 3072
1313 3073
1313 3074
1313 3075
1313 3076
1313 3077
1313 3078
1313 3079
1313 3080
1313 3081
1313 3082
1313 3083
1313 3084
1313 3085
1313 3086
1313 3087
1313 3088
1313 3089
1313 3090
1313 3091
1313 3092
1313 3093
1313 3094
1313 3095
1313 3096
1313 3097
1313 3098
1314 3099
1314 3100
1314 3101
1315 3102
1316 3103
1316 3104
1316 3105
1316 3106
1317 3107
1317 3108
1317 3109
1317 3110
1318 3111
1318 3112
1318 3113
1318 3114
1319 3115
1319 3116
1319 3117
1319 3118
1319 3119
1319 3120
1320 3121
1320 3122
1320 3123
1320 3124
1321 3125
1321 3126
1322 3127
1322 3128
1322 3129
1323 3130
1323 3131
1323 3132
1323 3133
1323 3134
1323 3135
1323 3136
1323 3137
1323 3138
1324 3139
1324 3140
1324 3141
1324 3142
1325 3143
1325 3144
1326 3145
1326 3146
1326 3147
1327 3148
1327 3149
1328 3150
1329 3151
1329 3152
1330 3153
1330 3154
1331 3155
1331 3156
1332 3157
1332 3158
1332 3159
1332 3160
1333 3161
1333 3162
1333 3163
1333 3164
1334 3165
1334 3166
1334 3167
1334 3168
1335 3169
1335 3170
1335 3171
1335 3172
1335 3173
1335 3174
1335 3175
1336 3176
1336 3177
1336 3178
1337 3179
1337 3180
1337 3181
1337 3182
1338 3183
1338 3184
1339 3185
1339 3186
1340 3187
1340 3188
1341 3189
1342 3190
1342 3191
1342 3192
1343 3192
1344 3193
1344 3194
1344 3195
1344 3196
1345 3197
1345 3198
1346 3199
1346 3200
1347 3201
1347 3202
1348 3203
1349 3203
1350 3204
1351 3205
1351 3206
1352 3207
1352 3208
1353 3208
1354 3209
1354 3210
1355 3211
1355 3212
1356 3213
1357 3213
1358 3214
1359 3215
1359 3216
1360 3216
1361 3217
1361 3218
1362 3218
1363 3219
1363 3220
1364 3221
1365 3222
1366 3222
1367 3223
1367 3224
1368 3224
1369 3225
1369 3226
1370 3226
1371 3227
1371 3228
1372 3229
1372 3230
1373 3231
1374 3232
1375 3233
1375 3234
1376 3235
1377 3236
1378 3237
1379 3238
1379 3239
1380 3240
1380 3241
1381 3242
1381 3243
1382 3244
1383 3245
1383 3246
1384 3246
1385 3247
1385 3248
1386 3249
1387 3250
1388 3250
1389 3251
1389 3252
1390 3252
1391 3253
1392 3253
1393 3254
1393 3255
1394 3255
1395 3256
1396 3257
1397 3258
1398 3259
1399 3260
1400 3260
1401 3261
1402 3262
1403 3263
1404 3263
1405 3264
1406 3265
1407 3266
1408 3267
1409 3267
1410 3268
1411 3269
1411 3270
1412 3270
1413 3271
1414 3272
1414 3273
1415 3274
1416 3275
1417 3275
1418 3276
1419 3277
1419 3278
1420 3278
1421 3279
1422 3280
1423 3281
1424 3281
1425 3282
1426 3282
1427 3283
1428 3283
1429 3283
1430 3284
1431 3284
1432 3285
1433 3286
1434 3286
1435 3287
1436 3288
1437 3288
1438 3289
1439 3290
1440 3290
1441 3291
1442 3292
1443 3293
1444 3293
1445 3294
1446 3294
1447 3295
1447 3296
1448 3296
1449 3297
1449 3298
1450 3298
1451 3299
1452 3299
1453 3300
1454 3300
1455 3300
1456 3300
1457 3301
1458 3301
1459 3301
1460 3302
1461 3302
1462 3303
1463 3304
1464 3304
1465 3305
1466 3305
1467 3306
1468 3306
1469 3307
1470 3307
1471 3307
1472 3307
1473 3308
1474 3308
1475 3308
1476 3308
1477 3308
1478 3308
1479 3309
1480 3309
1481 3310
1482 3310
1483 3311
1484 3312
1485 3312
1486 3312
1487 3313
1488 3313
1489 3314
1490 3314
1491 3315
1492 3315
1493 3316
1494 3316
1495 3317
1496 3317
1497 3317
1498 3317
1499 3318
1500 3318
1501 3318
1502 3318
1503 3318
1504 3318
1505 3319
1506 3319
1507 3319
1508 3320
1509 3320
1510 3320
1511 3320
1512 3320
1513 3320
1514 3320
1515 3320
1516 3320
1517 3320
1518 3320
1519 3320
1520 3320
1521 3320
1522 3320
1523 3320
1524 3320
1525 3320
1526 3320
1527 3320
1528 3320
1529 3320
1530 3320
1531 3320
1532 3320
1533 3320
1534 3320
1535 3320
1536 3320
1537 3321
1538 3321
1539 3321
1540 3322
1541 3322
1542 3322
1543 3322
1544 3322
1545 3322
1546 3322
1547 3322
1548 3322
1549 3322
1550 3322
1551 3322
1552 3322
1553 3321
1554 3320
1555 3320
1556 3320
1557 3320
1558 3320
1559 3321
1560 3321
1561 3322
1562 3322
1563 3322
1564 3322
1565 3322
1566 3322
1567 3322
1568 3321
1569 3321
1570 3321
1571 3320
1572 3320
1573 3320
1574 3320
1575 3320
1576 3320
1577 3320
1578 3320
1579 3320
1580 3320
1581 3320
1582 3320
1583 3320
1584 3320
1585 3319
1586 3319
1587 3319
1588 3319
1589 3318
1590 3318
1591 3318
1592 3318
1593 3317
1594 3317
1595 3317
1596 3317
1597 3316
1598 3316
1599 3316
1600 3316
1601 3315
1602 3315
1603 3315
1604 3315
1605 3314
1606 3314
1607 3313
1608 3313
1609 3312
1610 3312
1610 3311
1611 3310
1612 3310
1613 3309
1614 3309
1615 3308
1616 3307
1617 3306
1618 3306
1619 3305
1620 3304
1621 3304
1622 3303
1623 3302
1624 3302
1625 3301
1626 3300
1627 3300
1628 3299
1629 3298
1630 3298
1630 3297
1631 3296
1632 3296
1632 3295
1633 3294
1634 3294
1635 3293
1636 3292
1637 3291
1638 3291
1639 3290
1640 3289
1641 3288
1642 3288
1643 3287
1644 3286
1645 3286
1646 3285
1647 3284
1648 3283
1649 3283
1650 3282
1651 3281
1651 3280
1652 3279
1653 3278
1654 3278
1654 3277
1655 3276
1656 3275
1657 3275
1658 3274
1659 3273
1659 3272
1660 3271
1661 3270
1662 3270
1663 3269
1664 3269
1665 3268
1666 3267
1667 3266
1668 3266
1669 3265
1669 3264
1670 3263
1671 3262
1672 3262
1673 3261
1674 3261
1675 3260
1676 3259
1677 3258
1678 3258
1678 3257
1679 3256
1680 3255
1680 3254
1681 3253
1682 3252
1682 3251
1683 3250
1684 3249
1685 3248
1685 3247
1686 3246
1686 3245
1687 3244
1688 3243
1689 3242
1689 3241
1690 3240
1690 3239
1691 3238
1691 3237
1692 3236
1693 3235
1694 3234
1694 3233
1695 3232
1696 3232
1696 3231
1697 3230
1698 3229
1699 3228
1699 3227
1699 3226
1699 3225
1700 3224
1701 3224
1701 3223
1702 3222
1702 3221
1703 3220
1704 3219
1705 3218
1705 3217
1706 3216
1707 3216
1707 3215
1707 3214
1708 3213
1709 3212
1709 3211
1710 3210
1710 3209
1711 3208
1711 3207
1712 3206
1712 3205
1713 3204
1713 3203
1713 3202
1713 3201
1714 3200
1714 3199
1715 3198
1715 3197
1715 3196
1716 3195
1716 3194
1717 3193
1717 3192
1718 3191
1719 3190
1719 3189
1719 3188
1720 3187
1720 3186
1721 3185
1722 3184
1722 3183
1723 3182
1723 3181
1724 3180
1724 3179
1725 3178
1725 3177
1726 3176
1726 3175
1727 3174
1728 3173
1728 3172
1729 3171
1729 3170
1730 3169
1731 3168
1731 3167
1732 3166
1732 3165
1733 3164
1733 3163
1734 3162
1734 3161
1735 3160
1735 3159
1736 3158
1736 3157
1737 3156
1737 3155
1738 3154
1738 3153
1739 3152
1739 3151
1739 3150
1740 3149
1741 3148
1742 3148
1742 3147
1743 3146
1744 3145
1745 3144
1745 3143
1745 3142
1745 3141
1746 3140
1746 3139
1747 3138
1747 3137
1747 3136
1747 3135
1748 3134
1748 3133
1749 3132
1749 3131
1749 3130
1749 3129
1750 3128
1750 3127
1751 3126
1752 3125
1752 3124
1753 3123
1754 3122
1754 3121
1754 3120
1754 3119
1754 3118
1754 3117
1754 3116
1754 3115
1754 3114
1754 3113
1754 3112
1754 3111
1754 3110
1754 3109
1754 3108
1754 3107
1754 3106
1754 3105
1754 3104
1754 3103
1754 3102
1754 3101
1754 3100
1754 3099
1754 3098
1754 3097
1754 3096
1754 3095
1754 3094
1754 3093
1754 3092
1754 3091
1754 3090
1754 3089
1754 3088
1754 3087
1754 3086
1754 3085
1754 3084
1754 3083
1754 3082
1754 3081
1754 3080
1754 3079
1754 3078
1754 3077
1754 3076
1754 3075
1754 3074
1754 3073
1754 3072
1754 3071
1755 3070
1755 3069
1755 3068
1755 3067
1756 3066
1756 3065
1757 3064
1757 3063
1757 3062
1757 3061
1758 3060
1758 3059
1758 3058
1758 3057
1758 3056
1758 3055
1758 3054
1758 3053
1758 3052
1758 3051
1758 3050
1758 3049
1758 3048
1758 3047
1758 3046
1758 3045
1758 3044
1758 3043
1758 3042
1758 3041
1758 3040
1758 3039
1758 3038
1758 3037
1758 3036
1758 3035
1757 3034
1756 3033
1756 3032
1756 3031
1756 3030
1757 3029
1758 3028
1758 3027
1758 3026
1758 3025
1758 3024
1758 3023
1758 3022
1758 3021
1758 3020
1758 3019
1758 3018
1758 3017
1757 3016
1757 3015
1757 3014
1757 3013
1756 3012
1756 3011
1756 3010
1756 3009
1756 3008
1756 3007
1755 3006
1755 3005
1755 3004
1755 3003
1754 3002
1754 3001
1754 3000
1754 2999
1754 2998
1754 2997
1754 2996
1754 2995
1754 2994
1754 2993
1754 2992
1754 2991
1754 2990
1754 2989
1754 2988
1754 2987
1754 2986
1754 2985
1754 2984
1754 2983
1754 2982
1754 2981
1754 2980
1754 2979
1754 2978
1753 2977
1753 2976
1753 2975
1752 2974
1752 2973
1752 2972
1752 2971
1752 2970
1752 2969
1752 2968
1752 2967
1752 2966
1752 2965
1752 2964
1752 2963
1752 2962
1752 2961
1752 2960
1752 2959
1752 2958
1752 2957
1752 2956
1752 2955
1752 2954
1752 2953
1752 2952
1752 2951
1752 2950
1752 2949
1752 2948
1752 2947
1751 2946
1751 2945
1751 2944
1750 2943
1749 2942
1749 2941
1749 2940
1749 2939
1748 2938
1748 2937
1748 2936
1748 2935
1747 2934
1747 2933
1747 2932
1747 2931
1746 2930
1745 2929
1745 2928
1745 2927
1744 2926
1744 2925
1744 2924
1744 2923
1743 2922
1743 2921
1742 2920
1742 2919
1741 2918
1741 2917
1740 2916
1740 2915
1740 2914
1740 2913
1740 2912
1740 2911
1740 2910
1740 2909
1740 2908
1740 2907
1740 2906
1740 2905
1739 2904
1739 2903
1738 2902
1737 2901
1736 2900
1735 2899
1734 2898
1734 2897
1733 2896
1733 2895
1733 2894
1733 2893
1732 2892
1731 2891
1730 2890
1730 2889
1729 2889
1728 2888
1728 2887
1727 2887
1726 2886
1726 2885
1725 2884
1724 2883
1723 2883
1722 2882
1722 2881
1721 2881
1720 2880
1720 2879
1719 2879
1718 2878
1718 2877
1717 2876
1717 2875
1716 2874
1715 2873
1714 2872
1714 2871
1713 2870
1712 2870
1711 2869
1710 2868
1710 2867
1709 2867
1708 2866
1707 2865
1706 2864
1706 2863
1705 2862
1704 2861
1704 2860
1703 2859
1703 2858
1703 2857
1702 2857
1701 2856
1701 2855
1700 2854
1700 2853
1699 2852
1699 2851
1698 2850
1697 2849
1696 2848
1695 2847
1694 2846
1694 2845
1693 2845
1692 2844
1692 2843
1691 2842
1691 2841
1690 2840
1689 2839
1689 2838
1688 2837
1688 2836
1687 2835
1686 2834
1686 2833
1685 2832
1684 2831
1684 2830
1683 2829
1682 2828
1682 2827
1681 2826
1681 2825
1680 2824
1679 2823
1679 2822
1679 2821
1678 2820
1677 2819
1676 2818
1676 2817
1675 2816
1674 2815
1673 2814
1672 2814
1671 2813
1670 2812
1670 2811
1669 2811
1668 2810
1667 2809
1667 2808
1666 2807
1665 2806
1664 2806
1663 2805
1662 2804
1662 2803
1661 2803
1660 2802
1659 2801
1659 2800
1658 2799
1657 2798
1656 2797
1655 2797
1654 2796
1653 2796
1652 2795
1651 2795
1650 2794
1649 2794
1648 2793
1647 2793
1646 2792
1645 2791
1644 2790
1643 2790
1642 2789
1641 2788
1640 2787
1639 2787
1638 2786
1638 2785
1637 2785
1636 2784
1635 2783
1634 2783
1633 2782
1632 2781
1631 2781
1630 2780
1629 2780
1628 2779
1627 2779
1626 2778
1625 2778
1624 2777
1623 2777
1622 2776
1622 2775
1621 2775
1620 2774
1619 2773
1618 2773
1617 2772
1616 2772
1615 2772
1614 2771
1613 2771
1612 2770
1611 2770
1610 2770
1609 2770
1608 2769
1608 2768
1607 2768
1606 2768
1605 2768
1604 2767
1604 2766
1603 2766
1602 2766
1601 2766
1600 2765
1600 2764
1599 2764
1598 2764
1597 2764
1596 2763
1595 2763
1594 2762
1593 2762
1592 2762
1591 2762
1590 2761
1589 2761
1588 2760
1587 2760
1586 2760
1585 2760
1584 2759
1584 2758
1583 2758
1582 2758
1581 2757
1580 2756
1579 2756
1578 2755
1577 2755
1576 2754
1575 2754
1574 2753
1573 2753
1572 2753
1571 2753
1570 2752
1569 2752
1568 2752
1567 2751
1566 2751
1565 2751
1564 2751
1563 2751
1562 2751
1561 2751
1560 2751
1559 2751
1558 2751
1557 2751
1557 2752
1557 2753
1556 2754
1555 2755
1554 2755
1553 2754
1553 2753
1552 2753
1551 2752
1550 2751
1549 2751
1548 2751
1547 2751
1546 2751
1545 2751
1544 2751
1543 2751
1542 2751
1541 2751
1540 2751
1539 2751
1538 2751
1537 2751
1536 2751
1535 2751
1534 2751
1533 2751
1532 2751
1531 2751
1530 2751
1529 2751
1528 2751
1527 2751
1526 2751
1525 2751
1524 2751
1523 2751
1522 2751
1521 2751
1520 2751
1519 2751
1518 2751
1517 2751
1516 2751
