1483 4847
1482 4848
1481 4848
1480 4848
1479 4848
1478 4849
1477 4849
1476 4849
1475 4849
1474 4849
1473 4849
1472 4850
1471 4850
1470 4850
1469 4850
1468 4851
1467 4851
1466 4851
1465 4851
1464 4851
1463 4851
1462 4851
1461 4851
1460 4852
1459 4852
1458 4852
1457 4852
1456 4853
1455 4853
1454 4854
1453 4854
1452 4854
1451 4854
1450 4855
1449 4855
1448 4855
1447 4855
1446 4856
1445 4856
1444 4856
1443 4856
1442 4857
1441 4857
1440 4857
1439 4857
1438 4857
1437 4857
1436 4857
1435 4858
1434 4858
1433 4858
1432 4859
1431 4859
1430 4860
1429 4860
1428 4861
1427 4861
1426 4862
1425 4862
1424 4863
1423 4864
1422 4864
1421 4865
1420 4865
1419 4866
1418 4866
1417 4866
1417 4867
1416 4868
1415 4868
1414 4868
1413 4869
1412 4869
1411 4870
1410 4871
1409 4871
1409 4872
1408 4873
1407 4873
1406 4874
1405 4875
1404 4875
1403 4876
1402 4877
1401 4878
1400 4878
1399 4879
1398 4880
1398 4881
1397 4882
1396 4883
1395 4883
1395 4884
1394 4885
1393 4886
1392 4886
1391 4887
1390 4888
1389 4889
1388 4890
1387 4890
1386 4891
1385 4892
1384 4893
1383 4893
1382 4894
1381 4895
1381 4896
1380 4897
1379 4898
1378 4899
1378 4900
1377 4901
1376 4902
1375 4903
1374 4904
1373 4905
1373 4906
1372 4907
1371 4908
1370 4909
1370 4910
1370 4911
1369 4912
1368 4913
1368 4914
1368 4915
1368 4916
1367 4917
1367 4918
1366 4919
1366 4920
1365 4921
1365 4922
1364 4923
1363 4924
1362 4925
1362 4926
1362 4927
1362 4928
1361 4929
1360 4929
1360 4930
1360 4931
1360 4932
1359 4933
1358 4933
1358 4934
1357 4935
1357 4936
1356 4937
1355 4938
1355 4939
1354 4940
1354 4941
1354 4942
1353 4943
1353 4944
1352 4945
1352 4946
1351 4947
1351 4948
1350 4949
1349 4949
1348 4950
1348 4951
1348 4952
1347 4953
1347 4954
1346 4955
1346 4956
1346 4957
1345 4958
1345 4959
1344 4960
1344 4961
1343 4962
1342 4963
1342 4964
1341 4965
1341 4966
1340 4967
1340 4968
1339 4969
1339 4970
1338 4971
1338 4972
1338 4973
1337 4974
1337 4975
1336 4976
1336 4977
1336 4978
1335 4979
1335 4980
1334 4981
1334 4982
1333 4983
1333 4984
1332 4985
1331 4986
1331 4987
1330 4988
1330 4989
1330 4990
1329 4991
1329 4992
1328 4993
1328 4994
1327 4995
1327 4996
1326 4997
1325 4997
1324 4998
1324 4999
1324 5000
1323 5001
1323 5002
1322 5003
1322 5004
1322 5005
1321 5006
1321 5007
1320 5008
1320 5009
1320 5010
1319 5011
1319 5012
1318 5013
1318 5014
1318 5015
1318 5016
1317 5017
1317 5018
1317 5019
1317 5020
1316 5021
1316 5022
1316 5023
1316 5024
1315 5025
1315 5026
1315 5027
1315 5028
1314 5029
1314 5030
1314 5031
1314 5032
1313 5033
1313 5034
1313 5035
1313 5036
1313 5037
1313 5038
1313 5039
1313 5040
1313 5041
1313 5042
1313 5043
1313 5044
1313 5045
1313 5046
1313 5047
1313 5048
1312 5049
1312 5050
1312 5051
1312 5052
1311 5053
1311 5054
1310 5055
1310 5056
1310 5057
1310 5058
1309 5059
1309 5060
1308 5061
1308 5062
1308 5063
1308 5064
1307 5065
1307 5066
1307 5067
1307 5068
1307 5069
1307 5070
1307 5071
1306 5072
1306 5073
1306 5074
1305 5075
1305 5076
1305 5077
1305 5078
1304 5079
1304 5080
1304 5081
1304 5082
1303 5083
1303 5084
1302 5085
1302 5086
1302 5087
1302 5088
1301 5089
1300 5089
1300 5090
1300 5091
1300 5092
1299 5093
1299 5094
1299 5095
1299 5096
1299 5097
1299 5098
1299 5099
1299 5100
1299 5101
1299 5102
1299 5103
1299 5104
1300 5105
1300 5106
1300 5107
1300 5108
1301 5109
1301 5110
1301 5111
1301 5112
1301 5113
1301 5114
1301 5115
1301 5116
1301 5117
1301 5118
1301 5119
1301 5120
1301 5121
1301 5122
1302 5123
1302 5124
1302 5125
1302 5126
1303 5127
1303 5128
1303 5129
1303 5130
1303 5131
1303 5132
1303 5133
1303 5134
1303 5135
1304 5136
1304 5137
1304 5138
1305 5139
1305 5140
1305 5141
1305 5142
1305 5143
1305 5144
1305 5145
1305 5146
1306 5147
1306 5148
1306 5149
1306 5150
1307 5151
1307 5152
1307 5153
1307 5154
1307 5155
1307 5156
1307 5157
1307 5158
1307 5159
1308 5160
1308 5161
1308 5162
1309 5163
1309 5164
1309 5165
1309 5166
1309 5167
1309 5168
1309 5169
1309 5170
1309 5171
1309 5172
1310 5173
1310 5174
1310 5175
1310 5176
1311 5177
1311 5178
1311 5179
1311 5180
1311 5181
1311 5182
1311 5183
1312 5184
1312 5185
1312 5186
1313 5187
1313 5188
1313 5189
1313 5190
1314 5191
1314 5192
1314 5193
1315 5194
1315 5195
1315 5196
1315 5197
1315 5198
1316 5199
1316 5200
1316 5201
1316 5202
1317 5203
1317 5204
1318 5205
1318 5206
1319 5207
1319 5208
1320 5209
1320 5210
1321 5211
1321 5212
1321 5213
1322 5214
1322 5215
1322 5216
1323 5217
1323 5218
1324 5219
1324 5220
1324 5221
1324 5222
1325 5223
1326 5224
1326 5225
1326 5226
1327 5227
1327 5228
1327 5229
1327 5230
1327 5231
1328 5232
1328 5233
1329 5234
1329 5235
1330 5236
1330 5237
1330 5238
1331 5239
1332 5240
1332 5241
1332 5242
1333 5243
1334 5244
1334 5245
1334 5246
1335 5247
1336 5248
1337 5249
1337 5250
1338 5251
1339 5252
1339 5253
1340 5254
1340 5255
1340 5256
1341 5256
1342 5257
1342 5258
1342 5259
1342 5260
1343 5261
1344 5262
1345 5263
1345 5264
1346 5265
1347 5266
1348 5267
1349 5268
1349 5269
1350 5270
1351 5271
1352 5272
1353 5273
1354 5274
1355 5275
1355 5276
1356 5276
1357 5277
1357 5278
1358 5279
1358 5280
1359 5280
1360 5281
1360 5282
1361 5283
1362 5284
1363 5285
1363 5286
1364 5286
1365 5287
1366 5288
1366 5289
1367 5290
1368 5291
1369 5292
1370 5292
1371 5293
1372 5294
1373 5295
1374 5296
1375 5296
1376 5297
1377 5298
1378 5298
1379 5299
1379 5300
1380 5301
1381 5302
1382 5302
1383 5303
1384 5303
1385 5304
1385 5305
1386 5305
1387 5306
1388 5306
1389 5307
1390 5308
1391 5308
1392 5309
1393 5310
1394 5310
1395 5311
1395 5312
1396 5312
1397 5313
1398 5314
1399 5314
1400 5315
1401 5316
1402 5316
1403 5317
1404 5318
1405 5319
1406 5319
1407 5319
1408 5319
1409 5320
1409 5321
1410 5321
1411 5322
1412 5322
1413 5323
1414 5324
1415 5324
1416 5324
1417 5325
1418 5325
1419 5325
1420 5326
1421 5327
1422 5327
1423 5327
1424 5327
1425 5328
1425 5329
1426 5329
1427 5329
1428 5330
1429 5331
1430 5331
1431 5331
1432 5331
1433 5332
1434 5332
1435 5333
1436 5333
1437 5333
1438 5333
1439 5334
1440 5334
1441 5334
1442 5334
1443 5335
1444 5335
1445 5335
1446 5335
1447 5336
1448 5336
1449 5336
1450 5336
1451 5336
1452 5336
1453 5337
1454 5337
1455 5337
1456 5337
1457 5338
1458 5338
1459 5338
1460 5338
1461 5338
1462 5338
1463 5338
1464 5338
1465 5339
1466 5339
1467 5339
1468 5339
1469 5340
1470 5340
1471 5340
1472 5340
1473 5340
1474 5340
1475 5340
1476 5340
1477 5340
1478 5340
1479 5340
1480 5340
1481 5340
1482 5340
1483 5340
1484 5340
1485 5340
1486 5340
1487 5340
1488 5340
1489 5339
1490 5340
1491 5340
1492 5341
1493 5340
1494 5340
1495 5341
1496 5341
1497 5340
1498 5340
1499 5339
1500 5339
1501 5339
1502 5339
1503 5338
1504 5337
1505 5337
1506 5337
1507 5336
1508 5336
1509 5336
1510 5336
1511 5335
1512 5335
1513 5335
1514 5334
1515 5334
1516 5333
1517 5333
1518 5332
1519 5331
1520 5331
1521 5330
1522 5330
1523 5329
1524 5329
1525 5328
1526 5328
1527 5327
1528 5327
1529 5327
1530 5326
1531 5325
1532 5325
1533 5324
1534 5324
1535 5323
1536 5323
1537 5322
1538 5322
1539 5321
1540 5321
1541 5321
1542 5320
1543 5320
1544 5319
1545 5319
1546 5319
1547 5318
1548 5318
1549 5317
1550 5317
1551 5316
1552 5316
1553 5315
1554 5314
1555 5313
1556 5312
1557 5311
1558 5311
1559 5310
1560 5309
1561 5309
1562 5308
1563 5307
1564 5306
1565 5305
1566 5304
1567 5304
1568 5303
1569 5302
1570 5302
1570 5301
1571 5300
1572 5299
1573 5298
1574 5298
1574 5297
1575 5296
1576 5296
1577 5295
1578 5294
1578 5293
1579 5292
1580 5291
1581 5290
1582 5290
1583 5289
1584 5288
1585 5287
1586 5286
1586 5285
1587 5284
1588 5284
1588 5283
1589 5282
1589 5281
1590 5280
1591 5280
1591 5279
1592 5278
1592 5277
1593 5276
1594 5275
1594 5274
1595 5273
1595 5272
1596 5271
1597 5270
1597 5269
1597 5268
1597 5267
1598 5266
1599 5265
1599 5264
1600 5263
1601 5262
1601 5261
1601 5260
1602 5259
1602 5258
1603 5257
1603 5256
1603 5255
1604 5254
1604 5253
1604 5252
1604 5251
1605 5250
1605 5249
1606 5248
1606 5247
1607 5246
1608 5245
1608 5244
1608 5243
1609 5242
1609 5241
1609 5240
1610 5239
1611 5238
1611 5237
1611 5236
1611 5235
1612 5234
1612 5233
1613 5232
1613 5231
1613 5230
1614 5229
1615 5228
1615 5227
1615 5226
1615 5225
1616 5224
1616 5223
1617 5222
1617 5221
1617 5220
1617 5219
1618 5218
1618 5217
1619 5216
1619 5215
1619 5214
1620 5213
1620 5212
1620 5211
1621 5210
1621 5209
1621 5208
1621 5207
1622 5206
1622 5205
1622 5204
1622 5203
1622 5202
1623 5201
1623 5200
1624 5199
1625 5198
1625 5197
1625 5196
1625 5195
1626 5194
1626 5193
1627 5192
1627 5191
1627 5190
1627 5189
1628 5188
1628 5187
1628 5186
1628 5185
1629 5184
1629 5183
1629 5182
1629 5181
1630 5180
1630 5179
1630 5178
1630 5177
1631 5176
1631 5175
1632 5174
1632 5173
1633 5172
1633 5171
1634 5170
1634 5169
1634 5168
1634 5167
1634 5166
1634 5165
1634 5164
1634 5163
1634 5162
1634 5161
1634 5160
1634 5159
1634 5158
1634 5157
1634 5156
1634 5155
1634 5154
1634 5153
1634 5152
1634 5151
1634 5150
1634 5149
1634 5148
1634 5147
1634 5146
1634 5145
1634 5144
1634 5143
1634 5142
1634 5141
1634 5140
1634 5139
1634 5138
1634 5137
1634 5136
1634 5135
1634 5134
1634 5133
1634 5132
1634 5131
1634 5130
1634 5129
1634 5128
1634 5127
1634 5126
1634 5125
1635 5124
1635 5123
1635 5122
1635 5121
1636 5120
1636 5119
1636 5118
1636 5117
1636 5116
1636 5115
1637 5114
1637 5113
1637 5112
1638 5111
1638 5110
1638 5109
1638 5108
1638 5107
1638 5106
1638 5105
1638 5104
1638 5103
1638 5102
1638 5101
1638 5100
1638 5099
1637 5099
1636 5099
1635 5099
1634 5099
1633 5099
1632 5098
1632 5097
1632 5096
1632 5095
1633 5094
1634 5094
1635 5094
1636 5094
1637 5093
1638 5092
1639 5092
1639 5091
1639 5090
1639 5089
1640 5088
1640 5087
1640 5086
1640 5085
1640 5084
1640 5083
1640 5082
1640 5081
1639 5080
1639 5079
1639 5078
1639 5077
1638 5076
1638 5075
1638 5074
1638 5073
1637 5072
1637 5071
1637 5070
1637 5069
1636 5069
1635 5068
1635 5067
1635 5066
1635 5065
1634 5064
1634 5063
1634 5062
1634 5061
1633 5060
1633 5059
1633 5058
1633 5057
1632 5056
1632 5055
1631 5054
1631 5053
1631 5052
1631 5051
1630 5050
1630 5049
1629 5048
1629 5047
1629 5046
1629 5045
1628 5044
1628 5043
1628 5042
1628 5041
1627 5040
1627 5039
1627 5038
1627 5037
1626 5036
1626 5035
1626 5034
1626 5033
1625 5032
1625 5031
1625 5030
1625 5029
1624 5028
1624 5027
1623 5026
1623 5025
1623 5024
1622 5023
1622 5022
1622 5021
1622 5020
1622 5019
1622 5018
1622 5017
1621 5016
1621 5015
1621 5014
1621 5013
1620 5012
1620 5011
1620 5010
1620 5009
1620 5008
1620 5007
1619 5006
1619 5005
1619 5004
1619 5003
1618 5002
1618 5001
1618 5000
1618 4999
1618 4998
1618 4997
1618 4996
1618 4995
1618 4994
1617 4993
1617 4992
1617 4991
1616 4990
1616 4989
1616 4988
1616 4987
1616 4986
1616 4985
1616 4984
1616 4983
1615 4982
1615 4981
1615 4980
1615 4979
1614 4978
1614 4977
1614 4976
1614 4975
1614 4974
1614 4973
1613 4972
1613 4971
1613 4970
1613 4969
1612 4968
1612 4967
1612 4966
1612 4965
1611 4964
1611 4963
1611 4962
1611 4961
1610 4960
1610 4959
1610 4958
1610 4957
1609 4956
1609 4955
1609 4954
1609 4953
1608 4952
1608 4951
1607 4950
1607 4949
1607 4948
1607 4947
1606 4946
1606 4945
1605 4944
1605 4943
1605 4942
1605 4941
1604 4940
1604 4939
1603 4938
1603 4937
1602 4936
1602 4935
1601 4934
1600 4933
1600 4932
1599 4931
1599 4930
1599 4929
1598 4928
1598 4927
1597 4926
1597 4925
1596 4924
1596 4923
1595 4922
1595 4921
1594 4920
1593 4919
1593 4918
1592 4917
1592 4916
1591 4915
1590 4914
1590 4913
1589 4912
1588 4911
1587 4910
1586 4909
1586 4908
1585 4907
1584 4906
1584 4905
1583 4904
1582 4903
1582 4902
1581 4901
1581 4900
1580 4899
1580 4898
1579 4897
1578 4896
1578 4895
1577 4894
1576 4894
1575 4893
1574 4892
1574 4891
1573 4891
1572 4890
1571 4889
1570 4888
1570 4887
1569 4886
1568 4885
1568 4884
1567 4883
1566 4882
1566 4881
1565 4880
1564 4879
1563 4879
1562 4878
1562 4877
1561 4876
1560 4875
1559 4875
1558 4874
1558 4873
1557 4872
1556 4871
1555 4870
1554 4869
1553 4869
1552 4868
1551 4867
1550 4866
1549 4866
1548 4865
1547 4865
1546 4864
1545 4864
1544 4863
1544 4862
1543 4862
1542 4862
1541 4862
1540 4861
1540 4860
1539 4860
1538 4860
1537 4860
1536 4859
1536 4858
1535 4858
1534 4858
1533 4858
1532 4857
1531 4857
1530 4856
1529 4856
1528 4856
1527 4855
1526 4855
1525 4855
1524 4855
1523 4855
1522 4854
1521 4854
1520 4853
1519 4853
1518 4852
1517 4852
1516 4851
1515 4851
1514 4851
1513 4851
1512 4850
1511 4850
1510 4850
1509 4849
1508 4849
1507 4849
1506 4849
1505 4849
1504 4849
1503 4849
1502 4849
1501 4849
1500 4849
1499 4849
1498 4849
1497 4849
1496 4850
1495 4849
1494 4849
1493 4849
1492 4850
1491 4849
1490 4849
1489 4849
1488 4848
1487 4848
1486 4848
1485 4848
1484 4847
1483 4847
