2692 5927
2691 5928
2690 5929
2689 5929
2689 5930
2688 5931
2687 5931
2686 5932
2685 5932
2684 5933
2683 5933
2682 5933
2681 5933
2680 5933
2679 5933
2678 5933
2677 5933
2676 5933
2675 5933
2674 5933
2673 5933
2672 5934
2671 5934
2670 5934
2669 5934
2668 5935
2667 5935
2666 5935
2665 5935
2664 5936
2663 5936
2662 5936
2661 5936
2660 5937
2659 5937
2658 5938
2657 5938
2656 5938
2655 5939
2654 5939
2653 5939
2652 5939
2651 5939
2650 5939
2649 5939
2648 5940
2647 5940
2646 5941
2645 5942
2644 5942
2643 5943
2643 5944
2642 5945
2641 5945
2640 5946
2639 5947
2639 5948
2638 5949
2637 5950
2636 5951
2635 5951
2634 5952
2633 5953
2633 5954
2632 5955
2631 5955
2631 5956
2630 5957
2629 5958
2629 5959
2628 5960
2628 5961
2627 5962
2627 5963
2626 5964
2625 5965
2624 5966
2623 5967
2622 5968
2621 5969
2621 5970
2620 5971
2619 5972
2618 5973
2618 5974
2618 5975
2617 5976
2616 5977
2616 5978
2616 5979
2616 5980
2615 5981
2615 5982
2614 5983
2614 5984
2614 5985
2614 5986
2613 5987
2613 5988
2613 5989
2613 5990
2612 5991
2612 5992
2612 5993
2612 5994
2611 5995
2611 5996
2610 5997
2610 5998
2609 5999
2609 6000
2608 6001
2607 6001
2607 6002
2606 6003
2605 6003
2605 6004
2604 6005
2603 6006
2603 6007
2602 6008
2602 6009
2602 6010
2601 6011
2601 6012
2601 6013
2600 6014
2599 6015
2599 6016
2598 6017
2597 6018
2596 6019
2595 6019
2595 6020
2594 6021
2593 6022
2592 6022
2591 6023
2590 6024
2589 6025
2589 6026
2588 6027
2588 6028
2587 6029
2587 6030
2586 6031
2586 6032
2586 6033
2585 6034
2585 6035
2584 6036
2583 6037
2582 6038
2581 6039
2580 6040
2579 6041
2579 6042
2578 6043
2577 6044
2577 6045
2576 6046
2576 6047
2575 6048
2574 6049
2574 6050
2573 6051
2573 6052
2572 6053
2571 6054
2571 6055
2570 6056
2570 6057
2569 6058
2569 6059
2568 6060
2568 6061
2568 6062
2567 6063
2567 6064
2567 6065
2567 6066
2567 6067
2567 6068
2567 6069
2567 6070
2567 6071
2567 6072
2567 6073
2567 6074
2567 6075
2567 6076
2567 6077
2567 6078
2567 6079
2567 6080
2566 6081
2566 6082
2566 6083
2565 6084
2565 6085
2564 6086
2564 6087
2564 6088
2563 6089
2562 6089
2562 6090
2562 6091
2562 6092
2561 6093
2561 6094
2560 6095
2560 6096
2559 6097
2559 6098
2558 6099
2558 6100
2557 6101
2557 6102
2556 6103
2556 6104
2556 6105
2556 6106
2555 6107
2555 6108
2555 6109
2555 6110
2555 6111
2554 6112
2554 6113
2554 6114
2553 6115
2553 6116
2552 6117
2552 6118
2552 6119
2552 6120
2551 6121
2550 6121
2550 6122
2549 6123
2549 6124
2548 6125
2548 6126
2548 6127
2548 6128
2547 6129
2547 6130
2547 6131
2546 6132
2545 6133
2545 6134
2545 6135
2545 6136
2545 6137
2545 6138
2546 6139
2546 6140
2546 6141
2546 6142
2547 6143
2547 6144
2548 6145
2548 6146
2548 6147
2548 6148
2549 6149
2550 6150
2551 6151
2551 6152
2552 6152
2553 6153
2553 6154
2554 6154
2555 6155
2555 6156
2556 6157
2556 6158
2557 6158
2558 6159
2559 6160
2560 6161
2561 6161
2562 6161
2563 6162
2564 6162
2565 6163
2566 6163
2567 6163
2568 6163
2569 6164
2569 6165
2570 6165
2571 6165
2572 6165
2573 6166
2574 6166
2575 6166
2576 6166
2577 6166
2578 6166
2579 6167
2580 6167
2581 6167
2582 6168
2583 6168
2584 6169
2585 6169
2586 6170
2587 6170
2588 6171
2589 6171
2590 6172
2591 6173
2592 6173
2593 6174
2594 6174
2595 6175
2596 6176
2597 6176
2598 6176
2599 6176
2600 6176
2601 6177
2602 6177
2603 6178
2604 6178
2605 6179
2606 6180
2607 6180
2608 6181
2609 6182
2610 6182
2611 6183
2612 6184
2613 6185
2613 6186
2614 6187
2614 6188
2615 6189
2616 6190
2617 6191
2618 6192
2619 6193
2620 6193
2621 6193
2622 6194
2623 6194
2624 6195
2625 6196
2626 6196
2627 6197
2628 6198
2629 6199
2629 6200
2630 6201
2631 6202
2632 6203
2633 6204
2633 6205
2634 6205
2635 6205
2636 6205
2637 6206
2638 6206
2639 6206
2640 6206
2641 6207
2642 6207
2643 6207
2644 6208
2645 6208
2646 6208
2647 6209
2648 6209
2649 6210
2650 6210
2651 6211
2651 6212
2652 6213
2653 6214
2654 6214
2655 6215
2656 6215
2657 6216
2657 6217
2658 6217
2659 6218
2660 6218
2661 6219
2662 6220
2662 6221
2663 6222
2664 6222
2665 6223
2665 6224
2666 6224
2667 6225
2668 6226
2669 6227
2670 6227
2671 6228
2672 6228
2673 6229
2674 6230
2675 6230
2676 6231
2677 6231
2678 6232
2679 6232
2680 6233
2681 6234
2682 6234
2683 6235
2683 6236
2684 6236
2685 6237
2686 6238
2687 6238
2688 6239
2689 6239
2690 6239
2691 6240
2692 6240
2693 6240
2694 6240
2695 6240
2696 6239
2697 6240
2698 6240
2699 6239
2700 6239
2701 6240
2702 6240
2703 6241
2704 6241
2705 6242
2706 6242
2707 6243
2708 6244
2709 6244
2710 6245
2711 6245
2712 6245
2713 6246
2714 6246
2715 6246
2716 6246
2717 6246
2718 6246
2719 6246
2720 6246
2721 6246
2722 6246
2723 6246
2724 6246
2725 6246
2726 6246
2727 6246
2728 6246
2729 6245
2730 6245
2731 6245
2732 6245
2733 6244
2734 6244
2735 6244
2736 6244
2737 6243
2738 6243
2739 6243
2740 6243
2741 6242
2742 6242
2743 6241
2744 6241
2745 6240
2746 6239
2746 6238
2747 6237
2748 6236
2749 6235
2750 6234
2750 6233
2751 6232
2752 6232
2753 6231
2754 6231
2754 6230
2755 6229
2756 6228
2757 6228
2757 6227
2758 6226
2758 6225
2759 6224
2760 6224
2761 6223
2762 6222
2762 6221
2763 6220
2764 6220
2764 6219
2765 6218
2765 6217
2766 6216
2767 6216
2767 6215
2768 6214
2768 6213
2769 6212
2770 6211
2770 6210
2771 6209
2772 6208
2772 6207
2773 6206
2774 6205
2775 6204
2776 6203
2776 6202
2777 6201
2777 6200
2778 6199
2778 6198
2778 6197
2778 6196
2778 6195
2778 6194
2778 6193
2778 6192
2778 6191
2779 6190
2780 6189
2780 6188
2781 6187
2782 6186
2782 6185
2782 6184
2782 6183
2782 6182
2782 6181
2782 6180
2782 6179
2782 6178
2782 6177
2782 6176
2782 6175
2782 6174
2782 6173
2782 6172
2782 6171
2782 6170
2782 6169
2782 6168
2782 6167
2782 6166
2782 6165
2782 6164
2782 6163
2782 6162
2782 6161
2782 6160
2782 6159
2782 6158
2782 6157
2782 6156
2782 6155
2782 6154
2782 6153
2782 6152
2782 6151
2782 6150
2782 6149
2782 6148
2782 6147
2782 6146
2782 6145
2782 6144
2782 6143
2782 6142
2782 6141
2782 6140
2782 6139
2782 6138
2782 6137
2782 6136
2782 6135
2782 6134
2782 6133
2782 6132
2782 6131
2782 6130
2782 6129
2783 6128
2783 6127
2783 6126
2784 6125
2784 6124
2784 6123
2784 6122
2784 6121
2784 6120
2784 6119
2784 6118
2784 6117
2784 6116
2784 6115
2784 6114
2784 6113
2784 6112
2784 6111
2784 6110
2784 6109
2784 6108
2784 6107
2784 6106
2784 6105
2784 6104
2784 6103
2784 6102
2784 6101
2784 6100
2784 6099
2784 6098
2784 6097
2784 6096
2784 6095
2784 6094
2784 6093
2784 6092
2784 6091
2784 6090
2784 6089
2784 6088
2784 6087
2784 6086
2784 6085
2784 6084
2784 6083
2784 6082
2784 6081
2784 6080
2784 6079
2784 6078
2784 6077
2784 6076
2784 6075
2784 6074
2784 6073
2784 6072
2784 6071
2784 6070
2784 6069
2784 6068
2784 6067
2784 6066
2784 6065
2784 6064
2784 6063
2784 6062
2784 6061
2784 6060
2784 6059
2784 6058
2784 6057
2784 6056
2784 6055
2784 6054
2784 6053
2784 6052
2784 6051
2784 6050
2784 6049
2784 6048
2784 6047
2784 6046
2784 6045
2784 6044
2784 6043
2784 6042
2784 6041
2783 6040
2783 6039
2783 6038
2783 6037
2782 6036
2782 6035
2782 6034
2782 6033
2782 6032
2782 6031
2782 6030
2782 6029
2781 6028
2781 6027
2781 6026
2781 6025
2780 6024
2780 6023
2780 6022
2780 6021
2780 6020
2780 6019
2780 6018
2780 6017
2780 6016
2780 6015
2780 6014
2780 6013
2780 6012
2780 6011
2780 6010
2780 6009
2780 6008
2780 6007
2780 6006
2780 6005
2780 6004
2780 6003
2780 6002
2780 6001
2780 6000
2780 5999
2780 5998
2780 5997
2780 5996
2780 5995
2780 5994
2779 5993
2779 5992
2779 5991
2778 5990
2778 5989
2778 5988
2778 5987
2778 5986
2777 5985
2777 5984
2777 5983
2776 5982
2776 5981
2776 5980
2776 5979
2775 5978
2775 5977
2775 5976
2774 5975
2774 5974
2774 5973
2774 5972
2774 5971
2773 5970
2773 5969
2773 5968
2773 5967
2772 5966
2771 5965
2771 5964
2771 5963
2770 5962
2769 5961
2768 5960
2768 5959
2767 5959
2766 5958
2766 5957
2765 5957
2764 5956
2763 5955
2762 5955
2761 5954
2760 5954
2759 5953
2758 5952
2757 5951
2756 5950
2755 5949
2755 5948
2755 5947
2754 5946
2753 5945
2752 5944
2752 5943
2751 5942
2750 5941
2749 5941
2748 5940
2747 5940
2746 5939
2745 5939
2744 5938
2743 5938
2742 5938
2741 5937
2740 5937
2739 5937
2738 5937
2737 5937
2736 5937
2735 5937
2734 5937
2733 5937
2732 5937
2731 5937
2730 5937
2729 5937
2728 5937
2727 5937
2726 5937
2725 5937
2724 5937
2723 5937
2722 5937
2721 5937
2720 5936
2719 5936
2718 5936
2717 5935
2716 5935
2715 5935
2714 5935
2713 5935
2712 5935
2711 5935
2710 5935
2709 5935
2708 5935
2707 5935
2706 5934
2706 5933
2705 5933
2704 5932
2704 5931
2705 5930
2705 5929
2704 5929
2703 5928
2702 5927
2701 5927
2700 5927
2699 5927
2698 5927
2697 5927
2696 5927
2695 5927
2694 5927
2693 5927
2692 5927
