388 1377
387 1378
386 1378
385 1378
384 1378
383 1378
382 1378
381 1378
380 1378
379 1378
378 1378
377 1378
376 1378
375 1378
374 1378
373 1378
372 1378
371 1378
370 1378
369 1378
368 1378
367 1378
366 1378
365 1378
364 1378
363 1378
362 1378
361 1378
360 1378
359 1378
358 1378
357 1378
356 1378
355 1378
354 1378
353 1378
352 1378
351 1379
350 1379
349 1379
348 1379
347 1380
346 1381
345 1381
344 1381
343 1382
342 1382
341 1382
340 1382
339 1383
338 1383
337 1383
336 1383
335 1384
334 1384
333 1385
332 1385
331 1385
330 1385
329 1386
328 1386
327 1386
326 1386
325 1387
324 1387
323 1387
322 1388
321 1388
320 1389
319 1389
318 1390
317 1390
316 1391
315 1391
314 1391
313 1392
312 1392
311 1393
310 1393
309 1393
308 1393
307 1394
306 1394
305 1395
304 1395
303 1395
302 1395
302 1396
301 1397
300 1397
299 1397
298 1397
297 1398
296 1399
295 1399
294 1400
293 1400
292 1401
291 1401
290 1401
289 1402
288 1402
287 1403
286 1403
285 1404
284 1405
283 1405
282 1406
281 1407
280 1408
279 1408
278 1409
277 1410
276 1411
275 1411
275 1412
274 1413
273 1413
272 1414
271 1415
270 1416
269 1416
268 1417
267 1418
266 1419
265 1419
264 1420
263 1421
263 1422
262 1423
261 1423
260 1424
259 1425
258 1426
257 1427
256 1428
255 1428
254 1429
253 1430
252 1430
251 1431
251 1432
250 1433
249 1433
249 1434
248 1435
247 1435
247 1436
246 1437
245 1438
244 1439
243 1439
243 1440
242 1441
241 1441
241 1442
240 1443
239 1443
238 1444
238 1445
237 1446
236 1447
236 1448
235 1449
234 1450
233 1451
232 1452
231 1453
231 1454
230 1455
229 1455
228 1456
227 1457
227 1458
226 1459
225 1459
224 1460
224 1461
223 1462
222 1463
222 1464
221 1465
220 1466
220 1467
219 1468
218 1469
217 1470
216 1471
215 1471
215 1472
214 1473
214 1474
213 1475
212 1476
212 1477
211 1478
210 1478
209 1479
209 1480
208 1481
207 1481
207 1482
206 1483
206 1484
205 1485
204 1486
203 1487
203 1488
202 1489
201 1490
200 1491
200 1492
199 1493
199 1494
198 1495
197 1496
197 1497
196 1498
196 1499
195 1500
195 1501
194 1502
193 1502
193 1503
193 1504
193 1505
192 1506
191 1507
191 1508
191 1509
190 1510
189 1511
189 1512
188 1513
188 1514
187 1515
187 1516
186 1517
186 1518
185 1519
184 1520
183 1521
183 1522
183 1523
182 1524
182 1525
181 1526
181 1527
180 1528
179 1529
179 1530
178 1531
178 1532
177 1533
177 1534
176 1535
176 1536
175 1537
175 1538
175 1539
174 1540
173 1540
173 1541
173 1542
173 1543
172 1544
172 1545
172 1546
172 1547
171 1548
171 1549
171 1550
170 1551
169 1552
169 1553
169 1554
169 1555
168 1556
168 1557
168 1558
168 1559
167 1560
167 1561
167 1562
167 1563
166 1564
166 1565
165 1566
165 1567
165 1568
164 1569
164 1570
163 1571
163 1572
162 1573
161 1574
161 1575
161 1576
160 1577
160 1578
160 1579
160 1580
160 1581
159 1582
159 1583
159 1584
159 1585
158 1586
158 1587
158 1588
158 1589
158 1590
157 1591
157 1592
156 1593
156 1594
156 1595
155 1596
155 1597
155 1598
155 1599
154 1600
154 1601
154 1602
154 1603
153 1604
153 1605
153 1606
153 1607
152 1608
152 1609
152 1610
152 1611
152 1612
152 1613
152 1614
152 1615
152 1616
151 1617
151 1618
151 1619
150 1620
150 1621
150 1622
150 1623
150 1624
150 1625
150 1626
150 1627
149 1628
149 1629
149 1630
149 1631
148 1632
148 1633
148 1634
148 1635
148 1636
148 1637
148 1638
148 1639
148 1640
148 1641
148 1642
148 1643
148 1644
148 1645
148 1646
148 1647
147 1648
147 1649
147 1650
147 1651
147 1652
147 1653
147 1654
147 1655
148 1656
148 1657
148 1658
148 1659
148 1660
148 1661
148 1662
148 1663
148 1664
148 1665
148 1666
148 1667
149 1667
150 1668
150 1669
150 1670
149 1671
148 1672
148 1673
148 1674
148 1675
148 1676
148 1677
148 1678
148 1679
148 1680
148 1681
148 1682
148 1683
149 1684
149 1685
149 1686
149 1687
150 1688
150 1689
150 1690
150 1691
150 1692
150 1693
150 1694
150 1695
150 1696
150 1697
150 1698
150 1699
150 1700
150 1701
150 1702
150 1703
151 1704
151 1705
151 1706
151 1707
152 1708
152 1709
152 1710
152 1711
152 1712
152 1713
152 1714
152 1715
153 1716
153 1717
153 1718
153 1719
154 1720
154 1721
154 1722
154 1723
154 1724
154 1725
154 1726
154 1727
154 1728
155 1729
155 1730
155 1731
156 1732
156 1733
156 1734
156 1735
156 1736
156 1737
156 1738
156 1739
157 1740
157 1741
157 1742
157 1743
158 1744
158 1745
158 1746
158 1747
158 1748
158 1749
159 1750
159 1751
159 1752
159 1753
160 1754
160 1755
161 1756
161 1757
161 1758
161 1759
162 1760
162 1761
163 1762
163 1763
163 1764
163 1765
164 1766
164 1767
164 1768
165 1769
165 1770
166 1771
166 1772
167 1773
167 1774
167 1775
168 1776
168 1777
169 1778
169 1779
169 1780
169 1781
170 1782
170 1783
171 1784
171 1785
171 1786
171 1787
172 1788
172 1789
173 1790
173 1791
173 1792
173 1793
174 1794
174 1795
175 1796
175 1797
175 1798
175 1799
176 1799
177 1800
177 1801
177 1802
177 1803
178 1804
178 1805
179 1806
179 1807
179 1808
179 1809
180 1810
181 1811
181 1812
181 1813
182 1814
183 1815
183 1816
184 1817
184 1818
185 1819
186 1820
187 1821
187 1822
188 1823
189 1824
189 1825
190 1826
191 1827
191 1828
192 1829
192 1830
193 1831
194 1832
194 1833
195 1834
195 1835
196 1836
196 1837
197 1838
197 1839
197 1840
198 1841
198 1842
199 1843
199 1844
200 1845
200 1846
201 1847
201 1848
201 1849
202 1849
203 1850
203 1851
203 1852
203 1853
204 1854
205 1855
205 1856
205 1857
206 1858
207 1859
207 1860
208 1861
208 1862
209 1863
210 1864
210 1865
211 1866
212 1867
212 1868
213 1869
214 1870
215 1871
215 1872
216 1873
217 1874
217 1875
218 1876
218 1877
218 1878
219 1879
220 1880
220 1881
221 1882
222 1882
223 1883
223 1884
224 1885
225 1886
226 1886
227 1887
227 1888
228 1888
229 1889
229 1890
230 1891
231 1892
232 1893
232 1894
233 1895
234 1896
234 1897
235 1898
236 1899
236 1900
237 1901
238 1902
239 1903
239 1904
240 1905
241 1906
241 1907
242 1907
243 1908
243 1909
244 1910
244 1911
245 1912
246 1913
246 1914
247 1915
248 1916
248 1917
249 1918
250 1918
251 1919
251 1920
252 1920
253 1921
253 1922
254 1923
254 1924
255 1925
256 1926
257 1927
258 1927
259 1928
260 1929
261 1930
262 1930
263 1931
263 1932
264 1933
265 1934
266 1934
267 1935
268 1936
269 1937
270 1937
271 1938
272 1939
273 1940
274 1940
275 1940
276 1941
277 1941
278 1942
279 1942
280 1943
281 1943
282 1944
283 1945
284 1945
285 1946
286 1946
287 1947
288 1948
289 1948
290 1949
291 1949
292 1950
293 1950
294 1951
294 1952
295 1952
296 1952
297 1952
298 1953
298 1954
299 1954
300 1954
301 1954
302 1955
303 1956
304 1956
305 1956
306 1957
306 1958
307 1958
308 1958
309 1958
310 1959
311 1959
312 1960
313 1960
314 1960
315 1961
316 1961
317 1962
318 1962
319 1962
320 1963
321 1963
322 1964
323 1964
324 1964
325 1964
326 1965
326 1966
327 1966
328 1966
329 1967
330 1967
331 1968
332 1968
333 1968
334 1969
335 1969
336 1969
337 1969
338 1969
339 1969
340 1969
341 1969
342 1969
343 1969
344 1969
345 1970
346 1970
347 1970
348 1971
349 1971
350 1971
351 1971
352 1971
353 1971
354 1971
355 1971
356 1971
357 1971
358 1971
359 1971
360 1971
361 1971
362 1972
363 1972
364 1972
365 1972
366 1973
367 1973
368 1973
369 1973
370 1973
371 1973
372 1973
373 1973
374 1973
375 1973
376 1973
377 1973
378 1973
379 1973
380 1973
381 1973
382 1973
383 1972
384 1971
385 1971
386 1970
387 1970
387 1969
388 1968
389 1968
390 1969
391 1969
392 1968
393 1969
394 1969
395 1969
396 1969
397 1969
398 1969
399 1969
400 1969
401 1969
402 1969
403 1969
404 1969
405 1969
406 1969
407 1968
408 1968
409 1967
410 1967
411 1967
412 1967
413 1967
414 1967
415 1967
416 1967
417 1967
418 1966
419 1966
420 1966
421 1966
422 1965
423 1965
424 1965
425 1965
426 1964
427 1964
428 1964
429 1964
430 1963
431 1963
432 1963
433 1963
434 1962
435 1962
436 1962
437 1961
438 1961
439 1960
440 1960
441 1960
442 1959
443 1959
444 1958
445 1958
446 1957
447 1957
448 1956
449 1955
450 1955
451 1954
452 1954
453 1953
454 1952
455 1951
456 1951
457 1950
458 1950
459 1950
459 1949
460 1948
461 1948
462 1948
463 1948
464 1947
465 1946
466 1946
467 1945
468 1944
469 1943
470 1943
471 1942
472 1941
473 1941
474 1940
474 1939
475 1938
476 1938
477 1937
478 1936
478 1935
479 1934
480 1934
481 1933
482 1932
482 1931
483 1930
484 1930
485 1929
486 1928
486 1927
487 1926
488 1925
489 1924
489 1923
490 1922
491 1921
492 1920
492 1919
493 1918
494 1917
494 1916
494 1915
494 1914
495 1913
496 1913
496 1912
497 1911
497 1910
498 1909
498 1908
499 1907
499 1906
500 1905
500 1904
501 1903
501 1902
502 1901
502 1900
503 1899
504 1899
504 1898
504 1897
504 1896
505 1895
505 1894
506 1893
506 1892
506 1891
506 1890
507 1889
507 1888
507 1887
507 1886
508 1885
508 1884
508 1883
509 1882
510 1881
510 1880
510 1879
510 1878
511 1877
511 1876
511 1875
511 1874
511 1873
511 1872
511 1871
511 1870
511 1869
511 1868
511 1867
512 1866
512 1865
512 1864
513 1863
513 1862
514 1861
514 1860
514 1859
514 1858
515 1857
515 1856
515 1855
515 1854
516 1853
516 1852
516 1851
516 1850
517 1849
517 1848
518 1847
518 1846
518 1845
518 1844
519 1843
519 1842
519 1841
519 1840
520 1839
520 1838
520 1837
520 1836
521 1835
521 1834
521 1833
521 1832
522 1831
522 1830
522 1829
522 1828
523 1827
523 1826
523 1825
523 1824
524 1823
524 1822
524 1821
524 1820
525 1819
525 1818
525 1817
525 1816
525 1815
525 1814
526 1813
526 1812
526 1811
526 1810
527 1809
527 1808
527 1807
527 1806
528 1805
528 1804
528 1803
529 1802
529 1801
530 1800
530 1799
530 1798
531 1797
531 1796
531 1795
531 1794
531 1793
531 1792
531 1791
531 1790
531 1789
531 1788
532 1787
532 1786
532 1785
532 1784
533 1783
533 1782
533 1781
533 1780
534 1779
534 1778
534 1777
535 1776
535 1775
535 1774
535 1773
535 1772
535 1771
535 1770
535 1769
535 1768
535 1767
535 1766
535 1765
535 1764
535 1763
535 1762
535 1761
535 1760
535 1759
535 1758
535 1757
535 1756
535 1755
536 1754
536 1753
536 1752
537 1751
537 1750
537 1749
537 1748
537 1747
537 1746
537 1745
538 1744
538 1743
538 1742
539 1741
539 1740
539 1739
539 1738
539 1737
539 1736
539 1735
539 1734
539 1733
539 1732
539 1731
539 1730
539 1729
539 1728
539 1727
539 1726
539 1725
539 1724
539 1723
539 1722
539 1721
539 1720
539 1719
539 1718
539 1717
539 1716
539 1715
539 1714
539 1713
539 1712
539 1711
539 1710
539 1709
539 1708
539 1707
539 1706
539 1705
539 1704
539 1703
539 1702
539 1701
539 1700
539 1699
539 1698
539 1697
539 1696
538 1695
538 1694
538 1693
538 1692
537 1691
537 1690
537 1689
537 1688
537 1687
537 1686
537 1685
537 1684
538 1683
538 1682
538 1681
538 1680
539 1679
539 1678
539 1677
539 1676
539 1675
539 1674
539 1673
539 1672
540 1671
540 1670
539 1669
539 1668
540 1667
540 1666
539 1665
539 1664
538 1663
538 1662
538 1661
538 1660
537 1659
537 1658
537 1657
537 1656
537 1655
537 1654
537 1653
537 1652
537 1651
536 1650
536 1649
536 1648
535 1647
535 1646
534 1645
534 1644
534 1643
534 1642
533 1641
533 1640
533 1639
533 1638
533 1637
533 1636
533 1635
533 1634
533 1633
533 1632
532 1631
532 1630
532 1629
532 1628
531 1627
531 1626
531 1625
531 1624
530 1623
530 1622
530 1621
530 1620
529 1619
529 1618
528 1617
528 1616
528 1615
527 1614
527 1613
527 1612
527 1611
527 1610
527 1609
527 1608
527 1607
527 1606
526 1605
526 1604
526 1603
526 1602
525 1601
525 1600
525 1599
525 1598
525 1597
525 1596
525 1595
525 1594
525 1593
525 1592
525 1591
525 1590
524 1589
524 1588
524 1587
524 1586
523 1585
523 1584
522 1583
522 1582
522 1581
522 1580
521 1579
521 1578
521 1577
521 1576
520 1575
520 1574
520 1573
520 1572
519 1571
519 1570
519 1569
519 1568
518 1567
518 1566
518 1565
518 1564
517 1563
516 1562
516 1561
515 1560
515 1559
515 1558
515 1557
515 1556
515 1555
515 1554
514 1553
514 1552
514 1551
514 1550
513 1549
513 1548
513 1547
513 1546
513 1545
512 1544
512 1543
512 1542
511 1541
511 1540
511 1539
511 1538
510 1537
510 1536
510 1535
510 1534
509 1533
509 1532
508 1531
508 1530
508 1529
508 1528
507 1527
507 1526
507 1525
507 1524
507 1523
506 1522
506 1521
505 1520
504 1519
503 1518
503 1517
502 1516
502 1515
501 1514
501 1513
500 1512
500 1511
499 1510
498 1509
498 1508
498 1507
497 1506
496 1505
496 1504
496 1503
496 1502
495 1501
495 1500
495 1499
495 1498
494 1497
494 1496
494 1495
494 1494
493 1493
493 1492
493 1491
493 1490
492 1489
492 1488
491 1487
491 1486
490 1485
490 1484
489 1483
489 1482
489 1481
489 1480
488 1479
488 1478
488 1477
487 1476
487 1475
486 1474
486 1473
486 1472
485 1471
485 1470
485 1469
485 1468
485 1467
484 1466
484 1465
483 1464
483 1463
482 1462
482 1461
481 1460
481 1459
480 1458
480 1457
480 1456
479 1456
478 1455
478 1454
478 1453
478 1452
477 1451
476 1450
476 1449
475 1448
475 1447
474 1446
474 1445
473 1444
473 1443
472 1442
472 1441
472 1440
471 1440
470 1439
470 1438
470 1437
470 1436
469 1435
468 1434
468 1433
468 1432
467 1431
467 1430
467 1429
467 1428
467 1427
466 1426
466 1425
465 1424
464 1423
463 1422
463 1421
462 1420
461 1419
460 1418
460 1417
459 1416
458 1415
457 1414
456 1414
455 1413
454 1412
454 1411
453 1411
452 1410
451 1409
451 1408
450 1407
449 1406
448 1406
447 1405
446 1404
446 1403
445 1403
444 1402
443 1401
443 1400
442 1399
441 1399
440 1398
439 1397
438 1397
437 1397
436 1396
435 1395
434 1395
433 1394
433 1393
432 1393
431 1392
430 1392
429 1391
428 1391
427 1390
426 1390
425 1389
424 1389
423 1389
422 1389
421 1388
420 1388
419 1387
418 1387
417 1387
416 1387
415 1386
414 1386
413 1385
412 1385
411 1385
410 1384
409 1384
408 1383
407 1383
406 1383
405 1382
404 1382
403 1381
402 1381
401 1381
400 1381
399 1380
399 1379
398 1379
397 1379
396 1379
395 1378
394 1378
393 1377
392 1378
391 1378
390 1378
389 1378
388 1377
