2133 805
2132 806
2131 806
2130 806
2129 806
2128 807
2127 807
2126 808
2125 808
2124 809
2123 809
2122 810
2121 810
2121 811
2120 812
2119 812
2118 813
2117 814
2116 815
2115 815
2114 816
2113 816
2112 817
2111 817
2110 818
2109 818
2108 818
2107 818
2106 819
2105 819
2104 820
2103 820
2102 820
2101 821
2100 821
2099 822
2098 823
2097 823
2096 824
2095 825
2094 825
2093 826
2092 827
2091 828
2090 829
2089 829
2088 830
2087 831
2086 831
2085 832
2084 833
2083 833
2083 834
2082 835
2081 835
2080 836
2079 837
2079 838
2078 839
2077 839
2076 840
2076 841
2075 842
2074 843
2073 843
2072 844
2071 844
2070 845
2069 846
2068 846
2067 847
2066 847
2065 848
2064 849
2063 850
2062 851
2061 851
2061 852
2060 853
2059 853
2058 854
2057 854
2057 855
2056 856
2055 856
2054 857
2053 858
2052 859
2051 859
2051 860
2050 861
2049 862
2048 862
2047 863
2047 864
2046 865
2046 866
2045 867
2044 868
2044 869
2043 870
2043 871
2042 872
2042 873
2041 874
2041 875
2040 876
2039 877
2038 878
2037 879
2037 880
2036 881
2036 882
2035 883
2035 884
2034 885
2034 886
2033 887
2033 888
2032 889
2031 890
2031 891
2031 892
2031 893
2031 894
2031 895
2031 896
2030 897
2030 898
2030 899
2030 900
2029 901
2028 901
2028 902
2028 903
2028 904
2027 905
2027 906
2026 907
2026 908
2025 909
2024 910
2023 911
2022 912
2022 913
2021 914
2020 915
2019 915
2019 916
2018 917
2017 918
2017 919
2016 920
2016 921
2015 922
2015 923
2014 924
2013 925
2013 926
2012 927
2012 928
2011 929
2010 929
2010 930
2010 931
2009 932
2009 933
2008 934
2008 935
2007 936
2006 937
2006 938
2006 939
2005 940
2005 941
2004 942
2004 943
2004 944
2003 945
2003 946
2002 947
2002 948
2002 949
2002 950
2001 951
2001 952
2001 953
2001 954
2000 955
2000 956
2000 957
1999 958
1999 959
1998 960
1997 961
1997 962
1996 963
1996 964
1995 965
1995 966
1994 967
1994 968
1994 969
1994 970
1993 971
1993 972
1993 973
1993 974
1992 975
1992 976
1992 977
1991 978
1990 979
1990 980
1990 981
1990 982
1989 983
1989 984
1989 985
1989 986
1988 987
1988 988
1988 989
1988 990
1987 991
1987 992
1986 993
1986 994
1986 995
1985 996
1985 997
1984 998
1984 999
1984 1000
1983 1001
1983 1002
1983 1003
1983 1004
1982 1005
1982 1006
1982 1007
1982 1008
1981 1009
1981 1010
1981 1011
1981 1012
1980 1013
1980 1014
1980 1015
1980 1016
1979 1017
1979 1018
1978 1019
1978 1020
1978 1021
1978 1022
1977 1023
1977 1024
1977 1025
1977 1026
1977 1027
1977 1028
1976 1029
1976 1030
1976 1031
1976 1032
1975 1033
1975 1034
1975 1035
1975 1036
1975 1037
1975 1038
1975 1039
1975 1040
1975 1041
1975 1042
1975 1043
1975 1044
1975 1045
1975 1046
1975 1047
1975 1048
1975 1049
1975 1050
1975 1051
1975 1052
1975 1053
1975 1054
1975 1055
1975 1056
1975 1057
1975 1058
1976 1059
1976 1060
1976 1061
1976 1062
1977 1063
1977 1064
1977 1065
1977 1066
1977 1067
1977 1068
1977 1069
1977 1070
1977 1071
1977 1072
1977 1073
1977 1074
1978 1075
1978 1076
1978 1077
1978 1078
1979 1079
1979 1080
1979 1081
1979 1082
1979 1083
1979 1084
1980 1085
1980 1086
1980 1087
1980 1088
1981 1089
1981 1090
1981 1091
1981 1092
1981 1093
1981 1094
1981 1095
1981 1096
1981 1097
1981 1098
1982 1099
1982 1100
1982 1101
1982 1102
1983 1103
1983 1104
1983 1105
1983 1106
1984 1107
1984 1108
1984 1109
1985 1110
1985 1111
1986 1112
1986 1113
1986 1114
1987 1115
1987 1116
1988 1117
1988 1118
1988 1119
1988 1120
1989 1121
1989 1122
1989 1123
1990 1124
1991 1125
1991 1126
1992 1127
1992 1128
1993 1129
1993 1130
1994 1131
1994 1132
1995 1133
1995 1134
1996 1135
1996 1136
1997 1137
1997 1138
1998 1139
1998 1140
1999 1141
1999 1142
2000 1142
2001 1143
2001 1144
2002 1145
2003 1146
2004 1147
2004 1148
2005 1149
2005 1150
2006 1151
2006 1152
2007 1152
2008 1153
2008 1154
2009 1155
2010 1156
2011 1157
2011 1158
2012 1158
2013 1159
2014 1160
2015 1161
2015 1162
2016 1163
2016 1164
2017 1165
2017 1166
2018 1167
2018 1168
2018 1169
2019 1170
2020 1171
2021 1172
2021 1173
2022 1174
2023 1175
2024 1176
2025 1177
2025 1178
2026 1179
2027 1180
2027 1181
2028 1182
2029 1183
2030 1184
2030 1185
2031 1186
2032 1187
2033 1188
2034 1189
2034 1190
2035 1191
2036 1192
2037 1193
2037 1194
2038 1195
2038 1196
2039 1197
2039 1198
2040 1199
2040 1200
2040 1201
2040 1202
2041 1203
2041 1204
2041 1205
2042 1206
2043 1207
2043 1208
2044 1209
2044 1210
2045 1211
2046 1212
2046 1213
2047 1214
2047 1215
2048 1216
2048 1217
2048 1218
2049 1219
2049 1220
2050 1221
2050 1222
2050 1223
2050 1224
2051 1224
2052 1225
2052 1226
2052 1227
2052 1228
2053 1229
2053 1230
2053 1231
2054 1232
2055 1233
2055 1234
2056 1235
2056 1236
2057 1237
2057 1238
2058 1239
2058 1240
2058 1241
2058 1242
2059 1243
2059 1244
2060 1245
2060 1246
2061 1247
2061 1248
2062 1248
2063 1249
2063 1250
2064 1251
2065 1252
2065 1253
2066 1254
2067 1255
2067 1256
2068 1257
2068 1258
2069 1259
2070 1260
2071 1261
2071 1262
2072 1262
2073 1263
2074 1264
2075 1264
2076 1265
2077 1266
2078 1267
2079 1268
2080 1269
2081 1269
2082 1270
2083 1270
2084 1271
2085 1271
2086 1271
2087 1272
2088 1272
2089 1273
2090 1273
2091 1273
2092 1273
2093 1274
2094 1274
2095 1274
2096 1274
2097 1275
2098 1275
2099 1275
2100 1276
2101 1276
2102 1277
2103 1278
2104 1278
2105 1279
2106 1279
2107 1280
2108 1280
2109 1281
2110 1281
2111 1281
2112 1281
2113 1282
2114 1282
2115 1282
2116 1282
2117 1282
2118 1282
2119 1282
2120 1282
2121 1283
2122 1283
2123 1283
2124 1283
2125 1284
2126 1284
2127 1284
2128 1284
2129 1284
2130 1284
2131 1284
2132 1284
2133 1284
2134 1284
2135 1285
2136 1285
2137 1285
2138 1286
2139 1286
2140 1286
2141 1286
2142 1286
2143 1286
2144 1286
2145 1286
2146 1286
2147 1286
2148 1286
2149 1286
2150 1286
2151 1286
2152 1286
2153 1286
2154 1286
2155 1286
2156 1286
2157 1286
2158 1286
2159 1286
2160 1286
2161 1286
2162 1286
2163 1286
2164 1286
2165 1286
2166 1286
2167 1286
2168 1286
2169 1286
2170 1286
2171 1286
2172 1286
2173 1285
2174 1284
2175 1283
2176 1282
2176 1281
2177 1280
2178 1280
2178 1279
2179 1278
2180 1278
2181 1277
2182 1276
2183 1276
2184 1275
2185 1275
2186 1274
2187 1274
2188 1273
2189 1273
2190 1273
2191 1272
2192 1271
2193 1271
2194 1270
2195 1270
2196 1269
2197 1268
2198 1268
2198 1267
2199 1266
2200 1266
2200 1265
2201 1264
2202 1264
2202 1263
2203 1262
2204 1262
2204 1261
2205 1260
2206 1259
2206 1258
2207 1257
2208 1256
2208 1255
2209 1254
2210 1254
2210 1253
2211 1252
2211 1251
2212 1250
2212 1249
2213 1248
2213 1247
2213 1246
2214 1245
2214 1244
2215 1243
2216 1242
2216 1241
2217 1240
2218 1240
2218 1239
2219 1238
2220 1237
2221 1237
2222 1236
2222 1235
2223 1234
2223 1233
2224 1232
2224 1231
2224 1230
2224 1229
2224 1228
2224 1227
2224 1226
2224 1225
2224 1224
2224 1223
2224 1222
2224 1221
2224 1220
2224 1219
2225 1218
2225 1217
2226 1216
2226 1215
2227 1214
2228 1214
2229 1213
2230 1212
2230 1211
2231 1210
2232 1210
2232 1209
2233 1208
2234 1208
2234 1207
2235 1206
2235 1205
2236 1204
2236 1203
2236 1202
2236 1201
2236 1200
2236 1199
2237 1198
2237 1197
2237 1196
2237 1195
2238 1194
2238 1193
2238 1192
2238 1191
2239 1190
2239 1189
2239 1188
2240 1187
2240 1186
2241 1185
2242 1184
2242 1183
2243 1182
2244 1181
2244 1180
2245 1179
2245 1178
2245 1177
2246 1176
2246 1175
2246 1174
2246 1173
2246 1172
2246 1171
2246 1170
2246 1169
2247 1168
2247 1167
2247 1166
2247 1165
2248 1164
2248 1163
2249 1162
2249 1161
2249 1160
2250 1159
2250 1158
2250 1157
2250 1156
2250 1155
2250 1154
2250 1153
2250 1152
2250 1151
2250 1150
2250 1149
2250 1148
2250 1147
2251 1146
2251 1145
2251 1144
2252 1143
2252 1142
2252 1141
2252 1140
2252 1139
2252 1138
2252 1137
2252 1136
2252 1135
2252 1134
2252 1133
2252 1132
2252 1131
2252 1130
2252 1129
2253 1128
2253 1127
2253 1126
2254 1125
2255 1124
2255 1123
2255 1122
2255 1121
2256 1120
2256 1119
2256 1118
2256 1117
2256 1116
2256 1115
2257 1114
2257 1113
2257 1112
2258 1111
2258 1110
2258 1109
2258 1108
2258 1107
2258 1106
2258 1105
2259 1104
2259 1103
2259 1102
2259 1101
2260 1100
2260 1099
2260 1098
2260 1097
2260 1096
2260 1095
2260 1094
2260 1093
2260 1092
2260 1091
2260 1090
2260 1089
2260 1088
2260 1087
2260 1086
2260 1085
2260 1084
2260 1083
2260 1082
2260 1081
2260 1080
2260 1079
2260 1078
2260 1077
2260 1076
2260 1075
2260 1074
2260 1073
2260 1072
2260 1071
2260 1070
2260 1069
2260 1068
2260 1067
2260 1066
2260 1065
2260 1064
2260 1063
2260 1062
2260 1061
2260 1060
2260 1059
2260 1058
2260 1057
2260 1056
2260 1055
2260 1054
2260 1053
2260 1052
2260 1051
2260 1050
2260 1049
2260 1048
2260 1047
2260 1046
2260 1045
2261 1044
2261 1043
2261 1042
2261 1041
2262 1040
2262 1039
2261 1038
2261 1037
2261 1036
2261 1035
2261 1034
2261 1033
2261 1032
2262 1031
2262 1030
2262 1029
2262 1028
2262 1027
2262 1026
2262 1025
2262 1024
2262 1023
2262 1022
2262 1021
2261 1020
2261 1019
2261 1018
2261 1017
2260 1016
2260 1015
2260 1014
2260 1013
2260 1012
2260 1011
2260 1010
2260 1009
2260 1008
2260 1007
2260 1006
2260 1005
2259 1004
2259 1003
2259 1002
2259 1001
2258 1000
2258 999
2258 998
2258 997
2258 996
2258 995
2258 994
2258 993
2258 992
2258 991
2258 990
2258 989
2258 988
2258 987
2258 986
2258 985
2258 984
2258 983
2258 982
2258 981
2258 980
2258 979
2258 978
2258 977
2258 976
2258 975
2258 974
2258 973
2258 972
2258 971
2258 970
2258 969
2258 968
2258 967
2258 966
2258 965
2258 964
2258 963
2258 962
2258 961
2258 960
2258 959
2258 958
2258 957
2258 956
2258 955
2258 954
2258 953
2257 952
2257 951
2257 950
2256 949
2256 948
2255 947
2255 946
2255 945
2254 944
2254 943
2254 942
2254 941
2254 940
2254 939
2254 938
2254 937
2254 936
2254 935
2253 934
2253 933
2253 932
2253 931
2252 930
2252 929
2252 928
2252 927
2252 926
2252 925
2252 924
2252 923
2252 922
2252 921
2252 920
2252 919
2252 918
2252 917
2252 916
2252 915
2252 914
2252 913
2251 912
2251 911
2251 910
2251 909
2250 908
2250 907
2250 906
2250 905
2250 904
2250 903
2249 902
2249 901
2249 900
2249 899
2248 898
2248 897
2248 896
2248 895
2248 894
2248 893
2248 892
2247 891
2246 890
2246 889
2245 888
2245 887
2244 886
2244 885
2243 884
2243 883
2243 882
2243 881
2242 880
2241 879
2241 878
2240 877
2240 876
2239 875
2239 874
2238 873
2237 872
2236 871
2235 870
2234 869
2233 868
2232 867
2232 866
2231 865
2230 864
2230 863
2229 862
2229 861
2228 860
2227 859
2227 858
2227 857
2226 856
2225 855
2225 854
2224 853
2224 852
2223 851
2222 850
2222 849
2221 848
2220 847
2220 846
2219 845
2219 844
2219 843
2218 842
2218 841
2218 840
2218 839
2218 838
2218 837
2218 836
2218 835
2218 834
2218 833
2217 832
2217 831
2216 830
2215 829
2214 828
2213 828
2212 827
2211 827
2210 826
2210 825
2209 825
2208 824
2208 823
2207 823
2206 822
2206 821
2205 821
2204 820
2203 819
2202 819
2201 818
2200 818
2199 818
2198 817
2197 817
2196 816
2195 816
2194 815
2193 815
2192 814
2191 813
2190 813
2189 812
2188 812
2187 812
2186 811
2185 811
2184 811
2183 811
2182 811
2181 811
2180 811
2179 811
2178 811
2177 811
2176 811
2175 811
2174 811
2173 811
2172 810
2171 810
2170 810
2169 810
2168 809
2168 808
2167 808
2166 808
2165 807
2164 807
2163 807
2162 807
2161 807
2160 807
2159 807
2158 807
2157 807
2156 807
2155 807
2154 806
2153 806
2152 806
2151 805
2150 805
2149 805
2148 805
2147 805
2146 805
2145 805
2144 805
2143 805
2142 805
2141 805
2140 805
2139 805
2138 805
2137 805
2136 805
2135 805
2134 805
2133 805
