1527 4050
1526 4051
1525 4051
1524 4051
1523 4051
1522 4052
1521 4052
1520 4052
1519 4052
1518 4052
1517 4052
1516 4052
1515 4052
1514 4052
1513 4052
1512 4052
1511 4052
1510 4053
1509 4053
1508 4053
1507 4053
1506 4054
1505 4054
1504 4054
1503 4054
1502 4054
1501 4054
1500 4054
1499 4054
1498 4054
1497 4054
1496 4054
1495 4054
1494 4055
1493 4055
1492 4055
1491 4055
1490 4056
1489 4056
1488 4056
1487 4056
1486 4056
1485 4056
1484 4056
1483 4056
1482 4056
1481 4056
1480 4056
1479 4056
1478 4056
1477 4056
1476 4056
1475 4056
1474 4056
1473 4056
1472 4056
1471 4056
1470 4057
1469 4057
1468 4058
1467 4058
1466 4059
1465 4059
1464 4060
1463 4061
1462 4061
1461 4061
1460 4062
1459 4062
1458 4062
1457 4062
1456 4062
1455 4062
1454 4063
1453 4063
1452 4063
1451 4063
1450 4064
1449 4065
1448 4065
1447 4065
1446 4066
1445 4066
1444 4067
1443 4067
1442 4067
1441 4067
1440 4068
1439 4068
1438 4069
1437 4069
1436 4069
1435 4069
1434 4070
1433 4070
1432 4070
1431 4070
1430 4070
1429 4070
1428 4070
1427 4070
1426 4070
1425 4070
1424 4071
1423 4071
1422 4071
1422 4072
1421 4073
1420 4073
1420 4074
1419 4075
1418 4075
1417 4075
1416 4076
1415 4076
1414 4077
1413 4077
1412 4077
1411 4078
1410 4078
1409 4079
1408 4079
1407 4080
1406 4080
1405 4081
1404 4081
1403 4082
1402 4082
1401 4083
1400 4084
1399 4084
1399 4085
1398 4086
1397 4086
1396 4087
1395 4088
1394 4089
1394 4090
1393 4091
1392 4092
1391 4092
1391 4093
1390 4094
1389 4094
1388 4095
1387 4096
1386 4097
1385 4097
1385 4098
1384 4099
1383 4099
1382 4100
1382 4101
1381 4102
1381 4103
1380 4104
1380 4105
1379 4106
1379 4107
1378 4108
1377 4108
1377 4109
1376 4110
1375 4111
1375 4112
1374 4113
1373 4114
1373 4115
1372 4116
1372 4117
1371 4118
1370 4119
1369 4120
1368 4121
1367 4121
1366 4122
1365 4122
1364 4123
1363 4123
1362 4124
1361 4125
1360 4126
1359 4127
1359 4128
1358 4129
1357 4130
1357 4131
1356 4132
1356 4133
1355 4134
1355 4135
1354 4136
1354 4137
1353 4138
1352 4139
1351 4140
1350 4141
1349 4142
1348 4142
1347 4143
1346 4143
1346 4144
1345 4145
1344 4145
1344 4146
1343 4147
1342 4147
1341 4148
1341 4149
1340 4150
1339 4151
1339 4152
1338 4153
1337 4154
1337 4155
1336 4156
1336 4157
1335 4158
1335 4159
1334 4160
1334 4161
1334 4162
1333 4163
1332 4163
1332 4164
1332 4165
1331 4166
1331 4167
1331 4168
1331 4169
1331 4170
1331 4171
1330 4172
1330 4173
1329 4174
1329 4175
1328 4176
1327 4177
1327 4178
1326 4179
1326 4180
1326 4181
1325 4182
1325 4183
1325 4184
1325 4185
1324 4186
1324 4187
1324 4188
1324 4189
1323 4190
1323 4191
1323 4192
1322 4193
1321 4194
1320 4195
1319 4196
1319 4197
1318 4198
1317 4199
1316 4199
1315 4200
1314 4201
1314 4202
1313 4203
1312 4204
1312 4205
1311 4206
1311 4207
1311 4208
1311 4209
1311 4210
1311 4211
1311 4212
1311 4213
1310 4214
1310 4215
1309 4216
1309 4217
1308 4218
1307 4219
1307 4220
1307 4221
1306 4222
1306 4223
1306 4224
1306 4225
1305 4226
1305 4227
1305 4228
1305 4229
1305 4230
1305 4231
1305 4232
1305 4233
1305 4234
1305 4235
1304 4236
1304 4237
1304 4238
1304 4239
1303 4240
1303 4241
1303 4242
1303 4243
1303 4244
1303 4245
1303 4246
1303 4247
1302 4248
1302 4249
1302 4250
1302 4251
1301 4252
1301 4253
1301 4254
1301 4255
1301 4256
1301 4257
1300 4258
1300 4259
1300 4260
1300 4261
1299 4262
1299 4263
1298 4264
1297 4265
1297 4266
1296 4267
1295 4268
1295 4269
1295 4270
1295 4271
1295 4272
1295 4273
1295 4274
1295 4275
1295 4276
1295 4277
1295 4278
1295 4279
1294 4280
1294 4281
1294 4282
1293 4283
1292 4283
1292 4284
1292 4285
1291 4286
1291 4287
1291 4288
1291 4289
1290 4290
1290 4291
1290 4292
1289 4293
1289 4294
1288 4295
1288 4296
1287 4297
1287 4298
1287 4299
1286 4300
1286 4301
1286 4302
1286 4303
1285 4304
1285 4305
1284 4306
1284 4307
1284 4308
1284 4309
1283 4310
1283 4311
1283 4312
1282 4313
1282 4314
1282 4315
1281 4316
1281 4317
1280 4318
1280 4319
1280 4320
1279 4321
1279 4322
1279 4323
1278 4324
1278 4325
1278 4326
1278 4327
1277 4328
1277 4329
1277 4330
1277 4331
1277 4332
1277 4333
1277 4334
1277 4335
1277 4336
1277 4337
1277 4338
1277 4339
1277 4340
1277 4341
1277 4342
1277 4343
1276 4344
1276 4345
1276 4346
1275 4347
1275 4348
1274 4349
1273 4350
1273 4351
1272 4352
1272 4353
1271 4354
1271 4355
1271 4356
1271 4357
1271 4358
1271 4359
1272 4360
1272 4361
1273 4362
1273 4363
1273 4364
1273 4365
1273 4366
1272 4367
1271 4368
1271 4369
1271 4370
1271 4371
1271 4372
1271 4373
1271 4374
1271 4375
1271 4376
1271 4377
1271 4378
1271 4379
1271 4380
1271 4381
1271 4382
1271 4383
1271 4384
1271 4385
1271 4386
1271 4387
1271 4388
1271 4389
1271 4390
1271 4391
1271 4392
1271 4393
1271 4394
1271 4395
1271 4396
1271 4397
1271 4398
1271 4399
1271 4400
1271 4401
1271 4402
1271 4403
1271 4404
1271 4405
1271 4406
1271 4407
1271 4408
1271 4409
1271 4410
1271 4411
1271 4412
1271 4413
1271 4414
1271 4415
1271 4416
1272 4417
1272 4418
1273 4419
1273 4420
1274 4421
1274 4422
1274 4423
1275 4424
1275 4425
1276 4426
1277 4427
1278 4427
1279 4428
1279 4429
1279 4430
1279 4431
1279 4432
1279 4433
1279 4434
1279 4435
1279 4436
1279 4437
1279 4438
1279 4439
1279 4440
1279 4441
1280 4442
1280 4443
1280 4444
1280 4445
1281 4446
1281 4447
1281 4448
1282 4449
1282 4450
1282 4451
1283 4452
1283 4453
1283 4454
1283 4455
1283 4456
1283 4457
1284 4458
1284 4459
1284 4460
1284 4461
1285 4462
1285 4463
1285 4464
1286 4465
1286 4466
1286 4467
1287 4468
1287 4469
1287 4470
1287 4471
1288 4472
1288 4473
1289 4474
1289 4475
1290 4476
1290 4477
1291 4478
1291 4479
1291 4480
1291 4481
1291 4482
1291 4483
1291 4484
1291 4485
1291 4486
1291 4487
1291 4488
1291 4489
1291 4490
1291 4491
1292 4492
1293 4493
1293 4494
1294 4495
1295 4496
1295 4497
1295 4498
1295 4499
1295 4500
1295 4501
1296 4502
1296 4503
1296 4504
1297 4505
1297 4506
1298 4507
1298 4508
1298 4509
1299 4510
1299 4511
1299 4512
1300 4513
1300 4514
1300 4515
1301 4516
1301 4517
1301 4518
1301 4519
1302 4520
1302 4521
1303 4522
1303 4523
1304 4524
1305 4525
1306 4526
1307 4527
1307 4528
1308 4529
1309 4530
1309 4531
1310 4532
1310 4533
1311 4534
1311 4535
1312 4536
1312 4537
1312 4538
1313 4539
1313 4540
1314 4541
1314 4542
1315 4543
1315 4544
1316 4545
1316 4546
1316 4547
1317 4548
1317 4549
1318 4550
1318 4551
1318 4552
1318 4553
1319 4554
1319 4555
1319 4556
1319 4557
1319 4558
1319 4559
1319 4560
1319 4561
1320 4562
1320 4563
1320 4564
1320 4565
1321 4566
1321 4567
1321 4568
1321 4569
1321 4570
1321 4571
1321 4572
1321 4573
1321 4574
1321 4575
1322 4576
1322 4577
1322 4578
1322 4579
1323 4580
1323 4581
1323 4582
1323 4583
1324 4584
1324 4585
1325 4586
1325 4587
1326 4588
1327 4589
1328 4590
1329 4590
1330 4591
1330 4592
1331 4593
1332 4594
1332 4595
1333 4595
1334 4596
1334 4597
1334 4598
1334 4599
1335 4600
1335 4601
1335 4602
1335 4603
1335 4604
1335 4605
1336 4606
1336 4607
1336 4608
1337 4609
1337 4610
1338 4611
1338 4612
1338 4613
1339 4614
1339 4615
1339 4616
1340 4617
1340 4618
1340 4619
1341 4620
1341 4621
1342 4622
1342 4623
1342 4624
1343 4625
1343 4626
1344 4627
1345 4628
1346 4629
1346 4630
1347 4631
1348 4632
1349 4633
1350 4634
1351 4635
1352 4636
1353 4637
1354 4637
1355 4638
1355 4639
1356 4639
1357 4640
1357 4641
1358 4642
1359 4643
1360 4644
1361 4644
1362 4645
1362 4646
1363 4646
1364 4647
1365 4648
1365 4649
1366 4649
1367 4650
1367 4651
1368 4652
1369 4653
1369 4654
1370 4655
1371 4656
1371 4657
1372 4658
1373 4658
1374 4659
1375 4660
1375 4661
1376 4662
1377 4662
1378 4663
1378 4664
1379 4665
1380 4665
1381 4666
1382 4667
1383 4668
1384 4668
1385 4669
1386 4670
1387 4671
1388 4671
1389 4672
1390 4673
1391 4674
1392 4674
1393 4675
1394 4676
1395 4676
1396 4677
1397 4677
1398 4678
1399 4679
1400 4680
1401 4680
1402 4681
1402 4682
1403 4682
1404 4682
1405 4683
1405 4684
1406 4684
1407 4684
1408 4684
1409 4685
1409 4686
1410 4686
1411 4686
1412 4686
1413 4687
1414 4687
1415 4687
1416 4687
1417 4688
1418 4688
1419 4688
1420 4688
1421 4689
1422 4689
1423 4689
1424 4689
1425 4690
1426 4691
1427 4691
1428 4692
1429 4693
1430 4693
1431 4694
1432 4694
1433 4694
1434 4695
1435 4695
1436 4695
1437 4695
1438 4695
1439 4695
1440 4695
1441 4695
1442 4695
1443 4695
1444 4695
1445 4695
1446 4695
1447 4695
1448 4695
1449 4696
1450 4696
1451 4697
1452 4698
1453 4699
1454 4699
1455 4700
1455 4701
1456 4701
1457 4702
1458 4703
1459 4703
1460 4704
1461 4704
1462 4704
1463 4705
1464 4705
1465 4706
1466 4706
1467 4706
1468 4706
1469 4707
1470 4707
1471 4708
1472 4708
1473 4708
1474 4709
1475 4709
1476 4709
1477 4709
1478 4709
1479 4709
1480 4709
1481 4709
1482 4709
1483 4709
1484 4709
1485 4709
1486 4709
1487 4709
1488 4709
1489 4709
1490 4709
1491 4709
1492 4709
1493 4709
1494 4709
1495 4709
1496 4709
1497 4709
1498 4709
1499 4710
1500 4710
1501 4710
1502 4710
1503 4711
1504 4711
1505 4711
1506 4711
1507 4712
1508 4712
1509 4712
1510 4712
1511 4713
1512 4713
1513 4713
1514 4713
1515 4713
1516 4713
1517 4713
1518 4713
1519 4713
1520 4713
1521 4713
1522 4713
1523 4713
1524 4713
1525 4712
1526 4712
1527 4712
1528 4712
1529 4711
1530 4711
1531 4711
1532 4711
1533 4711
1534 4711
1535 4711
1536 4711
1537 4711
1538 4711
1539 4711
1540 4711
1541 4711
1542 4711
1543 4711
1544 4711
1545 4711
1546 4711
1547 4711
1548 4711
1549 4711
1550 4711
1551 4711
1552 4711
1553 4711
1554 4711
1555 4711
1556 4711
1557 4711
1558 4711
1559 4711
1560 4711
1561 4711
1562 4711
1563 4711
1564 4711
1565 4711
1566 4711
1567 4711
1568 4710
1569 4710
1570 4710
1571 4709
1572 4708
1573 4708
1574 4708
1575 4707
1576 4707
1577 4707
1578 4707
1579 4707
1580 4707
1581 4707
1582 4707
1583 4706
1584 4706
1585 4706
1586 4705
1587 4705
1588 4704
1589 4703
1590 4703
1591 4702
1592 4702
1593 4701
1594 4700
1595 4699
1596 4699
1597 4698
1598 4697
1599 4696
1600 4695
1601 4694
1602 4693
1602 4692
1603 4691
1604 4690
1605 4690
1606 4689
1607 4688
1607 4687
1608 4686
1609 4686
1610 4685
1610 4684
1611 4683
1612 4682
1613 4682
1614 4681
1615 4680
1616 4679
1616 4678
1617 4677
1618 4677
1618 4676
1619 4675
1620 4674
1620 4673
1621 4672
1622 4671
1622 4670
1623 4669
1624 4669
1625 4668
1626 4667
1627 4666
1628 4665
1629 4664
1629 4663
1630 4662
1631 4662
1632 4661
1633 4660
1634 4659
1635 4658
1636 4657
1637 4657
1638 4656
1639 4656
1640 4656
1640 4655
1641 4654
1642 4654
1643 4653
1644 4653
1645 4652
1646 4651
1647 4651
1648 4650
1649 4649
1650 4649
1651 4648
1652 4647
1653 4646
1654 4646
1655 4645
1656 4644
1657 4644
1658 4643
1659 4642
1660 4641
1661 4641
1662 4640
1663 4639
1664 4638
1665 4638
1666 4637
1666 4636
1667 4635
1668 4634
1669 4634
1670 4633
1671 4632
1671 4631
1672 4630
1673 4630
1674 4629
1674 4628
1675 4627
1676 4626
1677 4626
1678 4625
1678 4624
1679 4623
1680 4622
1681 4621
1681 4620
1681 4619
1682 4618
1682 4617
1683 4616
1684 4615
1684 4614
1685 4613
1686 4613
1686 4612
1687 4611
1688 4611
1689 4610
1690 4609
1691 4608
1691 4607
1692 4606
1693 4606
1694 4605
1694 4604
1695 4603
1696 4602
1697 4601
1698 4600
1698 4599
1699 4598
1700 4597
1701 4596
1701 4595
1702 4594
1703 4594
1703 4593
1704 4592
1705 4591
1705 4590
1706 4589
1706 4588
1707 4587
1707 4586
1707 4585
1708 4584
1708 4583
1709 4582
1709 4581
1709 4580
1710 4579
1711 4578
1712 4577
1712 4576
1713 4575
1714 4574
1714 4573
1714 4572
1714 4571
1714 4570
1715 4569
1715 4568
1715 4567
1715 4566
1716 4565
1716 4564
1716 4563
1716 4562
1716 4561
1716 4560
1717 4559
1717 4558
1717 4557
1717 4556
1718 4555
1718 4554
1718 4553
1718 4552
1718 4551
1718 4550
1718 4549
1718 4548
1718 4547
1718 4546
1718 4545
1718 4544
1718 4543
1718 4542
1718 4541
1718 4540
1718 4539
1718 4538
1718 4537
1718 4536
1718 4535
1718 4534
1719 4533
1719 4532
1719 4531
1719 4530
1720 4529
1720 4528
1720 4527
1720 4526
1720 4525
1720 4524
1720 4523
1720 4522
1720 4521
1720 4520
1720 4519
1720 4518
1720 4517
1720 4516
1720 4515
1720 4514
1720 4513
1720 4512
1720 4511
1720 4510
1721 4509
1721 4508
1721 4507
1721 4506
1722 4505
1722 4504
1722 4503
1722 4502
1722 4501
1722 4500
1722 4499
1722 4498
1722 4497
1722 4496
1722 4495
1722 4494
1722 4493
1722 4492
1722 4491
1722 4490
1723 4489
1723 4488
1723 4487
1724 4486
1725 4486
1725 4485
1725 4484
1726 4483
1726 4482
1726 4481
1726 4480
1726 4479
1726 4478
1726 4477
1726 4476
1726 4475
1726 4474
1726 4473
1726 4472
1726 4471
1726 4470
1726 4469
1726 4468
1726 4467
1726 4466
1726 4465
1726 4464
1726 4463
1726 4462
1726 4461
1726 4460
1726 4459
1726 4458
1726 4457
1726 4456
1726 4455
1726 4454
1726 4453
1726 4452
1726 4451
1726 4450
1726 4449
1726 4448
1726 4447
1726 4446
1726 4445
1726 4444
1726 4443
1726 4442
1726 4441
1726 4440
1726 4439
1726 4438
1726 4437
1726 4436
1726 4435
1726 4434
1726 4433
1726 4432
1726 4431
1726 4430
1726 4429
1726 4428
1726 4427
1726 4426
1726 4425
1726 4424
1726 4423
1726 4422
1726 4421
1726 4420
1726 4419
1726 4418
1726 4417
1726 4416
1727 4415
1727 4414
1727 4413
1727 4412
1728 4411
1728 4410
1728 4409
1728 4408
1729 4407
1729 4406
1729 4405
1729 4404
1730 4403
1730 4402
1730 4401
1730 4400
1730 4399
1730 4398
1730 4397
1730 4396
1730 4395
1730 4394
1730 4393
1730 4392
1731 4391
1731 4390
1731 4389
1731 4388
1732 4387
1732 4386
1732 4385
1733 4384
1733 4383
1733 4382
1734 4381
1734 4380
1734 4379
1734 4378
1735 4377
1735 4376
1735 4375
1735 4374
1736 4373
1736 4372
1737 4371
1737 4370
1737 4369
1738 4368
1738 4367
1738 4366
1738 4365
1738 4364
1738 4363
1738 4362
1738 4361
1738 4360
1737 4360
1736 4360
1735 4360
1734 4359
1734 4358
1734 4357
1734 4356
1734 4355
1734 4354
1734 4353
1734 4352
1734 4351
1734 4350
1734 4349
1734 4348
1734 4347
1734 4346
1734 4345
1734 4344
1734 4343
1734 4342
1734 4341
1734 4340
1734 4339
1734 4338
1734 4337
1734 4336
1734 4335
1734 4334
1734 4333
1734 4332
1734 4331
1734 4330
1734 4329
1734 4328
1734 4327
1734 4326
1734 4325
1734 4324
1734 4323
1734 4322
1734 4321
1734 4320
1734 4319
1734 4318
1734 4317
1734 4316
1734 4315
1734 4314
1734 4313
1734 4312
1733 4311
1733 4310
1733 4309
1733 4308
1732 4307
1732 4306
1732 4305
1732 4304
1732 4303
1732 4302
1732 4301
1732 4300
1732 4299
1732 4298
1732 4297
1732 4296
1732 4295
1732 4294
1732 4293
1732 4292
1732 4291
1732 4290
1732 4289
1732 4288
1732 4287
1732 4286
1732 4285
1732 4284
1732 4283
1732 4282
1732 4281
1732 4280
1732 4279
1731 4278
1730 4277
1730 4276
1729 4275
1729 4274
1728 4273
1728 4272
1728 4271
1728 4270
1728 4269
1728 4268
1727 4267
1727 4266
1727 4265
1726 4264
1726 4263
1726 4262
1726 4261
1726 4260
1726 4259
1726 4258
1726 4257
1726 4256
1725 4255
1725 4254
1725 4253
1725 4252
1724 4252
1723 4251
1723 4250
1723 4249
1722 4248
1722 4247
1721 4246
1721 4245
1721 4244
1720 4243
1720 4242
1720 4241
1720 4240
1720 4239
1720 4238
1720 4237
1719 4236
1718 4235
1718 4234
1717 4233
1716 4232
1715 4232
1714 4231
1713 4231
1712 4230
1712 4229
1711 4229
1710 4229
1709 4228
1708 4227
1707 4227
1706 4226
1705 4225
1704 4224
1703 4223
1703 4222
1702 4221
1702 4220
1701 4219
1701 4218
1701 4217
1701 4216
1700 4215
1700 4214
1699 4213
1699 4212
1699 4211
1698 4210
1697 4209
1696 4208
1696 4207
1696 4206
1695 4205
1695 4204
1695 4203
1694 4203
1693 4202
1692 4201
1692 4200
1691 4199
1690 4198
1690 4197
1689 4196
1689 4195
1688 4194
1687 4193
1686 4192
1685 4191
1685 4190
1684 4189
1684 4188
1683 4187
1683 4186
1682 4185
1681 4184
1681 4183
1680 4182
1680 4181
1679 4180
1678 4179
1678 4178
1677 4178
1676 4177
1676 4176
1675 4175
1674 4174
1673 4173
1672 4172
1671 4172
1670 4171
1670 4170
1669 4170
1668 4169
1668 4168
1667 4167
1666 4166
1665 4165
1664 4164
1663 4164
1662 4163
1662 4162
1661 4162
1660 4161
1659 4160
1659 4159
1658 4158
1657 4158
1656 4157
1655 4156
1654 4155
1653 4155
1652 4154
1651 4154
1650 4153
1650 4152
1649 4151
1648 4151
1647 4150
1646 4149
1646 4148
1645 4147
1644 4147
1643 4146
1643 4145
1642 4144
1641 4143
1640 4142
1640 4141
1639 4140
1638 4139
1638 4138
1637 4138
1636 4137
1636 4136
1635 4135
1634 4134
1634 4133
1633 4132
1633 4131
1632 4131
1631 4130
1631 4129
1630 4128
1629 4127
1629 4126
1628 4125
1627 4124
1627 4123
1626 4123
1625 4122
1625 4121
1624 4120
1623 4119
1622 4118
1621 4117
1621 4116
1620 4115
1620 4114
1619 4113
1619 4112
1618 4111
1618 4110
1617 4110
1616 4109
1616 4108
1615 4108
1614 4107
1614 4106
1613 4106
1612 4105
1611 4104
1611 4103
1610 4102
1609 4102
1608 4101
1607 4100
1606 4099
1605 4099
1604 4098
1603 4098
1602 4097
1602 4096
1601 4095
1600 4095
1599 4094
1598 4093
1597 4092
1596 4092
1595 4091
1594 4090
1593 4089
1592 4089
1591 4088
1591 4087
1590 4087
1589 4087
1588 4086
1588 4085
1587 4085
1586 4085
1585 4085
1584 4084
1584 4083
1583 4083
1582 4082
1581 4082
1580 4081
1579 4080
1578 4080
1577 4079
1576 4079
1575 4078
1574 4077
1573 4077
1572 4076
1571 4076
1570 4075
1570 4074
1569 4073
1568 4072
1567 4072
1566 4071
1565 4071
1564 4070
1563 4070
1562 4069
1561 4069
1560 4069
1559 4068
1558 4067
1557 4067
1556 4066
1555 4065
1554 4064
1553 4064
1552 4063
1551 4063
1550 4062
1549 4062
1548 4061
1547 4061
1546 4060
1545 4059
1544 4059
1543 4059
1542 4058
1541 4058
1540 4057
1539 4056
1538 4055
1537 4054
1538 4053
1538 4052
1537 4052
1536 4051
1536 4050
1535 4050
1534 4050
1533 4050
1532 4050
1531 4050
1530 4050
1529 4050
1528 4050
1527 4050
