3375 895
3375 896
3375 897
3375 898
3374 899
3373 899
3372 899
3371 899
3370 899
3369 899
3368 900
3367 900
3366 901
3365 901
3364 902
3363 903
3362 903
3361 904
3360 904
3359 905
3358 905
3357 906
3356 907
3355 908
3354 909
3353 909
3352 910
3351 910
3350 911
3349 912
3348 912
3347 912
3346 913
3345 913
3344 914
3343 914
3342 914
3341 915
3340 916
3339 916
3338 917
3337 917
3336 917
3335 917
3334 918
3333 918
3332 919
3331 919
3331 920
3330 921
3329 921
3329 922
3328 923
3327 923
3326 924
3325 925
3324 926
3323 926
3322 927
3321 928
3320 929
3319 929
3319 930
3318 931
3317 931
3316 932
3315 932
3314 933
3313 934
3312 935
3311 935
3310 936
3309 936
3308 937
3307 937
3306 937
3305 937
3305 938
3306 939
3306 940
3306 941
3306 942
3306 943
3306 944
3305 945
3304 946
3303 947
3302 948
3301 948
3300 947
3299 947
3298 948
3297 948
3296 948
3295 948
3294 949
3293 950
3292 950
3291 951
3291 952
3290 953
3289 953
3288 954
3287 955
3287 956
3286 957
3285 958
3284 959
3283 959
3282 960
3281 961
3281 962
3280 963
3279 963
3278 964
3277 965
3276 966
3275 966
3274 967
3273 968
3272 969
3271 969
3271 970
3270 971
3269 971
3268 972
3267 973
3267 974
3266 975
3265 975
3265 976
3264 977
3263 978
3263 979
3262 980
3261 981
3261 982
3260 983
3259 983
3259 984
3258 985
3257 986
3257 987
3256 988
3255 989
3255 990
3254 991
3254 992
3253 993
3253 994
3253 995
3253 996
3252 997
3252 998
3251 999
3251 1000
3250 1001
3249 1002
3249 1003
3248 1004
3247 1005
3246 1006
3245 1007
3244 1008
3243 1009
3243 1010
3242 1011
3241 1011
3241 1012
3240 1013
3239 1014
3239 1015
3238 1016
3237 1017
3237 1018
3236 1019
3235 1019
3235 1020
3234 1021
3233 1022
3232 1022
3231 1023
3231 1024
3230 1025
3230 1026
3229 1027
3228 1028
3228 1029
3227 1030
3227 1031
3226 1032
3226 1033
3225 1034
3224 1035
3224 1036
3224 1037
3223 1038
3222 1039
3222 1040
3221 1041
3221 1042
3220 1043
3220 1044
3219 1045
3219 1046
3218 1047
3218 1048
3218 1049
3218 1050
3217 1051
3217 1052
3217 1053
3217 1054
3217 1055
3217 1056
3216 1057
3216 1058
3216 1059
3216 1060
3215 1061
3214 1061
3214 1062
3214 1063
3214 1064
3213 1065
3212 1065
3212 1066
3212 1067
3211 1068
3211 1069
3210 1070
3209 1071
3209 1072
3208 1073
3208 1074
3207 1075
3207 1076
3206 1077
3206 1078
3205 1079
3205 1080
3204 1081
3204 1082
3203 1083
3203 1084
3203 1085
3203 1086
3203 1087
3203 1088
3203 1089
3203 1090
3203 1091
3203 1092
3203 1093
3203 1094
3203 1095
3203 1096
3203 1097
3203 1098
3203 1099
3203 1100
3203 1101
3203 1102
3203 1103
3203 1104
3203 1105
3203 1106
3203 1107
3203 1108
3203 1109
3203 1110
3203 1111
3203 1112
3203 1113
3203 1114
3203 1115
3203 1116
3203 1117
3203 1118
3203 1119
3203 1120
3203 1121
3203 1122
3203 1123
3203 1124
3203 1125
3203 1126
3203 1127
3203 1128
3203 1129
3203 1130
3204 1131
3205 1132
3205 1133
3206 1134
3207 1135
3207 1136
3207 1137
3207 1138
3207 1139
3207 1140
3207 1141
3207 1142
3207 1143
3208 1144
3208 1145
3208 1146
3209 1147
3209 1148
3209 1149
3209 1150
3209 1151
3209 1152
3209 1153
3209 1154
3210 1155
3210 1156
3211 1157
3211 1158
3212 1159
3212 1160
3213 1160
3214 1161
3214 1162
3214 1163
3214 1164
3215 1165
3215 1166
3216 1167
3216 1168
3216 1169
3217 1170
3217 1171
3218 1172
3218 1173
3218 1174
3219 1175
3219 1176
3220 1177
3220 1178
3220 1179
3220 1180
3221 1180
3222 1181
3222 1182
3222 1183
3222 1184
3223 1185
3223 1186
3223 1187
3223 1188
3223 1189
3223 1190
3223 1191
3223 1192
3224 1193
3224 1194
3225 1195
3226 1196
3227 1197
3227 1198
3228 1198
3229 1199
3230 1200
3230 1201
3231 1202
3232 1203
3233 1203
3234 1204
3235 1205
3235 1206
3236 1206
3237 1207
3238 1208
3238 1209
3239 1210
3240 1210
3241 1211
3242 1212
3243 1212
3244 1212
3245 1213
3246 1213
3247 1213
3248 1213
3249 1214
3249 1215
3250 1215
3251 1215
3252 1216
3253 1216
3254 1217
3255 1218
3256 1218
3257 1219
3258 1220
3259 1221
3259 1222
3260 1222
3261 1223
3262 1224
3262 1225
3263 1226
3264 1227
3265 1227
3266 1228
3267 1229
3268 1230
3269 1230
3270 1231
3271 1232
3272 1232
3273 1233
3274 1234
3275 1235
3276 1235
3277 1236
3278 1237
3279 1238
3280 1238
3281 1239
3281 1240
3282 1240
3283 1241
3283 1242
3284 1243
3285 1243
3286 1244
3287 1245
3288 1245
3289 1246
3290 1246
3291 1246
3292 1246
3293 1247
3294 1247
3295 1248
3296 1248
3297 1249
3298 1250
3299 1251
3300 1251
3301 1251
3302 1252
3303 1253
3304 1253
3305 1253
3306 1253
3307 1254
3308 1254
3309 1255
3310 1255
3311 1256
3312 1256
3313 1257
3314 1258
3315 1258
3316 1259
3317 1260
3318 1260
3319 1261
3319 1262
3320 1262
3321 1263
3322 1264
3323 1264
3324 1265
3325 1265
3326 1266
3327 1267
3328 1267
3329 1268
3330 1269
3331 1270
3332 1271
3333 1272
3334 1272
3335 1272
3336 1272
3337 1273
3338 1273
3339 1273
3340 1274
3341 1274
3342 1274
3343 1274
3344 1274
3345 1274
3346 1274
3347 1274
3348 1274
3349 1274
3350 1274
3351 1274
3352 1274
3353 1275
3354 1275
3355 1276
3356 1276
3357 1277
3358 1277
3359 1278
3360 1278
3361 1278
3362 1278
3363 1278
3364 1278
3365 1279
3366 1279
3367 1279
3368 1279
3369 1280
3370 1280
3371 1280
3372 1280
3373 1280
3374 1280
3375 1280
3376 1280
3377 1280
3378 1280
3379 1280
3380 1280
3381 1280
3382 1280
3383 1280
3384 1280
3385 1280
3386 1280
3387 1280
3388 1280
3389 1280
3390 1280
3391 1280
3392 1280
3393 1280
3394 1280
3395 1280
3396 1280
3397 1280
3398 1280
3399 1280
3400 1280
3401 1280
3402 1280
3403 1280
3404 1280
3405 1280
3406 1280
3407 1280
3408 1280
3409 1280
3410 1280
3411 1280
3412 1280
3413 1280
3414 1280
3415 1280
3416 1280
3417 1280
3418 1280
3419 1280
3420 1280
3421 1280
3422 1280
3423 1280
3424 1280
3425 1280
3426 1280
3427 1280
3428 1280
3429 1280
3430 1280
3431 1280
3432 1280
3433 1280
3434 1280
3435 1280
3436 1280
3437 1280
3438 1280
3439 1280
3440 1280
3441 1280
3442 1280
3443 1280
3444 1280
3445 1280
3446 1280
3447 1280
3448 1280
3449 1279
3450 1279
3451 1278
3452 1278
3452 1277
3453 1276
3454 1275
3455 1275
3456 1275
3457 1274
3458 1274
3459 1273
3460 1273
3461 1273
3462 1273
3463 1272
3464 1272
3465 1271
3466 1271
3467 1271
3468 1271
3469 1270
3470 1270
3471 1270
3472 1270
3473 1270
3474 1270
3475 1270
3476 1270
3477 1269
3478 1269
3479 1269
3480 1269
3480 1268
3481 1267
3482 1267
3483 1267
3484 1267
3485 1266
3486 1265
3487 1264
3488 1264
3488 1263
3489 1262
3490 1262
3491 1261
3492 1261
3493 1260
3494 1260
3495 1259
3496 1259
3497 1259
3498 1258
3499 1258
3500 1257
3501 1256
3502 1256
3503 1255
3504 1255
3505 1254
3506 1254
3507 1253
3508 1253
3509 1253
3510 1253
3511 1252
3512 1252
3513 1252
3514 1252
3515 1251
3516 1251
3517 1250
3518 1250
3519 1249
3520 1249
3520 1248
3521 1247
3522 1247
3523 1246
3524 1246
3525 1245
3526 1244
3527 1244
3528 1243
3529 1242
3530 1242
3531 1241
3531 1240
3532 1239
3533 1238
3534 1238
3534 1237
3535 1236
3536 1235
3537 1234
3538 1234
3539 1233
3540 1232
3541 1232
3542 1231
3543 1230
3544 1230
3545 1229
3546 1229
3547 1228
3548 1227
3549 1227
3550 1226
3551 1226
3552 1225
3553 1224
3554 1224
3554 1223
3555 1222
3556 1222
3557 1221
3558 1220
3558 1219
3559 1218
3560 1218
3560 1217
3561 1216
3562 1216
3562 1215
3563 1214
3564 1214
3565 1213
3566 1212
3566 1211
3567 1210
3568 1210
3568 1209
3569 1208
3570 1208
3570 1207
3571 1206
3572 1206
3572 1205
3573 1204
3574 1203
3574 1202
3575 1201
3576 1200
3577 1199
3578 1198
3579 1197
3579 1196
3580 1195
3581 1194
3582 1194
3582 1193
3583 1192
3584 1192
3584 1191
3585 1190
3586 1190
3586 1189
3587 1188
3587 1187
3588 1186
3588 1185
3588 1184
3588 1183
3588 1182
3588 1181
3589 1180
3589 1179
3589 1178
3589 1177
3590 1176
3591 1176
3591 1175
3591 1174
3591 1173
3592 1172
3592 1171
3593 1170
3593 1169
3593 1168
3593 1167
3594 1166
3594 1165
3595 1164
3595 1163
3596 1162
3596 1161
3597 1160
3598 1159
3598 1158
3599 1157
3599 1156
3600 1155
3600 1154
3600 1153
3600 1152
3600 1151
3601 1150
3601 1149
3602 1148
3603 1147
3604 1146
3604 1145
3605 1144
3606 1143
3607 1142
3607 1141
3608 1140
3608 1139
3609 1138
3609 1137
3610 1136
3610 1135
3611 1134
3611 1133
3611 1132
3612 1131
3612 1130
3613 1129
3613 1128
3613 1127
3614 1126
3614 1125
3615 1124
3615 1123
3615 1122
3615 1121
3616 1120
3617 1120
3617 1119
3617 1118
3617 1117
3618 1116
3618 1115
3619 1114
3619 1113
3619 1112
3620 1111
3621 1110
3621 1109
3621 1108
3621 1107
3622 1106
3622 1105
3622 1104
3622 1103
3622 1102
3622 1101
3623 1100
3623 1099
3623 1098
3623 1097
3624 1096
3624 1095
3624 1094
3624 1093
3624 1092
3624 1091
3623 1090
3623 1089
3623 1088
3623 1087
3623 1086
3624 1085
3624 1084
3625 1083
3626 1082
3627 1081
3627 1080
3628 1079
3628 1078
3628 1077
3628 1076
3628 1075
3628 1074
3628 1073
3628 1072
3628 1071
3628 1070
3628 1069
3628 1068
3628 1067
3628 1066
3628 1065
3627 1064
3627 1063
3627 1062
3626 1061
3625 1060
3625 1059
3625 1058
3625 1057
3624 1056
3624 1055
3624 1054
3624 1053
3624 1052
3624 1051
3623 1050
3623 1049
3623 1048
3623 1047
3622 1046
3622 1045
3621 1044
3621 1043
3621 1042
3621 1041
3620 1040
3620 1039
3620 1038
3620 1037
3619 1036
3619 1035
3619 1034
3619 1033
3618 1032
3618 1031
3618 1030
3618 1029
3618 1028
3618 1027
3618 1026
3617 1025
3617 1024
3616 1023
3616 1022
3615 1021
3615 1020
3615 1019
3614 1018
3613 1017
3613 1016
3613 1015
3612 1015
3611 1014
3611 1013
3611 1012
3611 1011
3610 1010
3610 1009
3610 1008
3610 1007
3609 1006
3609 1005
3609 1004
3608 1003
3608 1002
3607 1001
3606 1000
3606 999
3605 998
3604 998
3603 997
3602 996
3602 995
3601 994
3601 993
3600 992
3599 991
3599 990
3599 989
3598 988
3597 987
3596 986
3596 985
3595 984
3594 983
3593 982
3592 982
3591 981
3590 980
3590 979
3589 979
3588 978
3587 977
3587 976
3586 975
3585 974
3584 974
3583 973
3582 972
3582 971
3581 971
3580 970
3579 969
3579 968
3578 967
3577 966
3576 966
3575 965
3574 964
3574 963
3573 963
3572 962
3571 961
3571 960
3570 959
3569 959
3568 958
3567 957
3566 956
3565 956
3564 955
3563 955
3562 954
3562 953
3561 953
3560 952
3560 951
3559 951
3558 950
3558 949
3557 949
3556 948
3555 947
3554 947
3553 946
3552 945
3551 944
3550 943
3549 943
3548 942
3548 941
3547 941
3546 940
3545 940
3544 939
3544 938
3543 938
3542 937
3541 937
3540 936
3539 935
3538 935
3537 934
3536 934
3535 934
3534 933
3533 933
3532 932
3531 932
3530 931
3529 931
3528 930
3527 930
3526 929
3525 929
3524 928
3523 928
3522 928
3521 928
3520 927
3520 926
3519 926
3518 926
3517 925
3516 925
3515 924
3514 924
3513 924
3512 923
3511 923
3510 922
3509 922
3508 922
3507 921
3506 921
3505 920
3504 920
3503 920
3502 919
3501 919
3500 918
3499 918
3498 918
3497 918
3496 917
3496 916
3495 916
3494 915
3493 915
3492 914
3491 914
3490 913
3489 913
3488 913
3487 913
3486 912
3485 912
3484 912
3483 912
3482 911
3481 911
3480 910
3479 910
3478 910
3477 909
3476 909
3475 909
3474 908
3473 908
3472 908
3471 907
3470 907
3469 906
3468 906
3467 906
3466 905
3465 905
3464 904
3463 904
3462 904
3461 904
3460 903
3459 903
3458 903
3457 903
3456 902
3455 902
3454 901
3453 901
3452 900
3451 900
3450 899
3449 899
3448 899
3447 899
3446 899
3445 899
3444 899
3443 899
3442 899
3441 899
3440 899
3439 899
3438 899
3437 899
3436 898
3435 898
3434 898
3433 898
3432 897
3431 897
3430 896
3429 896
3428 896
3427 896
3426 895
3425 895
3424 895
3423 895
3422 895
3421 895
3420 895
3419 895
3418 895
3417 895
3416 895
3415 895
3414 895
3413 895
3412 895
3411 895
3410 895
3409 895
3408 895
3407 895
3406 895
3405 895
3404 895
3403 895
3402 895
3401 895
3400 895
3399 895
3398 895
3397 895
3396 895
3395 895
3394 895
3393 895
3392 895
3391 895
3390 895
3389 895
3388 895
3387 895
3386 895
3385 895
3384 895
3383 895
3382 895
3381 895
3380 895
3379 895
3378 895
3377 895
3376 895
3375 895
