1028 2073
1027 2074
1026 2074
1025 2074
1024 2075
1023 2075
1022 2076
1021 2076
1020 2076
1019 2076
1018 2077
1017 2078
1016 2078
1015 2078
1014 2079
1013 2079
1012 2080
1011 2080
1010 2081
1009 2081
1009 2082
1008 2083
1007 2083
1006 2084
1006 2085
1005 2086
1004 2087
1003 2087
1002 2088
1001 2088
1000 2089
999 2089
998 2090
997 2090
996 2091
995 2091
995 2092
994 2093
993 2093
992 2094
991 2095
990 2096
990 2097
989 2098
988 2099
987 2099
987 2100
986 2101
985 2102
984 2102
983 2103
982 2104
982 2105
981 2106
980 2107
979 2107
979 2108
978 2109
977 2110
976 2110
975 2111
975 2112
974 2113
973 2114
973 2115
972 2116
971 2117
971 2118
970 2119
970 2120
969 2121
968 2122
968 2123
968 2124
967 2125
966 2126
965 2127
965 2128
964 2129
963 2129
963 2130
962 2131
961 2131
961 2132
960 2133
959 2134
959 2135
958 2136
957 2137
957 2138
956 2139
955 2139
955 2140
954 2141
953 2142
952 2142
951 2143
951 2144
950 2145
950 2146
949 2147
949 2148
948 2149
948 2150
947 2151
946 2152
945 2153
944 2154
943 2154
942 2155
941 2155
940 2156
939 2156
938 2157
937 2157
937 2158
936 2159
936 2160
935 2161
934 2161
934 2162
933 2163
932 2164
931 2165
931 2166
930 2167
929 2168
928 2169
928 2170
927 2171
927 2172
926 2173
925 2174
925 2175
924 2176
924 2177
924 2178
923 2179
923 2180
922 2181
922 2182
922 2183
922 2184
921 2185
921 2186
920 2187
920 2188
919 2189
918 2190
917 2191
917 2192
916 2193
916 2194
915 2195
915 2196
915 2197
915 2198
915 2199
914 2200
914 2201
914 2202
913 2203
913 2204
913 2205
913 2206
912 2207
912 2208
912 2209
911 2210
911 2211
910 2212
910 2213
909 2214
908 2215
908 2216
907 2217
907 2218
906 2219
905 2220
905 2221
905 2222
905 2223
905 2224
904 2225
904 2226
904 2227
904 2228
903 2229
903 2230
903 2231
903 2232
902 2233
902 2234
902 2235
902 2236
901 2237
900 2238
899 2239
899 2240
898 2241
897 2241
897 2242
896 2243
895 2244
895 2245
895 2246
895 2247
895 2248
895 2249
895 2250
894 2251
894 2252
893 2253
893 2254
892 2255
892 2256
891 2257
891 2258
891 2259
891 2260
890 2261
890 2262
889 2263
889 2264
888 2265
887 2266
887 2267
887 2268
887 2269
887 2270
887 2271
887 2272
887 2273
887 2274
887 2275
887 2276
887 2277
887 2278
887 2279
887 2280
887 2281
887 2282
887 2283
887 2284
887 2285
887 2286
887 2287
887 2288
887 2289
887 2290
887 2291
887 2292
887 2293
887 2294
887 2295
887 2296
887 2297
887 2298
887 2299
887 2300
887 2301
887 2302
887 2303
887 2304
887 2305
887 2306
887 2307
887 2308
887 2309
887 2310
887 2311
887 2312
888 2313
888 2314
888 2315
888 2316
889 2317
889 2318
890 2319
890 2320
890 2321
891 2322
891 2323
891 2324
891 2325
891 2326
891 2327
891 2328
891 2329
891 2330
891 2331
891 2332
891 2333
891 2334
891 2335
891 2336
891 2337
891 2338
891 2339
891 2340
891 2341
891 2342
891 2343
891 2344
891 2345
891 2346
891 2347
891 2348
892 2349
892 2350
892 2351
892 2352
893 2353
894 2354
895 2355
895 2356
896 2357
897 2357
898 2358
899 2359
899 2360
900 2361
901 2362
901 2363
902 2364
902 2365
902 2366
903 2367
903 2368
904 2369
904 2370
904 2371
904 2372
905 2373
905 2374
906 2375
906 2376
907 2377
907 2378
908 2378
909 2379
909 2380
910 2380
911 2381
912 2381
913 2382
913 2383
914 2383
915 2384
916 2384
917 2385
917 2386
918 2387
918 2388
919 2389
919 2390
920 2391
920 2392
921 2393
921 2394
922 2395
922 2396
923 2397
923 2398
923 2399
923 2400
924 2401
924 2402
924 2403
924 2404
925 2405
925 2406
925 2407
925 2408
925 2409
925 2410
925 2411
925 2412
926 2413
926 2414
926 2415
926 2416
927 2416
928 2417
928 2418
928 2419
928 2420
929 2421
929 2422
930 2423
930 2424
931 2425
932 2425
933 2426
934 2426
935 2427
936 2427
937 2428
938 2428
939 2429
939 2430
940 2430
941 2431
942 2432
942 2433
943 2434
944 2435
945 2436
946 2437
946 2438
947 2439
947 2440
947 2441
947 2442
947 2443
947 2444
947 2445
947 2446
948 2447
948 2448
949 2449
949 2450
950 2451
951 2452
952 2452
953 2453
954 2454
955 2455
956 2455
957 2456
958 2457
959 2458
960 2459
961 2459
962 2460
963 2461
964 2462
965 2463
966 2463
967 2463
968 2463
969 2464
970 2464
971 2464
972 2464
973 2464
974 2464
975 2465
976 2465
977 2465
978 2466
979 2466
980 2467
981 2468
982 2468
983 2469
984 2469
985 2470
985 2471
986 2471
987 2471
988 2471
989 2472
990 2472
991 2472
992 2472
993 2472
994 2472
995 2472
996 2472
997 2472
998 2472
999 2473
1000 2473
1001 2473
1002 2474
1003 2474
1004 2474
1005 2474
1006 2474
1007 2474
1008 2474
1009 2474
1010 2474
1011 2474
1012 2474
1013 2474
1014 2474
1015 2474
1016 2474
1017 2475
1018 2475
1019 2476
1020 2476
1021 2477
1022 2477
1023 2478
1024 2478
1025 2478
1026 2478
1027 2478
1028 2478
1029 2479
1030 2479
1031 2479
1032 2479
1033 2480
1034 2480
1035 2480
1036 2480
1037 2480
1038 2480
1039 2480
1040 2480
1041 2480
1042 2480
1043 2480
1044 2480
1045 2480
1046 2480
1047 2480
1048 2480
1049 2480
1050 2480
1051 2480
1052 2480
1053 2480
1054 2480
1055 2480
1056 2480
1057 2480
1058 2480
1059 2480
1060 2480
1061 2480
1062 2480
1063 2480
1064 2480
1065 2480
1066 2480
1067 2480
1068 2480
1069 2480
1070 2480
1071 2480
1072 2480
1073 2480
1074 2480
1075 2480
1076 2480
1077 2480
1078 2480
1079 2480
1080 2480
1081 2479
1082 2479
1083 2478
1084 2478
1085 2477
1086 2477
1087 2476
1088 2475
1089 2475
1090 2474
1091 2474
1092 2473
1093 2473
1094 2472
1095 2472
1096 2471
1097 2470
1098 2470
1098 2469
1099 2468
1099 2467
1100 2466
1100 2465
1101 2464
1101 2463
1102 2462
1102 2461
1103 2460
1104 2459
1105 2459
1106 2458
1106 2457
1107 2456
1107 2455
1108 2454
1109 2453
1109 2452
1110 2451
1110 2450
1111 2449
1111 2448
1111 2447
1112 2446
1112 2445
1112 2444
1112 2443
1112 2442
1112 2441
1113 2440
1113 2439
1114 2438
1114 2437
1115 2436
1115 2435
1116 2434
1116 2433
1116 2432
1116 2431
1117 2430
1117 2429
1118 2428
1119 2427
1119 2426
1119 2425
1120 2424
1120 2423
1120 2422
1120 2421
1120 2420
1120 2419
1120 2418
1120 2417
1121 2416
1121 2415
1122 2414
1123 2413
1124 2412
1125 2412
1126 2411
1127 2410
1128 2409
1129 2408
1130 2408
1130 2407
1131 2406
1131 2405
1132 2404
1132 2403
1132 2402
1132 2401
1133 2400
1133 2399
1133 2398
1134 2397
1135 2396
1135 2395
1135 2394
1135 2393
1136 2392
1136 2391
1137 2390
1137 2389
1138 2388
1138 2387
1139 2386
1139 2385
1140 2384
1140 2383
1141 2382
1141 2381
1141 2380
1141 2379
1142 2378
1142 2377
1143 2376
1143 2375
1143 2374
1144 2373
1144 2372
1144 2371
1145 2370
1145 2369
1146 2368
1147 2367
1147 2366
1148 2365
1149 2364
1149 2363
1150 2362
1150 2361
1151 2360
1151 2359
1152 2358
1152 2357
1153 2356
1154 2355
1154 2354
1155 2353
1156 2352
1156 2351
1157 2350
1158 2349
1159 2348
1160 2347
1161 2346
1161 2345
1162 2344
1162 2343
1162 2342
1162 2341
1162 2340
1162 2339
1162 2338
1162 2337
1162 2336
1162 2335
1162 2334
1162 2333
1162 2332
1162 2331
1162 2330
1162 2329
1162 2328
1162 2327
1162 2326
1162 2325
1163 2324
1163 2323
1163 2322
1163 2321
1164 2320
1164 2319
1164 2318
1164 2317
1164 2316
1164 2315
1165 2314
1165 2313
1165 2312
1165 2311
1166 2310
1166 2309
1166 2308
1166 2307
1166 2306
1167 2305
1167 2304
1167 2303
1168 2302
1168 2301
1168 2300
1168 2299
1169 2298
1169 2297
1169 2296
1170 2295
1170 2294
1170 2293
1170 2292
1170 2291
1170 2290
1170 2289
1170 2288
1170 2287
1170 2286
1170 2285
1170 2284
1170 2283
1170 2282
1170 2281
1170 2280
1170 2279
1170 2278
1170 2277
1170 2276
1170 2275
1170 2274
1170 2273
1170 2272
1170 2271
1170 2270
1170 2269
1170 2268
1170 2267
1170 2266
1170 2265
1171 2264
1171 2263
1171 2262
1171 2261
1172 2260
1172 2259
1172 2258
1172 2257
1172 2256
1172 2255
1172 2254
1172 2253
1172 2252
1172 2251
1172 2250
1172 2249
1172 2248
1172 2247
1172 2246
1172 2245
1172 2244
1172 2243
1172 2242
1172 2241
1172 2240
1172 2239
1172 2238
1172 2237
1172 2236
1172 2235
1172 2234
1172 2233
1172 2232
1172 2231
1172 2230
1172 2229
1172 2228
1172 2227
1172 2226
1172 2225
1172 2224
1172 2223
1172 2222
1172 2221
1171 2220
1171 2219
1171 2218
1171 2217
1170 2216
1170 2215
1170 2214
1170 2213
1170 2212
1170 2211
1170 2210
1170 2209
1170 2208
1170 2207
1169 2206
1169 2205
1169 2204
1169 2203
1168 2202
1168 2201
1168 2200
1168 2199
1168 2198
1168 2197
1168 2196
1168 2195
1167 2194
1167 2193
1167 2192
1166 2191
1166 2190
1166 2189
1166 2188
1166 2187
1165 2186
1165 2185
1165 2184
1165 2183
1164 2182
1164 2181
1164 2180
1164 2179
1164 2178
1164 2177
1164 2176
1164 2175
1164 2174
1164 2173
1164 2172
1164 2171
1164 2170
1164 2169
1164 2168
1164 2167
1164 2166
1164 2165
1163 2164
1163 2163
1163 2162
1163 2161
1162 2160
1162 2159
1161 2158
1161 2157
1161 2156
1161 2155
1160 2154
1160 2153
1160 2152
1160 2151
1160 2150
1160 2149
1160 2148
1160 2147
1159 2146
1159 2145
1159 2144
1158 2143
1157 2142
1157 2141
1157 2140
1157 2139
1156 2138
1156 2137
1155 2136
1155 2135
1154 2134
1154 2133
1153 2132
1152 2131
1151 2131
1150 2130
1149 2129
1148 2129
1147 2128
1146 2127
1145 2127
1144 2126
1143 2125
1142 2124
1142 2123
1141 2123
1140 2122
1139 2121
1138 2120
1137 2120
1136 2119
1136 2118
1135 2118
1134 2117
1133 2117
1132 2116
1132 2115
1131 2114
1131 2113
1130 2113
1129 2112
1129 2111
1128 2110
1128 2109
1127 2108
1127 2107
1126 2106
1126 2105
1125 2104
1125 2103
1125 2102
1124 2101
1123 2101
1122 2100
1122 2099
1121 2098
1121 2097
1120 2096
1120 2095
1120 2094
1120 2093
1120 2092
1120 2091
1119 2090
1119 2089
1118 2088
1117 2087
1116 2086
1115 2086
1114 2086
1113 2086
1112 2085
1112 2084
1111 2084
1110 2084
1109 2084
1108 2083
1107 2083
1106 2082
1105 2082
1104 2082
1103 2082
1102 2081
1101 2081
1100 2081
1099 2081
1098 2080
1097 2080
1096 2080
1095 2080
1094 2079
1093 2079
1092 2078
1091 2078
1090 2078
1089 2078
1088 2077
1087 2077
1086 2077
1085 2077
1084 2077
1083 2077
1082 2076
1081 2076
1080 2076
1079 2075
1078 2075
1077 2075
1076 2075
1075 2075
1074 2075
1073 2075
1072 2075
1071 2075
1070 2075
1069 2075
1068 2075
1067 2075
1066 2075
1065 2075
1064 2074
1063 2074
1062 2074
1061 2073
1060 2073
1059 2073
1058 2073
1057 2073
1056 2073
1055 2073
1054 2073
1053 2073
1052 2073
1051 2073
1050 2073
1049 2073
1048 2073
1047 2073
1046 2073
1045 2073
1044 2073
1043 2073
1042 2073
1041 2073
1040 2073
1039 2073
1038 2073
1037 2073
1036 2073
1035 2073
1034 2073
1033 2073
1032 2073
1031 2073
1030 2073
1029 2073
1028 2073
