2689 803
2688 804
2687 804
2686 804
2685 805
2685 806
2684 807
2683 807
2682 808
2681 809
2680 810
2679 810
2678 811
2677 811
2676 812
2675 813
2674 813
2673 814
2672 814
2671 814
2670 815
2669 816
2668 816
2667 816
2666 817
2665 817
2664 817
2663 817
2662 817
2661 817
2660 817
2659 817
2658 817
2657 817
2656 817
2655 817
2654 817
2653 817
2652 818
2651 818
2650 819
2649 820
2648 821
2647 821
2646 822
2645 823
2644 824
2643 824
2642 824
2641 825
2640 826
2639 826
2638 826
2637 826
2636 827
2635 827
2634 827
2633 827
2632 828
2631 828
2630 828
2629 829
2628 830
2627 831
2627 832
2626 833
2625 834
2625 835
2624 836
2623 836
2622 836
2621 836
2621 837
2620 838
2619 838
2618 838
2617 838
2617 839
2616 840
2615 840
2614 841
2613 841
2612 842
2611 843
2610 843
2609 844
2608 844
2607 845
2606 845
2605 846
2604 847
2603 847
2603 848
2602 849
2601 849
2601 850
2600 851
2599 851
2599 852
2598 853
2597 854
2596 854
2595 855
2594 856
2593 857
2592 858
2591 859
2590 859
2589 860
2588 860
2587 861
2586 861
2585 862
2584 863
2583 863
2582 864
2581 865
2580 865
2579 866
2578 867
2577 867
2576 868
2575 869
2574 869
2573 870
2572 871
2571 872
2570 873
2570 874
2569 875
2568 876
2567 877
2567 878
2566 879
2566 880
2565 881
2564 881
2564 882
2563 883
2563 884
2562 885
2561 886
2560 886
2559 887
2559 888
2558 889
2557 890
2557 891
2556 892
2555 893
2555 894
2554 895
2554 896
2553 897
2552 897
2552 898
2552 899
2551 900
2550 901
2550 902
2550 903
2550 904
2549 905
2549 906
2548 907
2548 908
2547 909
2547 910
2546 911
2546 912
2545 913
2545 914
2544 915
2544 916
2544 917
2543 918
2542 919
2542 920
2542 921
2541 922
2540 923
2540 924
2540 925
2540 926
2539 927
2538 928
2538 929
2537 930
2537 931
2536 932
2535 933
2534 934
2533 935
2532 936
2532 937
2531 938
2530 939
2529 939
2528 940
2527 940
2526 941
2525 942
2524 943
2523 943
2523 944
2522 945
2522 946
2521 947
2521 948
2521 949
2520 950
2519 951
2519 952
2518 953
2517 954
2516 955
2516 956
2515 957
2515 958
2514 959
2514 960
2513 961
2513 962
2512 963
2512 964
2512 965
2512 966
2511 967
2511 968
2511 969
2511 970
2510 971
2510 972
2510 973
2510 974
2509 975
2508 975
2508 976
2508 977
2508 978
2507 979
2506 980
2506 981
2506 982
2505 983
2505 984
2505 985
2505 986
2505 987
2505 988
2505 989
2505 990
2505 991
2505 992
2504 993
2504 994
2503 995
2502 996
2502 997
2501 998
2500 998
2499 999
2499 1000
2498 1001
2498 1002
2497 1003
2497 1004
2497 1005
2497 1006
2497 1007
2497 1008
2497 1009
2497 1010
2496 1011
2496 1012
2496 1013
2496 1014
2495 1015
2495 1016
2494 1017
2494 1018
2494 1019
2494 1020
2493 1021
2493 1022
2493 1023
2493 1024
2493 1025
2493 1026
2493 1027
2493 1028
2492 1029
2492 1030
2492 1031
2492 1032
2491 1033
2490 1033
2490 1034
2490 1035
2490 1036
2489 1037
2489 1038
2488 1039
2488 1040
2488 1041
2487 1042
2487 1043
2487 1044
2487 1045
2487 1046
2487 1047
2487 1048
2487 1049
2487 1050
2487 1051
2487 1052
2487 1053
2487 1054
2487 1055
2487 1056
2487 1057
2487 1058
2487 1059
2487 1060
2487 1061
2487 1062
2486 1063
2485 1064
2485 1065
2484 1066
2483 1067
2483 1068
2483 1069
2483 1070
2483 1071
2483 1072
2483 1073
2483 1074
2483 1075
2483 1076
2483 1077
2483 1078
2483 1079
2483 1080
2482 1081
2481 1082
2481 1083
2480 1084
2479 1085
2479 1086
2479 1087
2479 1088
2479 1089
2479 1090
2479 1091
2479 1092
2479 1093
2479 1094
2480 1095
2481 1096
2481 1097
2482 1098
2483 1099
2483 1100
2483 1101
2483 1102
2483 1103
2483 1104
2483 1105
2483 1106
2483 1107
2483 1108
2484 1109
2484 1110
2485 1111
2485 1112
2486 1113
2486 1114
2487 1115
2487 1116
2487 1117
2487 1118
2487 1119
2487 1120
2487 1121
2487 1122
2487 1123
2487 1124
2487 1125
2487 1126
2487 1127
2487 1128
2487 1129
2487 1130
2487 1131
2487 1132
2487 1133
2487 1134
2487 1135
2487 1136
2487 1137
2487 1138
2487 1139
2487 1140
2487 1141
2487 1142
2488 1143
2489 1144
2489 1145
2490 1146
2491 1147
2491 1148
2491 1149
2491 1150
2491 1151
2491 1152
2492 1153
2492 1154
2492 1155
2492 1156
2493 1157
2493 1158
2493 1159
2493 1160
2493 1161
2493 1162
2493 1163
2493 1164
2493 1165
2493 1166
2493 1167
2493 1168
2493 1169
2493 1170
2493 1171
2493 1172
2493 1173
2493 1174
2493 1175
2493 1176
2493 1177
2493 1178
2493 1179
2493 1180
2493 1181
2493 1182
2493 1183
2493 1184
2493 1185
2493 1186
2493 1187
2493 1188
2494 1189
2494 1190
2494 1191
2494 1192
2495 1193
2495 1194
2495 1195
2495 1196
2495 1197
2495 1198
2495 1199
2495 1200
2495 1201
2495 1202
2495 1203
2495 1204
2495 1205
2496 1206
2496 1207
2496 1208
2497 1209
2497 1210
2497 1211
2497 1212
2497 1213
2497 1214
2497 1215
2497 1216
2497 1217
2497 1218
2497 1219
2497 1220
2497 1221
2497 1222
2497 1223
2497 1224
2497 1225
2497 1226
2497 1227
2497 1228
2497 1229
2498 1230
2498 1231
2498 1232
2499 1233
2499 1234
2499 1235
2499 1236
2500 1237
2500 1238
2500 1239
2500 1240
2501 1240
2502 1241
2502 1242
2503 1243
2503 1244
2504 1245
2504 1246
2505 1247
2505 1248
2505 1249
2505 1250
2505 1251
2505 1252
2505 1253
2505 1254
2505 1255
2505 1256
2505 1257
2505 1258
2505 1259
2505 1260
2505 1261
2506 1262
2506 1263
2506 1264
2507 1265
2507 1266
2507 1267
2507 1268
2508 1269
2508 1270
2508 1271
2508 1272
2509 1273
2509 1274
2510 1275
2510 1276
2510 1277
2510 1278
2511 1279
2512 1280
2512 1281
2513 1282
2513 1283
2514 1284
2515 1285
2515 1286
2516 1287
2516 1288
2517 1288
2518 1289
2518 1290
2518 1291
2518 1292
2519 1292
2520 1293
2520 1294
2520 1295
2520 1296
2521 1297
2521 1298
2521 1299
2521 1300
2521 1301
2521 1302
2522 1303
2522 1304
2522 1305
2522 1306
2523 1307
2523 1308
2524 1309
2524 1310
2524 1311
2524 1312
2525 1313
2525 1314
2525 1315
2525 1316
2525 1317
2525 1318
2525 1319
2526 1320
2526 1321
2526 1322
2527 1323
2527 1324
2528 1325
2528 1326
2529 1327
2529 1328
2530 1329
2531 1330
2532 1330
2533 1331
2534 1332
2535 1333
2535 1334
2536 1335
2537 1336
2538 1336
2539 1337
2539 1338
2540 1339
2541 1340
2542 1341
2542 1342
2543 1343
2543 1344
2544 1345
2544 1346
2544 1347
2545 1348
2545 1349
2546 1350
2546 1351
2546 1352
2547 1353
2547 1354
2548 1355
2548 1356
2548 1357
2548 1358
2549 1359
2549 1360
2550 1361
2550 1362
2551 1363
2551 1364
2552 1365
2553 1366
2554 1366
2555 1367
2555 1368
2556 1369
2557 1370
2558 1371
2559 1372
2560 1373
2561 1374
2561 1375
2562 1376
2562 1377
2563 1378
2564 1379
2565 1380
2565 1381
2566 1382
2567 1383
2568 1384
2569 1385
2569 1386
2570 1386
2571 1387
2571 1388
2572 1389
2573 1390
2574 1390
2575 1391
2575 1392
2576 1392
2577 1393
2577 1394
2578 1394
2579 1395
2579 1396
2580 1397
2581 1398
2582 1398
2583 1399
2583 1400
2584 1400
2585 1401
2585 1402
2586 1402
2587 1403
2587 1404
2588 1405
2589 1406
2590 1406
2591 1407
2591 1408
2592 1408
2593 1409
2594 1410
2595 1411
2596 1412
2597 1412
2598 1413
2599 1414
2600 1415
2601 1416
2602 1417
2603 1418
2604 1418
2605 1419
2606 1420
2607 1421
2607 1422
2608 1423
2609 1424
2610 1424
2611 1425
2612 1426
2613 1427
2614 1428
2615 1429
2616 1430
2617 1431
2617 1432
2618 1432
2619 1433
2620 1434
2621 1435
2622 1435
2623 1436
2624 1436
2625 1437
2626 1438
2627 1438
2628 1439
2629 1439
2630 1439
2631 1440
2632 1440
2633 1441
2634 1441
2635 1441
2636 1441
2637 1442
2638 1442
2639 1443
2640 1443
2641 1443
2642 1443
2643 1444
2644 1444
2645 1445
2646 1445
2647 1445
2648 1445
2649 1446
2649 1447
2650 1447
2651 1447
2652 1447
2653 1448
2654 1448
2655 1448
2656 1448
2657 1448
2658 1448
2659 1448
2660 1448
2661 1449
2662 1449
2663 1449
2664 1450
2665 1451
2666 1451
2667 1451
2668 1451
2669 1452
2670 1452
2671 1452
2672 1452
2673 1452
2674 1452
2675 1452
2676 1452
2677 1452
2678 1452
2679 1452
2680 1452
2681 1452
2682 1452
2683 1452
2684 1452
2685 1453
2686 1453
2687 1453
2688 1453
2689 1454
2690 1454
2691 1454
2692 1454
2693 1454
2694 1454
2695 1454
2696 1454
2697 1454
2698 1454
2699 1454
2700 1454
2701 1454
2702 1454
2703 1454
2704 1454
2705 1454
2706 1454
2707 1454
2708 1454
2709 1454
2710 1454
2711 1454
2712 1454
2713 1454
2714 1454
2715 1454
2716 1454
2717 1454
2718 1454
2719 1454
2720 1454
2720 1453
2720 1452
2720 1451
2720 1450
2720 1449
2721 1448
2722 1448
2723 1449
2723 1450
2723 1451
2723 1452
2724 1453
2725 1454
2725 1455
2726 1455
2727 1455
2728 1455
2729 1456
2730 1456
2731 1456
2732 1455
2733 1454
2734 1453
2735 1453
2736 1452
2737 1451
2738 1451
2739 1450
2740 1450
2741 1450
2742 1450
2743 1450
2744 1450
2745 1450
2746 1450
2747 1449
2748 1449
2749 1449
2750 1448
2751 1448
2752 1447
2753 1447
2754 1447
2755 1446
2756 1446
2757 1445
2758 1445
2759 1444
2760 1444
2761 1443
2762 1442
2763 1441
2763 1440
2764 1439
2765 1438
2766 1438
2767 1437
2768 1437
2768 1436
2769 1435
2770 1435
2771 1434
2772 1434
2773 1433
2774 1432
2775 1431
2776 1430
2777 1429
2778 1428
2778 1427
2779 1426
2780 1426
2781 1425
2782 1424
2783 1423
2784 1423
2784 1422
2785 1421
2786 1421
2787 1421
2788 1420
2789 1419
2790 1419
2791 1418
2792 1418
2793 1417
2794 1416
2795 1416
2796 1415
2797 1415
2798 1414
2799 1414
2800 1413
2801 1412
2802 1412
2803 1411
2804 1411
2804 1410
2805 1409
2806 1409
2807 1409
2808 1409
2808 1408
2809 1407
2810 1407
2811 1406
2811 1405
2812 1404
2812 1403
2813 1402
2813 1401
2814 1400
2814 1399
2815 1398
2816 1397
2817 1397
2818 1396
2818 1395
2819 1394
2820 1394
2821 1393
2822 1392
2822 1391
2823 1390
2824 1390
2824 1389
2825 1388
2826 1387
2826 1386
2827 1385
2828 1384
2828 1383
2829 1382
2830 1381
2831 1380
2831 1379
2832 1378
2832 1377
2833 1376
2833 1375
2834 1374
2834 1373
2835 1372
2835 1371
2835 1370
2835 1369
2836 1368
2837 1367
2838 1366
2839 1365
2840 1364
2841 1364
2842 1363
2843 1362
2844 1361
2845 1360
2845 1359
2846 1358
2846 1357
2847 1356
2848 1355
2849 1355
2850 1354
2851 1353
2852 1352
2852 1351
2853 1350
2854 1349
2855 1348
2855 1347
2855 1346
2856 1345
2857 1344
2857 1343
2857 1342
2858 1341
2859 1340
2859 1339
2859 1338
2859 1337
2860 1336
2860 1335
2860 1334
2860 1333
2861 1332
2861 1331
2862 1330
2862 1329
2863 1328
2864 1327
2864 1326
2865 1325
2866 1324
2866 1323
2867 1322
2868 1321
2869 1320
2869 1319
2869 1318
2869 1317
2870 1316
2870 1315
2871 1314
2871 1313
2872 1312
2872 1311
2873 1310
2874 1309
2875 1308
2875 1307
2876 1306
2876 1305
2877 1304
2878 1303
2879 1302
2879 1301
2880 1300
2880 1299
2881 1298
2881 1297
2882 1296
2883 1296
2883 1295
2883 1294
2884 1293
2884 1292
2885 1291
2885 1290
2885 1289
2886 1288
2886 1287
2887 1286
2887 1285
2888 1284
2888 1283
2889 1282
2889 1281
2890 1280
2890 1279
2891 1278
2891 1277
2891 1276
2891 1275
2892 1274
2892 1273
2892 1272
2892 1271
2892 1270
2892 1269
2892 1268
2892 1267
2893 1266
2893 1265
2893 1264
2893 1263
2894 1262
2895 1261
2895 1260
2895 1259
2896 1258
2896 1257
2896 1256
2896 1255
2897 1254
2898 1254
2899 1254
2900 1254
2901 1253
2902 1253
2903 1253
2904 1253
2905 1252
2906 1251
2907 1250
2908 1249
2909 1248
2909 1247
2910 1246
2910 1245
2911 1244
2912 1244
2913 1243
2914 1242
2915 1242
2916 1241
2917 1240
2918 1239
2919 1238
2920 1237
2921 1236
2922 1235
2922 1234
2923 1233
2923 1232
2923 1231
2924 1230
2924 1229
2925 1228
2925 1227
2925 1226
2925 1225
2926 1224
2926 1223
2926 1222
2926 1221
2927 1220
2927 1219
2927 1218
2927 1217
2928 1216
2928 1215
2928 1214
2928 1213
2928 1212
2928 1211
2928 1210
2928 1209
2928 1208
2928 1207
2928 1206
2928 1205
2928 1204
2928 1203
2929 1202
2929 1201
2929 1200
2930 1199
2930 1198
2930 1197
2930 1196
2930 1195
2930 1194
2930 1193
2931 1192
2931 1191
2931 1190
2931 1189
2932 1188
2933 1188
2933 1187
2933 1186
2933 1185
2934 1184
2934 1183
2935 1182
2935 1181
2935 1180
2936 1179
2936 1178
2937 1177
2937 1176
2938 1175
2938 1174
2938 1173
2938 1172
2938 1171
2938 1170
2938 1169
2938 1168
2938 1167
2939 1166
2939 1165
2939 1164
2939 1163
2940 1162
2940 1161
2940 1160
2940 1159
2940 1158
2940 1157
2940 1156
2940 1155
2940 1154
2940 1153
2940 1152
2940 1151
2940 1150
2940 1149
2940 1148
2940 1147
2940 1146
2940 1145
2940 1144
2940 1143
2940 1142
2940 1141
2940 1140
2940 1139
2940 1138
2940 1137
2940 1136
2940 1135
2940 1134
2940 1133
2940 1132
2940 1131
2941 1130
2941 1129
2941 1128
2942 1127
2942 1126
2942 1125
2942 1124
2942 1123
2942 1122
2942 1121
2942 1120
2942 1119
2942 1118
2942 1117
2942 1116
2942 1115
2942 1114
2942 1113
2942 1112
2942 1111
2942 1110
2942 1109
2942 1108
2942 1107
2942 1106
2942 1105
2942 1104
2942 1103
2942 1102
2942 1101
2942 1100
2942 1099
2942 1098
2942 1097
2942 1096
2942 1095
2942 1094
2942 1093
2942 1092
2942 1091
2942 1090
2942 1089
2941 1088
2941 1087
2942 1086
2942 1085
2943 1084
2943 1083
2943 1082
2943 1081
2944 1080
2944 1079
2944 1078
2944 1077
2944 1076
2944 1075
2944 1074
2944 1073
2944 1072
2944 1071
2945 1070
2945 1069
2945 1068
2945 1067
2946 1066
2946 1065
2946 1064
2946 1063
2946 1062
2946 1061
2946 1060
2946 1059
2946 1058
2946 1057
2946 1056
2946 1055
2946 1054
2946 1053
2946 1052
2946 1051
2946 1050
2946 1049
2946 1048
2946 1047
2946 1046
2946 1045
2946 1044
2946 1043
2946 1042
2946 1041
2946 1040
2946 1039
2946 1038
2946 1037
2946 1036
2946 1035
2946 1034
2946 1033
2946 1032
2946 1031
2946 1030
2946 1029
2946 1028
2946 1027
2946 1026
2946 1025
2946 1024
2946 1023
2946 1022
2946 1021
2946 1020
2946 1019
2946 1018
2946 1017
2946 1016
2946 1015
2946 1014
2946 1013
2946 1012
2946 1011
2946 1010
2946 1009
2946 1008
2946 1007
2946 1006
2946 1005
2946 1004
2945 1003
2945 1002
2945 1001
2944 1000
2944 999
2944 998
2944 997
2944 996
2944 995
2944 994
2944 993
2944 992
2944 991
2944 990
2944 989
2944 988
2944 987
2944 986
2944 985
2944 984
2944 983
2944 982
2944 981
2944 980
2944 979
2944 978
2944 977
2944 976
2944 975
2944 974
2944 973
2944 972
2944 971
2944 970
2944 969
2944 968
2944 967
2944 966
2943 965
2942 964
2942 963
2941 963
2940 962
2939 961
2939 960
2938 959
2937 958
2936 958
2935 957
2934 956
2934 955
2933 955
2932 954
2931 953
2931 952
2930 951
2929 950
2928 949
2927 948
2927 947
2926 946
2925 945
2924 944
2924 943
2923 942
2923 941
2922 940
2921 939
2920 938
2920 937
2919 936
2918 935
2917 935
2916 934
2915 933
2914 932
2914 931
2913 930
2912 929
2911 928
2910 927
2909 927
2908 926
2907 925
2906 924
2906 923
2905 922
2904 921
2903 920
2902 919
2901 919
2900 918
2899 917
2898 916
2898 915
2897 914
2896 913
2895 913
2894 912
2893 911
2892 910
2891 910
2890 909
2889 908
2889 907
2888 906
2887 905
2886 904
2886 903
2885 902
2884 902
2883 901
2883 900
2882 899
2881 899
2880 898
2879 897
2878 896
2877 896
2876 896
2875 895
2874 895
2873 894
2872 893
2871 893
2870 892
2870 891
2869 891
2868 890
2867 889
2866 888
2866 887
2865 886
2864 885
2864 884
2863 883
2863 882
2863 881
2862 880
2862 879
2861 878
2861 877
2860 876
2860 875
2859 875
2858 874
2857 873
2856 872
2855 872
2854 871
2853 871
2852 870
2852 869
2851 868
2851 867
2850 866
2850 865
2849 864
2849 863
2848 862
2848 861
2847 861
2846 860
2846 859
2845 859
2844 858
2843 857
2842 857
2841 856
2840 855
2839 855
2838 854
2838 853
2837 852
2836 852
2835 851
2834 850
2833 850
2832 849
2831 849
2830 848
2829 848
2828 848
2827 847
2826 846
2825 846
2824 845
2823 845
2822 844
2821 844
2820 843
2820 842
2819 842
2818 841
2817 841
2816 840
2816 839
2815 839
2814 838
2813 837
2813 836
2812 835
2811 835
2810 834
2809 834
2808 833
2808 832
2807 832
2806 831
2805 831
2804 830
2803 829
2803 828
2802 827
2801 827
2800 826
2800 825
2799 825
2798 824
2798 823
2797 823
2796 822
2795 821
2794 821
2793 820
2792 820
2791 820
2790 819
2789 819
2788 818
2787 818
2786 817
2785 817
2784 816
2784 815
2783 815
2782 814
2781 814
2780 813
2779 813
2778 813
2777 813
2776 813
2775 813
2774 813
2773 813
2772 813
2771 813
2770 813
2769 813
2768 812
2767 812
2766 811
2765 810
2764 810
2763 809
2762 808
2761 808
2760 807
2759 807
2758 807
2757 807
2756 806
2755 806
2754 805
2753 805
2752 804
2751 804
2750 803
2749 803
2748 803
2747 803
2746 803
2745 803
2744 803
2743 803
2742 803
2741 803
2740 803
2739 803
2738 803
2737 803
2736 804
2735 804
2734 804
2733 804
2732 805
2731 805
2730 805
2729 805
2728 805
2727 805
2726 805
2725 805
2725 806
2725 807
2725 808
2724 809
2724 810
2724 811
2723 812
2722 813
2721 813
2720 812
2720 811
2720 810
2720 809
2720 808
2720 807
2720 806
2720 805
2719 805
2718 805
2717 805
2716 805
2715 805
2714 805
2713 805
2712 805
2711 805
2710 805
2709 805
2708 805
2707 805
2706 805
2705 805
2704 804
2703 804
2702 804
2701 804
2700 803
2699 803
2698 803
2697 803
2696 803
2695 803
2694 803
2693 803
2692 803
2691 803
2690 803
2689 803
