2153 108
2152 109
2151 109
2150 109
2149 109
2148 110
2147 110
2146 111
2145 111
2144 110
2143 110
2142 111
2141 111
2140 110
2139 110
2138 110
2137 110
2136 110
2135 110
2134 110
2133 110
2132 110
2131 110
2130 110
2129 110
2128 111
2127 111
2126 111
2125 111
2124 112
2123 112
2122 113
2121 113
2120 113
2119 113
2118 114
2117 114
2116 115
2115 115
2114 115
2113 115
2113 116
2112 117
2111 117
2110 117
2109 117
2108 118
2107 118
2106 118
2105 118
2104 119
2103 119
2102 119
2101 119
2101 120
2100 121
2099 121
2098 121
2097 121
2096 122
2095 122
2094 122
2093 122
2092 123
2091 123
2090 124
2089 124
2088 125
2087 125
2086 126
2085 127
2084 127
2083 127
2083 128
2082 129
2081 129
2080 129
2080 130
2079 131
2078 132
2077 132
2077 133
2076 134
2075 134
2074 135
2074 136
2073 137
2072 137
2072 138
2071 139
2070 139
2070 140
2069 141
2068 142
2068 143
2067 144
2066 145
2066 146
2065 147
2064 148
2063 148
2063 149
2062 150
2061 150
2060 151
2060 152
2059 153
2058 153
2058 154
2057 155
2056 155
2055 156
2054 157
2053 158
2053 159
2052 160
2052 161
2051 162
2051 163
2050 164
2050 165
2049 166
2048 167
2048 168
2048 169
2047 170
2046 170
2046 171
2046 172
2046 173
2045 174
2045 175
2044 176
2044 177
2044 178
2043 179
2042 180
2042 181
2042 182
2041 183
2041 184
2040 185
2040 186
2040 187
2039 188
2039 189
2038 190
2038 191
2038 192
2037 193
2037 194
2036 195
2035 196
2035 197
2034 198
2034 199
2033 200
2033 201
2032 202
2032 203
2031 204
2031 205
2030 206
2029 207
2029 208
2028 209
2027 210
2027 211
2026 212
2026 213
2025 214
2025 215
2025 216
2024 217
2024 218
2024 219
2023 220
2022 221
2021 222
2021 223
2020 224
2019 224
2019 225
2018 226
2018 227
2017 228
2017 229
2016 230
2016 231
2016 232
2015 233
2015 234
2014 235
2014 236
2014 237
2013 238
2013 239
2013 240
2013 241
2013 242
2013 243
2013 244
2013 245
2012 246
2012 247
2012 248
2011 249
2011 250
2011 251
2010 252
2010 253
2010 254
2010 255
2009 256
2009 257
2009 258
2009 259
2008 260
2008 261
2007 262
2007 263
2006 264
2006 265
2005 266
2005 267
2005 268
2005 269
2004 270
2004 271
2004 272
2003 273
2002 274
2002 275
2001 276
2001 277
2000 278
2000 279
2000 280
2000 281
1999 282
1998 282
1998 283
1998 284
1998 285
1997 286
1997 287
1996 288
1996 289
1995 290
1995 291
1994 292
1993 293
1993 294
1992 295
1991 296
1990 297
1990 298
1990 299
1989 300
1989 301
1988 302
1988 303
1988 304
1987 305
1987 306
1986 307
1985 308
1985 309
1984 310
1983 311
1982 312
1981 313
1980 313
1979 314
1979 315
1978 316
1977 317
1977 318
1977 319
1977 320
1977 321
1976 322
1976 323
1975 324
1975 325
1974 326
1973 327
1973 328
1973 329
1973 330
1973 331
1972 332
1972 333
1972 334
1972 335
1971 336
1971 337
1970 338
1970 339
1970 340
1970 341
1969 342
1969 343
1969 344
1969 345
1968 346
1968 347
1968 348
1968 349
1967 350
1967 351
1967 352
1966 353
1966 354
1966 355
1965 356
1965 357
1964 358
1964 359
1964 360
1964 361
1963 362
1963 363
1963 364
1963 365
1963 366
1963 367
1963 368
1963 369
1963 370
1963 371
1963 372
1963 373
1962 374
1962 375
1961 376
1961 377
1960 378
1959 379
1958 380
1958 381
1958 382
1958 383
1957 384
1957 385
1957 386
1957 387
1957 388
1957 389
1957 390
1957 391
1957 392
1957 393
1957 394
1957 395
1957 396
1957 397
1957 398
1957 399
1957 400
1957 401
1956 402
1956 403
1956 404
1956 405
1955 406
1955 407
1955 408
1954 409
1954 410
1954 411
1953 412
1953 413
1952 414
1952 415
1951 416
1950 417
1950 418
1950 419
1950 420
1951 421
1951 422
1952 423
1952 424
1951 425
1951 426
1950 427
1950 428
1950 429
1950 430
1950 431
1951 432
1951 433
1951 434
1951 435
1952 436
1952 437
1952 438
1953 439
1953 440
1954 441
1954 442
1954 443
1955 444
1955 445
1955 446
1955 447
1955 448
1955 449
1955 450
1955 451
1956 452
1956 453
1956 454
1957 455
1957 456
1958 457
1959 458
1959 459
1960 459
1961 460
1961 461
1962 461
1963 462
1964 462
1965 463
1966 463
1967 464
1968 464
1969 464
1970 465
1970 466
1971 467
1972 467
1973 468
1973 469
1974 469
1975 470
1976 471
1976 472
1977 473
1978 474
1979 475
1980 476
1980 477
1981 478
1981 479
1982 480
1982 481
1982 482
1983 483
1984 484
1984 485
1985 486
1985 487
1985 488
1986 489
1986 490
1987 491
1988 492
1988 493
1988 494
1989 495
1990 496
1990 497
1990 498
1990 499
1991 500
1992 501
1992 502
1993 503
1993 504
1994 505
1995 506
1995 507
1996 508
1996 509
1997 510
1997 511
1998 512
1998 513
1998 514
1999 515
1999 516
2000 517
2001 518
2001 519
2002 520
2003 521
2003 522
2004 523
2004 524
2005 525
2005 526
2006 527
2006 528
2007 529
2007 530
2008 531
2009 532
2010 533
2010 534
2011 535
2012 536
2013 537
2014 538
2015 539
2016 540
2017 540
2018 541
2019 542
2020 542
2021 543
2022 544
2023 545
2024 545
2025 546
2026 547
2027 548
2027 549
2028 550
2029 550
2030 551
2030 552
2031 553
2032 554
2033 555
2034 556
2034 557
2035 558
2035 559
2035 560
2036 561
2037 562
2037 563
2038 564
2038 565
2039 566
2040 567
2040 568
2040 569
2041 570
2041 571
2041 572
2041 573
2041 574
2041 575
2042 576
2042 577
2042 578
2042 579
2043 580
2043 581
2043 582
2043 583
2044 584
2044 585
2044 586
2044 587
2045 587
2046 588
2046 589
2047 590
2047 591
2048 592
2049 593
2049 594
2050 595
2050 596
2050 597
2051 598
2052 599
2053 600
2054 601
2055 602
2056 602
2057 603
2057 604
2058 604
2059 605
2060 605
2061 606
2062 606
2063 607
2063 608
2064 608
2065 608
2066 609
2067 610
2068 610
2069 610
2070 611
2071 612
2072 612
2073 612
2074 612
2075 613
2076 613
2077 614
2078 614
2079 614
2080 614
2081 615
2081 616
2082 616
2083 616
2084 616
2085 617
2086 617
2087 617
2088 617
2089 617
2090 617
2091 617
2092 617
2093 617
2094 617
2095 617
2096 617
2097 618
2098 618
2099 619
2100 620
2101 620
2102 620
2103 621
2104 621
2105 622
2106 622
2107 623
2108 623
2109 624
2110 625
2111 625
2112 626
2113 626
2114 627
2115 627
2116 628
2117 628
2118 628
2119 629
2120 629
2121 630
2122 630
2123 630
2124 630
2125 631
2126 631
2127 631
2128 631
2129 632
2130 632
2131 632
2132 633
2133 633
2134 634
2135 635
2136 636
2137 636
2138 636
2139 637
2140 637
2141 637
2142 637
2143 637
2144 637
2145 637
2146 637
2147 637
2148 637
2149 637
2150 637
2151 637
2152 637
2153 638
2154 638
2155 638
2156 638
2157 639
2158 639
2159 639
2160 639
2161 639
2162 639
2163 639
2164 639
2165 639
2166 639
2167 639
2168 639
2169 639
2170 639
2171 639
2172 639
2173 639
2174 639
2175 639
2176 639
2177 639
2178 639
2179 639
2180 639
2181 639
2182 639
2183 639
2184 639
2185 639
2186 639
2187 638
2188 638
2189 638
2190 638
2191 637
2192 637
2193 637
2194 637
2195 637
2196 637
2197 636
2198 636
2199 636
2200 636
2200 635
2201 634
2202 634
2203 634
2204 634
2205 633
2206 633
2207 633
2208 633
2209 632
2210 632
2211 632
2212 632
2213 631
2214 630
2215 630
2216 630
2217 629
2218 629
2219 628
2220 628
2221 627
2222 627
2223 626
2224 625
2225 624
2226 624
2226 623
2227 622
2228 622
2229 621
2230 621
2230 620
2231 619
2232 619
2232 618
2233 617
2234 617
2235 616
2236 615
2237 614
2238 614
2239 613
2240 612
2241 611
2242 611
2243 610
2244 609
2245 608
2246 607
2247 607
2248 606
2249 605
2250 605
2250 604
2251 603
2252 602
2252 601
2253 600
2253 599
2253 598
2254 597
2254 596
2254 595
2254 594
2254 593
2254 592
2255 591
2255 590
2255 589
2255 588
2256 587
2256 586
2256 585
2257 584
2257 583
2258 582
2259 581
2259 580
2259 579
2260 578
2260 577
2261 576
2261 575
2262 574
2263 573
2263 572
2263 571
2264 570
2264 569
2265 568
2265 567
2266 566
2267 565
2267 564
2268 563
2268 562
2269 561
2270 560
2270 559
2271 558
2271 557
2272 556
2272 555
2273 554
2273 553
2274 552
2274 551
2275 550
2275 549
2275 548
2276 547
2276 546
2276 545
2276 544
2276 543
2276 542
2277 541
2277 540
2277 539
2277 538
2278 537
2278 536
2279 535
2279 534
2279 533
2280 532
2280 531
2281 530
2281 529
2282 528
2282 527
2282 526
2283 525
2283 524
2283 523
2283 522
2284 521
2284 520
2284 519
2284 518
2285 517
2285 516
2285 515
2286 514
2286 513
2287 512
2287 511
2287 510
2288 509
2288 508
2288 507
2288 506
2289 505
2289 504
2289 503
2290 502
2290 501
2291 500
2291 499
2291 498
2292 497
2292 496
2292 495
2292 494
2292 493
2292 492
2293 491
2293 490
2294 489
2294 488
2295 487
2296 486
2296 485
2297 484
2298 483
2298 482
2299 481
2299 480
2300 479
2300 478
2300 477
2300 476
2300 475
2300 474
2300 473
2300 472
2300 471
2300 470
2300 469
2300 468
2300 467
2300 466
2300 465
2300 464
2300 463
2300 462
2300 461
2300 460
2300 459
2300 458
2301 457
2301 456
2301 455
2301 454
2302 453
2302 452
2302 451
2302 450
2302 449
2302 448
2302 447
2302 446
2302 445
2302 444
2302 443
2302 442
2302 441
2302 440
2303 439
2303 438
2303 437
2303 436
2304 435
2304 434
2304 433
2305 432
2305 431
2306 430
2306 429
2306 428
2306 427
2307 426
2308 425
2309 425
2310 425
2311 425
2312 425
2312 424
2312 423
2312 422
2311 422
2310 422
2309 422
2308 422
2307 422
2306 421
2306 420
2306 419
2306 418
2306 417
2305 416
2305 415
2305 414
2304 413
2304 412
2304 411
2304 410
2304 409
2304 408
2304 407
2304 406
2304 405
2304 404
2304 403
2304 402
2304 401
2304 400
2304 399
2304 398
2304 397
2304 396
2304 395
2304 394
2304 393
2304 392
2304 391
2304 390
2304 389
2304 388
2304 387
2304 386
2304 385
2304 384
2304 383
2304 382
2304 381
2304 380
2303 379
2303 378
2303 377
2302 376
2302 375
2302 374
2302 373
2302 372
2302 371
2302 370
2302 369
2302 368
2301 367
2301 366
2301 365
2301 364
2300 363
2300 362
2300 361
2300 360
2300 359
2300 358
2300 357
2300 356
2300 355
2300 354
2300 353
2300 352
2300 351
2300 350
2300 349
2300 348
2300 347
2300 346
2300 345
2300 344
2300 343
2300 342
2299 341
2299 340
2299 339
2299 338
2298 337
2298 336
2298 335
2298 334
2298 333
2298 332
2297 331
2297 330
2297 329
2297 328
2296 327
2296 326
2296 325
2296 324
2296 323
2296 322
2296 321
2296 320
2296 319
2296 318
2295 317
2295 316
2295 315
2294 314
2294 313
2293 312
2293 311
2293 310
2292 309
2292 308
2291 307
2291 306
2291 305
2291 304
2290 303
2289 302
2289 301
2288 300
2288 299
2287 298
2287 297
2287 296
2286 296
2285 295
2285 294
2285 293
2285 292
2284 291
2284 290
2283 289
2283 288
2283 287
2283 286
2282 286
2281 285
2281 284
2281 283
2281 282
2280 281
2280 280
2280 279
2280 278
2279 277
2279 276
2279 275
2279 274
2278 273
2278 272
2277 271
2277 270
2277 269
2277 268
2276 267
2276 266
2276 265
2276 264
2276 263
2276 262
2276 261
2276 260
2276 259
2276 258
2276 257
2276 256
2276 255
2276 254
2276 253
2276 252
2275 251
2275 250
2274 249
2274 248
2273 247
2272 246
2272 245
2271 244
2271 243
2270 242
2270 241
2269 240
2269 239
2269 238
2268 237
2268 236
2268 235
2268 234
2268 233
2268 232
2267 231
2267 230
2267 229
2267 228
2266 227
2266 226
2266 225
2265 224
2265 223
2264 222
2264 221
2263 220
2262 219
2262 218
2261 217
2260 216
2260 215
2259 214
2258 213
2258 212
2257 211
2257 210
2256 209
2256 208
2256 207
2256 206
2256 205
2256 204
2255 203
2255 202
2255 201
2255 200
2254 200
2253 199
2253 198
2253 197
2253 196
2252 195
2252 194
2251 193
2251 192
2251 191
2251 190
2250 189
2249 188
2249 187
2248 186
2248 185
2247 184
2246 183
2246 182
2245 181
2245 180
2244 179
2243 178
2243 177
2242 176
2242 175
2241 174
2240 173
2240 172
2239 171
2239 170
2238 169
2238 168
2237 167
2237 166
2237 165
2237 164
2236 164
2235 163
2235 162
2235 161
2235 160
2234 159
2233 158
2233 157
2232 156
2232 155
2231 154
2231 153
2230 152
2230 151
2229 150
2229 149
2229 148
2228 147
2227 146
2227 145
2226 144
2225 143
2224 142
2223 141
2222 140
2221 139
2220 139
2219 138
2218 137
2217 137
2216 136
2216 135
2215 135
2214 135
2213 135
2212 134
2212 133
2211 133
2210 132
2209 131
2208 131
2207 130
2207 129
2206 128
2205 128
2204 127
2203 126
2202 125
2201 125
2200 125
2199 124
2198 123
2197 122
2196 122
2195 121
2194 120
2193 120
2192 119
2191 119
2190 118
2189 118
2188 118
2187 118
2186 117
2185 117
2184 116
2183 116
2182 115
2181 115
2180 114
2179 114
2178 113
2177 113
2176 113
2175 112
2174 111
2173 111
2172 111
2171 111
2170 110
2169 110
2168 110
2167 110
2166 109
2165 109
2164 109
2163 109
2162 108
2161 108
2160 108
2159 108
2158 108
2157 108
2156 108
2155 108
2154 108
2153 108
