248 5037
247 5038
246 5038
245 5038
244 5038
243 5039
242 5039
241 5039
240 5040
239 5040
238 5040
237 5041
236 5041
235 5042
234 5042
233 5042
232 5042
231 5043
230 5044
229 5045
228 5045
227 5046
226 5047
225 5048
224 5049
223 5049
222 5050
221 5051
220 5051
219 5052
219 5053
218 5054
217 5054
216 5055
215 5056
215 5057
214 5058
213 5059
212 5059
211 5060
211 5061
210 5062
209 5062
208 5063
207 5064
206 5065
206 5066
205 5067
204 5067
204 5068
203 5069
203 5070
202 5071
201 5071
201 5072
200 5073
200 5074
199 5075
198 5076
197 5077
196 5078
196 5079
195 5080
195 5081
194 5082
194 5083
193 5084
193 5085
192 5086
192 5087
191 5088
191 5089
190 5090
189 5091
189 5092
189 5093
189 5094
188 5095
187 5096
187 5097
187 5098
186 5099
186 5100
185 5101
185 5102
185 5103
185 5104
184 5105
183 5105
183 5106
183 5107
183 5108
182 5109
182 5110
181 5111
181 5112
181 5113
181 5114
180 5115
180 5116
179 5117
179 5118
179 5119
179 5120
178 5121
178 5122
178 5123
178 5124
177 5125
177 5126
177 5127
177 5128
176 5129
176 5130
176 5131
176 5132
176 5133
176 5134
175 5135
175 5136
175 5137
175 5138
174 5139
174 5140
173 5141
173 5142
173 5143
173 5144
172 5145
172 5146
172 5147
172 5148
172 5149
172 5150
171 5151
171 5152
171 5153
171 5154
170 5155
170 5156
170 5157
170 5158
169 5159
169 5160
169 5161
169 5162
168 5163
168 5164
168 5165
168 5166
168 5167
168 5168
168 5169
168 5170
167 5171
167 5172
167 5173
167 5174
166 5175
166 5176
166 5177
166 5178
166 5179
166 5180
166 5181
166 5182
165 5183
165 5184
165 5185
165 5186
164 5187
164 5188
164 5189
164 5190
163 5191
163 5192
163 5193
162 5194
162 5195
162 5196
162 5197
162 5198
162 5199
162 5200
162 5201
162 5202
162 5203
162 5204
161 5205
161 5206
161 5207
161 5208
160 5209
160 5210
160 5211
160 5212
160 5213
160 5214
160 5215
160 5216
160 5217
160 5218
160 5219
160 5220
160 5221
160 5222
160 5223
160 5224
159 5225
159 5226
159 5227
159 5228
158 5229
158 5230
158 5231
158 5232
158 5233
158 5234
158 5235
158 5236
158 5237
158 5238
158 5239
158 5240
158 5241
158 5242
157 5243
157 5244
157 5245
157 5246
156 5247
156 5248
156 5249
156 5250
156 5251
156 5252
156 5253
156 5254
156 5255
156 5256
156 5257
156 5258
155 5259
155 5260
155 5261
155 5262
154 5263
154 5264
154 5265
154 5266
154 5267
154 5268
154 5269
154 5270
154 5271
154 5272
154 5273
154 5274
154 5275
154 5276
154 5277
154 5278
154 5279
155 5280
155 5281
155 5282
156 5283
156 5284
156 5285
156 5286
156 5287
156 5288
156 5289
156 5290
156 5291
156 5292
156 5293
156 5294
156 5295
156 5296
156 5297
156 5298
156 5299
156 5300
156 5301
156 5302
156 5303
156 5304
156 5305
156 5306
156 5307
156 5308
156 5309
156 5310
156 5311
156 5312
156 5313
156 5314
156 5315
156 5316
156 5317
156 5318
156 5319
156 5320
156 5321
156 5322
157 5323
157 5324
157 5325
157 5326
158 5327
158 5328
158 5329
158 5330
158 5331
158 5332
158 5333
158 5334
158 5335
158 5336
158 5337
158 5338
158 5339
158 5340
159 5341
159 5342
159 5343
159 5344
160 5345
160 5346
160 5347
160 5348
160 5349
160 5350
160 5351
160 5352
160 5353
160 5354
161 5355
161 5356
161 5357
161 5358
162 5359
162 5360
162 5361
162 5362
162 5363
162 5364
162 5365
162 5366
162 5367
162 5368
162 5369
162 5370
163 5371
163 5372
163 5373
163 5374
164 5375
164 5376
164 5377
164 5378
164 5379
164 5380
165 5381
165 5382
165 5383
165 5384
166 5385
166 5386
167 5387
167 5388
167 5389
167 5390
168 5391
168 5392
169 5393
169 5394
169 5395
169 5396
170 5397
170 5398
170 5399
170 5400
170 5401
170 5402
171 5403
171 5404
171 5405
171 5406
172 5407
172 5408
173 5409
173 5410
173 5411
174 5412
174 5413
175 5414
175 5415
175 5416
176 5417
176 5418
176 5419
176 5420
176 5421
176 5422
177 5423
177 5424
177 5425
177 5426
178 5427
178 5428
179 5429
179 5430
179 5431
179 5432
180 5432
181 5433
181 5434
182 5435
183 5436
183 5437
183 5438
184 5439
184 5440
185 5441
185 5442
185 5443
185 5444
186 5445
187 5446
187 5447
187 5448
188 5449
188 5450
189 5451
189 5452
189 5453
190 5454
191 5455
191 5456
192 5457
192 5458
193 5459
193 5460
193 5461
194 5462
194 5463
195 5464
195 5465
196 5466
197 5467
198 5468
198 5469
199 5470
200 5471
200 5472
201 5473
202 5474
203 5474
204 5475
204 5476
205 5477
205 5478
206 5479
207 5480
208 5481
208 5482
209 5483
210 5484
210 5485
211 5486
212 5487
213 5488
213 5489
213 5490
214 5491
215 5492
216 5493
216 5494
217 5495
218 5495
219 5496
220 5497
220 5498
221 5499
222 5500
223 5501
223 5502
224 5502
225 5503
225 5504
225 5505
226 5505
227 5506
228 5507
228 5508
229 5508
230 5509
230 5510
231 5511
232 5511
233 5512
233 5513
234 5513
235 5514
235 5515
236 5516
237 5516
238 5517
238 5518
239 5519
239 5520
240 5520
241 5521
241 5522
242 5523
243 5524
243 5525
244 5526
245 5527
246 5528
247 5529
248 5530
249 5531
250 5531
251 5532
252 5533
253 5533
254 5534
255 5534
256 5535
257 5535
258 5536
259 5537
260 5538
261 5538
262 5539
263 5540
264 5541
265 5541
266 5542
267 5542
268 5543
269 5544
270 5544
271 5545
272 5545
273 5545
274 5546
275 5546
276 5547
277 5547
278 5548
279 5548
280 5549
281 5550
282 5550
283 5550
284 5550
285 5550
286 5550
287 5550
288 5550
289 5551
290 5551
291 5551
292 5552
293 5552
294 5552
295 5552
296 5552
297 5552
298 5552
299 5552
300 5552
301 5552
302 5552
303 5552
304 5552
305 5552
306 5552
307 5552
308 5552
309 5552
310 5552
311 5552
312 5552
313 5552
314 5552
315 5552
316 5552
317 5552
318 5552
319 5552
320 5551
321 5551
322 5551
323 5551
324 5550
325 5550
326 5550
327 5550
328 5550
329 5550
330 5550
331 5550
332 5549
333 5549
334 5549
335 5549
336 5548
337 5548
338 5547
339 5547
340 5547
341 5547
342 5546
343 5546
344 5546
345 5545
346 5544
347 5544
348 5543
349 5542
350 5542
351 5541
352 5541
353 5541
354 5540
355 5540
356 5539
357 5539
358 5539
358 5538
359 5537
360 5537
361 5536
362 5535
363 5535
364 5534
365 5534
366 5533
367 5533
368 5533
369 5532
370 5531
371 5530
372 5530
373 5529
374 5529
374 5528
375 5527
376 5527
377 5526
378 5525
378 5524
379 5523
380 5522
381 5522
382 5521
383 5520
384 5519
385 5518
386 5518
387 5517
388 5516
389 5516
390 5515
390 5514
391 5513
392 5513
392 5512
393 5511
394 5511
394 5510
395 5509
396 5509
396 5508
397 5507
398 5507
398 5506
399 5505
400 5505
400 5504
401 5503
402 5503
402 5502
403 5501
404 5501
404 5500
405 5499
406 5499
406 5498
407 5497
408 5497
408 5496
409 5495
410 5494
411 5494
411 5493
412 5492
413 5491
413 5490
414 5489
414 5488
415 5487
416 5486
416 5485
417 5484
417 5483
418 5482
418 5481
419 5480
420 5480
420 5479
421 5478
421 5477
422 5476
422 5475
423 5474
424 5474
424 5473
424 5472
424 5471
425 5470
425 5469
426 5468
426 5467
427 5466
427 5465
428 5464
429 5463
430 5462
430 5461
431 5460
432 5459
433 5458
433 5457
434 5456
435 5456
436 5455
436 5454
437 5453
438 5452
438 5451
439 5450
439 5449
440 5448
440 5447
440 5446
440 5445
441 5444
442 5444
442 5443
442 5442
442 5441
443 5440
444 5440
444 5439
445 5438
445 5437
446 5436
447 5435
448 5435
449 5434
449 5433
450 5432
450 5431
451 5430
452 5430
452 5429
452 5428
452 5427
453 5426
454 5425
454 5424
454 5423
455 5422
455 5421
456 5420
456 5419
456 5418
456 5417
457 5416
457 5415
458 5414
458 5413
458 5412
458 5411
459 5410
459 5409
460 5408
460 5407
460 5406
461 5405
462 5404
462 5403
462 5402
462 5401
463 5400
463 5399
463 5398
463 5397
464 5396
464 5395
465 5394
465 5393
466 5392
466 5391
467 5390
467 5389
468 5388
468 5387
468 5386
468 5385
469 5384
469 5383
469 5382
469 5381
469 5380
469 5379
470 5378
470 5377
470 5376
471 5375
471 5374
471 5373
471 5372
471 5371
471 5370
471 5369
471 5368
471 5367
472 5366
472 5365
472 5364
472 5363
473 5362
473 5361
473 5360
473 5359
473 5358
473 5357
473 5356
473 5355
473 5354
473 5353
474 5352
474 5351
474 5350
474 5349
475 5348
475 5347
476 5346
476 5345
476 5344
477 5343
477 5342
477 5341
477 5340
477 5339
477 5338
477 5337
477 5336
477 5335
477 5334
477 5333
477 5332
477 5331
477 5330
477 5329
477 5328
477 5327
477 5326
477 5325
477 5324
477 5323
477 5322
477 5321
477 5320
477 5319
477 5318
477 5317
477 5316
477 5315
477 5314
477 5313
477 5312
477 5311
477 5310
477 5309
477 5308
477 5307
477 5306
477 5305
477 5304
477 5303
477 5302
477 5301
477 5300
477 5299
477 5298
477 5297
477 5296
477 5295
477 5294
477 5293
477 5292
477 5291
477 5290
477 5289
477 5288
477 5287
477 5286
477 5285
477 5284
477 5283
477 5282
477 5281
477 5280
477 5279
476 5278
476 5277
476 5276
476 5275
475 5274
475 5273
475 5272
475 5271
475 5270
475 5269
475 5268
475 5267
475 5266
475 5265
475 5264
475 5263
475 5262
475 5261
474 5260
474 5259
474 5258
474 5257
473 5256
473 5255
473 5254
473 5253
473 5252
473 5251
473 5250
473 5249
473 5248
473 5247
472 5246
472 5245
472 5244
472 5243
471 5242
471 5241
471 5240
471 5239
471 5238
471 5237
471 5236
471 5235
471 5234
471 5233
470 5232
470 5231
470 5230
470 5229
469 5228
469 5227
469 5226
469 5225
469 5224
469 5223
469 5222
469 5221
468 5220
468 5219
468 5218
468 5217
467 5216
466 5215
466 5214
465 5213
464 5212
464 5211
463 5210
463 5209
462 5208
462 5207
461 5206
461 5205
460 5204
460 5203
460 5202
460 5201
459 5200
459 5199
459 5198
459 5197
458 5196
458 5195
458 5194
458 5193
457 5192
457 5191
456 5190
456 5189
456 5188
456 5187
455 5186
455 5185
454 5184
454 5183
454 5182
454 5181
453 5180
453 5179
453 5178
453 5177
452 5176
452 5175
451 5174
451 5173
450 5172
450 5171
449 5170
449 5169
448 5168
448 5167
448 5166
447 5165
446 5164
446 5163
445 5162
445 5161
444 5160
444 5159
443 5158
442 5157
442 5156
441 5155
440 5154
439 5153
438 5152
437 5151
437 5150
436 5149
436 5148
435 5147
435 5146
434 5145
433 5144
433 5143
432 5142
431 5142
430 5141
430 5140
429 5139
428 5139
427 5138
426 5137
425 5136
425 5135
424 5134
424 5133
423 5133
422 5132
422 5131
422 5130
421 5129
421 5128
420 5127
419 5126
419 5125
418 5124
417 5123
416 5122
415 5122
414 5121
414 5120
413 5119
412 5118
412 5117
411 5117
410 5116
410 5115
410 5114
410 5113
409 5113
408 5112
408 5111
407 5110
406 5109
406 5108
405 5107
404 5106
403 5105
402 5104
401 5103
400 5102
399 5102
398 5101
398 5100
397 5099
396 5099
395 5098
394 5097
394 5096
393 5095
392 5094
391 5094
390 5093
390 5092
389 5091
388 5091
387 5090
386 5089
386 5088
385 5087
384 5086
383 5086
382 5085
382 5084
381 5083
380 5083
379 5082
378 5081
378 5080
377 5079
376 5078
375 5078
374 5077
373 5076
372 5076
371 5076
370 5075
369 5075
368 5074
367 5073
366 5072
365 5071
364 5071
363 5070
362 5069
362 5068
361 5067
360 5066
359 5066
358 5065
358 5064
357 5064
356 5064
355 5063
354 5063
353 5062
352 5062
351 5061
350 5060
349 5059
348 5059
347 5058
346 5057
345 5057
344 5057
343 5056
342 5056
341 5055
340 5055
339 5054
338 5053
337 5053
336 5053
335 5052
334 5052
333 5052
332 5051
331 5051
330 5050
329 5050
328 5049
327 5049
326 5048
325 5048
324 5048
323 5047
322 5047
321 5047
320 5046
319 5046
318 5046
317 5045
317 5044
316 5044
315 5044
314 5044
313 5043
312 5043
311 5042
310 5042
309 5042
308 5042
307 5041
306 5041
305 5041
304 5040
303 5040
302 5039
301 5039
300 5039
299 5039
298 5039
297 5038
296 5038
295 5038
294 5038
293 5037
292 5037
291 5037
290 5037
289 5037
288 5037
287 5037
286 5037
285 5037
284 5037
283 5037
282 5037
281 5037
280 5037
279 5037
278 5037
277 5037
276 5037
275 5037
274 5037
273 5037
272 5037
271 5037
270 5037
269 5037
268 5037
267 5037
266 5037
265 5037
264 5037
263 5037
262 5037
261 5037
260 5037
259 5037
258 5037
257 5037
256 5037
255 5037
254 5037
253 5037
252 5037
251 5037
250 5037
249 5037
248 5037
