342 2155
341 2156
340 2156
339 2156
338 2156
337 2157
336 2157
335 2157
334 2157
333 2157
332 2157
331 2157
330 2157
329 2157
328 2157
327 2157
326 2157
325 2157
324 2157
323 2158
322 2158
321 2159
320 2159
319 2160
318 2161
317 2161
316 2162
315 2163
314 2163
313 2164
312 2164
311 2165
310 2165
309 2165
308 2165
307 2166
306 2166
305 2166
304 2166
303 2167
302 2167
301 2167
300 2167
299 2167
298 2168
297 2169
296 2169
295 2170
294 2170
293 2171
292 2171
291 2171
290 2171
289 2171
288 2171
287 2172
286 2172
285 2172
284 2172
283 2173
282 2173
281 2173
280 2173
279 2174
278 2174
277 2175
276 2175
275 2176
274 2177
273 2177
272 2178
271 2178
270 2179
269 2180
268 2180
267 2180
266 2181
265 2182
264 2182
263 2182
262 2182
261 2183
260 2183
259 2182
258 2181
257 2181
256 2180
255 2179
254 2179
253 2179
252 2179
251 2179
250 2179
249 2180
248 2181
247 2181
247 2182
246 2183
245 2184
244 2184
243 2185
242 2185
241 2185
240 2186
239 2186
238 2186
237 2187
236 2188
235 2189
234 2189
234 2190
233 2191
233 2192
232 2193
231 2193
231 2194
230 2195
230 2196
229 2197
229 2198
229 2199
229 2200
229 2201
229 2202
230 2203
230 2204
230 2205
230 2206
229 2207
229 2208
228 2209
227 2210
226 2211
226 2212
225 2213
224 2214
223 2215
223 2216
222 2217
221 2218
220 2219
219 2220
219 2221
218 2222
217 2223
216 2223
215 2224
215 2225
214 2226
213 2227
212 2227
212 2228
211 2229
210 2230
209 2231
209 2232
209 2233
208 2234
208 2235
207 2236
207 2237
207 2238
206 2239
205 2239
205 2240
204 2241
204 2242
203 2243
202 2244
201 2244
200 2245
199 2246
198 2247
197 2248
196 2249
196 2250
195 2251
194 2251
194 2252
193 2253
192 2253
192 2254
191 2255
190 2256
189 2257
189 2258
189 2259
188 2260
187 2261
187 2262
186 2263
185 2264
185 2265
184 2266
183 2266
183 2267
182 2268
181 2268
181 2269
180 2270
179 2270
179 2271
178 2272
177 2272
176 2273
175 2274
174 2275
174 2276
173 2277
173 2278
172 2279
172 2280
171 2281
171 2282
170 2283
170 2284
169 2285
168 2286
167 2287
167 2288
166 2289
166 2290
165 2291
164 2291
164 2292
163 2293
162 2294
161 2295
161 2296
160 2297
159 2297
159 2298
158 2299
157 2300
156 2300
155 2301
154 2302
153 2303
153 2304
152 2305
151 2305
151 2306
150 2307
149 2308
148 2309
147 2310
146 2311
145 2311
144 2312
143 2313
143 2314
143 2315
143 2316
143 2317
143 2318
143 2319
143 2320
143 2321
142 2322
141 2323
141 2324
141 2325
141 2326
140 2327
139 2327
139 2328
138 2329
137 2330
136 2331
135 2332
135 2333
134 2334
133 2335
132 2335
131 2336
131 2337
130 2338
129 2339
129 2340
128 2341
128 2342
128 2343
128 2344
128 2345
128 2346
128 2347
128 2348
128 2349
128 2350
128 2351
128 2352
127 2353
127 2354
126 2355
125 2356
125 2357
124 2358
123 2358
122 2358
121 2359
120 2360
119 2361
118 2362
118 2363
117 2364
116 2365
116 2366
115 2367
115 2368
114 2369
114 2370
114 2371
114 2372
114 2373
114 2374
114 2375
114 2376
114 2377
114 2378
113 2379
113 2380
113 2381
113 2382
112 2383
112 2384
112 2385
112 2386
112 2387
112 2388
112 2389
112 2390
113 2391
113 2392
113 2393
113 2394
114 2395
114 2396
115 2397
115 2398
115 2399
115 2400
116 2401
116 2402
116 2403
116 2404
116 2405
116 2406
116 2407
116 2408
116 2409
116 2410
116 2411
116 2412
116 2413
116 2414
116 2415
116 2416
116 2417
116 2418
116 2419
116 2420
116 2421
116 2422
116 2423
116 2424
116 2425
116 2426
116 2427
116 2428
116 2429
116 2430
116 2431
116 2432
116 2433
116 2434
116 2435
116 2436
116 2437
116 2438
116 2439
116 2440
117 2441
117 2442
117 2443
117 2444
118 2445
118 2446
118 2447
118 2448
119 2449
119 2450
119 2451
119 2452
120 2453
120 2454
120 2455
120 2456
120 2457
120 2458
120 2459
120 2460
120 2461
120 2462
120 2463
119 2464
119 2465
119 2466
118 2467
117 2468
117 2469
117 2470
117 2471
117 2472
118 2473
118 2474
119 2475
120 2476
121 2477
121 2478
122 2479
122 2480
122 2481
122 2482
122 2483
122 2484
122 2485
122 2486
121 2487
121 2488
121 2489
121 2490
120 2491
120 2492
120 2493
120 2494
120 2495
120 2496
120 2497
120 2498
120 2499
120 2500
120 2501
120 2502
120 2503
120 2504
119 2505
119 2506
119 2507
119 2508
118 2509
118 2510
118 2511
118 2512
118 2513
118 2514
118 2515
118 2516
118 2517
118 2518
118 2519
118 2520
119 2521
119 2522
119 2523
119 2524
120 2525
121 2526
122 2527
123 2528
123 2529
124 2529
125 2529
126 2530
127 2530
128 2531
129 2531
130 2532
131 2533
132 2534
133 2534
134 2535
134 2536
135 2537
135 2538
136 2539
137 2540
138 2541
138 2542
139 2543
140 2544
141 2545
141 2546
142 2547
143 2548
143 2549
143 2550
144 2551
144 2552
145 2553
145 2554
145 2555
145 2556
146 2557
146 2558
147 2559
147 2560
147 2561
148 2562
148 2563
149 2564
150 2565
151 2566
152 2567
152 2568
153 2569
153 2570
154 2571
154 2572
155 2573
155 2574
156 2575
156 2576
157 2577
157 2578
158 2579
159 2580
159 2581
159 2582
160 2582
161 2583
161 2584
162 2585
162 2586
163 2587
164 2588
164 2589
164 2590
164 2591
164 2592
164 2593
164 2594
163 2595
163 2596
163 2597
163 2598
162 2599
162 2600
162 2601
162 2602
162 2603
162 2604
162 2605
162 2606
162 2607
163 2608
163 2609
163 2610
164 2611
164 2612
165 2613
165 2614
166 2615
167 2616
168 2617
168 2618
169 2619
170 2620
170 2621
171 2622
172 2623
173 2624
173 2625
173 2626
174 2627
174 2628
175 2629
175 2630
176 2631
176 2632
177 2633
178 2633
179 2634
179 2635
180 2635
181 2636
181 2637
182 2637
183 2638
183 2639
184 2639
185 2640
186 2641
186 2642
187 2643
188 2644
188 2645
189 2646
189 2647
189 2648
190 2649
190 2650
190 2651
190 2652
190 2653
190 2654
191 2655
191 2656
191 2657
191 2658
192 2659
192 2660
193 2661
193 2662
194 2663
194 2664
195 2665
196 2666
196 2667
197 2668
197 2669
198 2670
199 2671
200 2672
200 2673
201 2674
202 2675
202 2676
203 2677
203 2678
203 2679
203 2680
204 2681
205 2682
206 2683
206 2684
207 2685
208 2686
209 2687
210 2687
211 2688
211 2689
212 2690
213 2690
214 2691
215 2692
215 2693
216 2694
217 2695
218 2695
219 2696
220 2697
220 2698
221 2699
222 2700
223 2701
223 2702
224 2702
225 2703
225 2704
225 2705
226 2706
227 2707
228 2707
229 2708
230 2709
231 2710
232 2710
233 2711
234 2711
235 2712
236 2712
237 2713
238 2713
239 2713
240 2714
241 2714
242 2714
243 2714
244 2715
245 2715
246 2715
247 2715
248 2716
249 2716
250 2717
251 2717
252 2717
253 2718
254 2718
255 2719
256 2719
257 2720
258 2720
259 2720
260 2721
261 2721
262 2721
263 2721
264 2722
265 2722
266 2722
267 2722
268 2722
269 2722
270 2722
271 2722
272 2723
273 2723
274 2724
275 2724
276 2725
277 2725
278 2726
279 2727
280 2728
281 2728
282 2729
283 2730
284 2730
285 2730
286 2730
287 2730
288 2730
289 2730
290 2730
291 2730
292 2730
293 2730
294 2730
295 2730
296 2730
297 2730
298 2731
299 2731
300 2731
301 2731
302 2732
303 2732
304 2732
305 2733
306 2734
306 2735
306 2736
307 2737
307 2738
308 2739
309 2740
310 2741
311 2741
312 2741
313 2741
314 2742
315 2742
316 2743
317 2743
318 2744
319 2744
320 2745
321 2746
322 2746
323 2747
324 2747
325 2748
326 2749
327 2749
328 2749
329 2750
329 2751
330 2751
331 2752
331 2753
332 2754
333 2754
334 2755
335 2756
335 2757
336 2758
337 2759
338 2759
339 2760
340 2760
341 2760
342 2761
343 2761
344 2762
345 2763
346 2763
347 2763
348 2764
349 2764
350 2764
351 2764
352 2765
353 2765
354 2766
355 2767
355 2768
356 2769
357 2770
357 2771
357 2772
358 2773
358 2774
358 2775
358 2776
358 2777
358 2778
358 2779
358 2780
359 2781
359 2782
360 2783
361 2784
362 2784
363 2785
364 2785
365 2785
366 2786
367 2786
368 2786
369 2787
370 2788
371 2788
372 2789
372 2790
373 2790
374 2791
374 2792
375 2792
376 2793
376 2794
377 2795
378 2796
378 2797
379 2798
380 2799
381 2800
381 2801
382 2802
383 2803
384 2804
385 2805
386 2806
387 2806
388 2807
389 2808
390 2808
391 2809
392 2809
393 2810
394 2810
395 2811
396 2811
397 2811
398 2812
399 2812
400 2812
401 2812
402 2812
403 2812
404 2812
405 2812
406 2812
407 2812
408 2812
409 2812
410 2812
411 2812
412 2813
413 2813
414 2813
415 2813
416 2814
417 2814
418 2815
419 2815
420 2816
421 2817
422 2818
423 2819
423 2820
424 2820
425 2821
426 2822
427 2822
428 2823
429 2823
430 2823
431 2823
432 2824
433 2824
434 2825
435 2825
436 2825
437 2826
438 2827
439 2827
440 2828
441 2829
442 2829
443 2829
444 2830
445 2830
446 2831
447 2830
448 2830
449 2830
450 2830
451 2831
452 2830
453 2830
454 2830
455 2830
456 2830
457 2830
458 2829
459 2829
460 2829
461 2829
461 2828
462 2827
463 2827
464 2827
465 2827
466 2826
467 2826
468 2826
469 2826
470 2825
471 2824
472 2824
472 2823
472 2822
472 2821
473 2820
473 2819
474 2818
474 2817
474 2816
475 2815
476 2814
476 2813
477 2812
477 2811
478 2810
479 2810
480 2809
481 2808
481 2807
482 2806
483 2805
483 2804
484 2803
484 2802
484 2801
485 2800
485 2799
485 2798
485 2797
485 2796
485 2795
485 2794
485 2793
486 2792
486 2791
486 2790
486 2789
487 2788
487 2787
487 2786
487 2785
487 2784
487 2783
488 2782
488 2781
488 2780
488 2779
489 2778
489 2777
489 2776
489 2775
490 2774
490 2773
490 2772
490 2771
491 2770
491 2769
491 2768
491 2767
491 2766
491 2765
492 2764
492 2763
492 2762
492 2761
493 2760
493 2759
494 2758
494 2757
494 2756
494 2755
495 2754
495 2753
495 2752
495 2751
496 2750
496 2749
496 2748
496 2747
497 2746
497 2745
497 2744
497 2743
497 2742
497 2741
497 2740
497 2739
497 2738
498 2737
497 2736
498 2735
499 2734
499 2733
498 2732
498 2731
499 2730
499 2729
499 2728
499 2727
500 2726
500 2725
500 2724
500 2723
501 2722
501 2721
502 2720
502 2719
502 2718
502 2717
503 2716
503 2715
504 2714
504 2713
504 2712
504 2711
505 2710
505 2709
505 2708
505 2707
505 2706
505 2705
506 2704
506 2703
506 2702
506 2701
507 2700
507 2699
507 2698
507 2697
507 2696
507 2695
508 2694
508 2693
508 2692
508 2691
509 2690
509 2689
510 2688
510 2687
510 2686
510 2685
511 2684
511 2683
511 2682
511 2681
512 2680
512 2679
512 2678
512 2677
513 2676
513 2675
513 2674
513 2673
514 2672
514 2671
514 2670
514 2669
515 2668
515 2667
515 2666
515 2665
515 2664
515 2663
516 2662
516 2661
516 2660
516 2659
517 2658
517 2657
517 2656
517 2655
517 2654
517 2653
518 2652
518 2651
518 2650
518 2649
519 2648
519 2647
519 2646
519 2645
519 2644
519 2643
520 2642
520 2641
520 2640
520 2639
521 2638
521 2637
522 2636
522 2635
522 2634
522 2633
523 2632
524 2632
524 2631
524 2630
524 2629
525 2628
525 2627
526 2626
526 2625
526 2624
527 2623
527 2622
527 2621
527 2620
527 2619
527 2618
527 2617
527 2616
527 2615
528 2614
528 2613
528 2612
528 2611
529 2610
529 2609
529 2608
529 2607
529 2606
529 2605
529 2604
529 2603
529 2602
530 2601
530 2600
530 2599
531 2598
531 2597
531 2596
531 2595
531 2594
531 2593
531 2592
531 2591
531 2590
531 2589
531 2588
531 2587
531 2586
531 2585
531 2584
531 2583
531 2582
531 2581
531 2580
531 2579
531 2578
531 2577
531 2576
531 2575
531 2574
531 2573
531 2572
531 2571
531 2570
531 2569
531 2568
531 2567
531 2566
531 2565
531 2564
531 2563
531 2562
531 2561
531 2560
531 2559
531 2558
531 2557
531 2556
531 2555
531 2554
531 2553
531 2552
531 2551
531 2550
531 2549
531 2548
531 2547
531 2546
531 2545
532 2544
532 2543
532 2542
532 2541
533 2540
533 2539
533 2538
533 2537
532 2536
532 2535
533 2534
533 2533
532 2532
532 2531
532 2530
532 2529
532 2528
532 2527
531 2526
531 2525
531 2524
531 2523
531 2522
531 2521
531 2520
531 2519
531 2518
531 2517
531 2516
531 2515
531 2514
531 2513
531 2512
531 2511
531 2510
531 2509
531 2508
531 2507
531 2506
531 2505
531 2504
531 2503
531 2502
531 2501
531 2500
531 2499
531 2498
531 2497
531 2496
531 2495
531 2494
531 2493
531 2492
531 2491
531 2490
531 2489
531 2488
531 2487
530 2486
530 2485
530 2484
530 2483
529 2482
529 2481
528 2480
528 2479
528 2478
527 2477
527 2476
527 2475
526 2474
525 2473
525 2472
525 2471
526 2470
527 2470
528 2470
529 2470
529 2469
529 2468
529 2467
529 2466
529 2465
529 2464
529 2463
529 2462
529 2461
529 2460
529 2459
529 2458
529 2457
529 2456
529 2455
529 2454
529 2453
529 2452
529 2451
529 2450
529 2449
528 2448
528 2447
528 2446
528 2445
527 2444
527 2443
527 2442
527 2441
527 2440
527 2439
527 2438
527 2437
528 2436
528 2435
528 2434
528 2433
529 2432
529 2431
529 2430
529 2429
529 2428
528 2427
528 2426
528 2425
527 2424
527 2423
527 2422
527 2421
527 2420
527 2419
527 2418
527 2417
527 2416
527 2415
527 2414
527 2413
527 2412
527 2411
527 2410
527 2409
527 2408
527 2407
527 2406
527 2405
527 2404
527 2403
527 2402
527 2401
527 2400
527 2399
527 2398
527 2397
527 2396
527 2395
527 2394
527 2393
527 2392
527 2391
527 2390
527 2389
527 2388
527 2387
527 2386
527 2385
527 2384
527 2383
527 2382
527 2381
527 2380
527 2379
527 2378
526 2377
526 2376
526 2375
525 2374
525 2373
525 2372
525 2371
525 2370
525 2369
525 2368
525 2367
525 2366
525 2365
525 2364
525 2363
525 2362
525 2361
525 2360
525 2359
525 2358
525 2357
524 2356
524 2355
524 2354
524 2353
523 2352
523 2351
523 2350
523 2349
523 2348
523 2347
523 2346
523 2345
523 2344
523 2343
523 2342
523 2341
523 2340
523 2339
522 2338
522 2337
522 2336
522 2335
521 2334
521 2333
521 2332
521 2331
521 2330
521 2329
520 2328
520 2327
520 2326
520 2325
519 2324
519 2323
519 2322
519 2321
518 2320
518 2319
518 2318
518 2317
517 2316
517 2315
517 2314
517 2313
517 2312
517 2311
517 2310
517 2309
517 2308
517 2307
517 2306
516 2305
516 2304
516 2303
515 2302
515 2301
514 2300
514 2299
514 2298
514 2297
513 2297
512 2296
512 2295
512 2294
512 2293
511 2292
511 2291
511 2290
511 2289
511 2288
511 2287
510 2286
510 2285
510 2284
510 2283
509 2282
509 2281
509 2280
509 2279
508 2278
508 2277
508 2276
508 2275
507 2275
506 2274
506 2273
506 2272
506 2271
505 2270
505 2269
505 2268
505 2267
504 2266
504 2265
504 2264
504 2263
503 2262
503 2261
503 2260
503 2259
503 2258
503 2257
503 2256
503 2255
502 2254
502 2253
502 2252
502 2251
501 2250
501 2249
500 2248
500 2247
500 2246
499 2245
499 2244
498 2243
498 2242
498 2241
497 2241
496 2240
496 2239
496 2238
496 2237
495 2236
495 2235
494 2234
494 2233
494 2232
494 2231
493 2230
493 2229
493 2228
493 2227
492 2226
492 2225
492 2224
492 2223
491 2222
491 2221
490 2220
490 2219
490 2218
490 2217
489 2216
489 2215
489 2214
489 2213
489 2212
489 2211
488 2210
488 2209
488 2208
487 2207
487 2206
486 2205
486 2204
486 2203
485 2202
484 2201
484 2200
483 2199
482 2198
481 2197
481 2196
480 2195
480 2194
480 2193
479 2193
478 2192
478 2191
477 2190
477 2189
476 2189
475 2188
474 2187
474 2186
473 2186
472 2185
472 2184
471 2183
470 2183
469 2182
469 2181
468 2180
468 2179
467 2178
466 2177
465 2176
465 2175
464 2175
463 2174
463 2173
462 2172
461 2171
461 2170
460 2169
459 2168
458 2168
457 2168
456 2169
455 2169
454 2170
453 2171
452 2171
451 2171
450 2171
449 2171
448 2171
447 2171
446 2171
445 2172
444 2172
443 2172
443 2173
442 2174
441 2174
440 2174
439 2175
438 2175
437 2175
436 2175
435 2174
434 2173
433 2172
432 2171
431 2170
430 2169
429 2169
428 2168
427 2168
426 2168
425 2168
424 2168
423 2168
422 2168
421 2169
420 2169
419 2169
418 2169
417 2169
416 2169
415 2168
414 2168
413 2168
412 2168
411 2167
410 2167
409 2167
408 2166
407 2166
406 2165
405 2165
404 2164
403 2164
402 2163
401 2163
400 2162
399 2161
398 2161
397 2160
396 2160
395 2159
394 2159
393 2159
392 2159
391 2159
390 2159
389 2158
388 2158
387 2158
386 2158
385 2157
384 2157
383 2157
382 2157
381 2158
380 2158
379 2158
378 2158
377 2158
376 2158
375 2158
374 2158
373 2157
372 2157
371 2158
370 2158
369 2158
368 2158
367 2159
366 2159
365 2159
364 2159
363 2159
362 2159
361 2159
360 2159
359 2158
358 2158
357 2157
356 2157
355 2156
354 2156
353 2155
352 2155
351 2155
350 2155
349 2155
348 2155
347 2155
346 2155
345 2155
344 2155
343 2155
342 2155
