1611 57
1610 58
1609 58
1608 58
1607 59
1606 59
1605 60
1604 60
1603 61
1602 62
1601 62
1600 63
1599 63
1598 64
1597 65
1596 65
1595 66
1594 66
1593 66
1592 67
1591 67
1590 68
1589 68
1588 68
1587 68
1586 69
1585 70
1584 70
1583 70
1582 71
1581 71
1580 72
1579 72
1578 73
1577 73
1576 74
1575 74
1574 75
1573 75
1572 76
1571 76
1570 76
1569 76
1568 77
1567 77
1566 77
1565 77
1564 77
1563 77
1562 77
1561 77
1560 77
1559 77
1558 77
1557 77
1556 77
1555 77
1554 77
1553 77
1552 77
1551 77
1550 78
1549 78
1548 78
1547 78
1546 79
1545 79
1544 79
1543 79
1542 79
1541 79
1540 80
1539 81
1538 82
1538 83
1538 84
1537 85
1536 85
1535 86
1534 87
1533 87
1532 87
1531 87
1530 87
1529 87
1528 87
1527 87
1526 87
1525 87
1524 87
1523 87
1522 87
1521 88
1520 89
1519 89
1519 90
1518 91
1517 91
1516 92
1515 93
1515 94
1514 95
1513 95
1513 96
1512 97
1511 97
1511 98
1510 99
1509 99
1508 100
1507 101
1507 102
1506 103
1505 103
1505 104
1504 105
1503 105
1503 106
1502 107
1501 107
1501 108
1500 109
1499 110
1499 111
1498 112
1498 113
1497 114
1496 115
1496 116
1496 117
1495 118
1495 119
1494 120
1494 121
1494 122
1493 123
1492 123
1492 124
1492 125
1492 126
1491 127
1490 128
1489 129
1489 130
1488 131
1488 132
1487 133
1487 134
1486 135
1486 136
1486 137
1485 138
1484 139
1484 140
1484 141
1484 142
1483 143
1483 144
1483 145
1483 146
1483 147
1483 148
1482 149
1482 150
1482 151
1482 152
1481 153
1480 153
1480 154
1479 155
1479 156
1478 157
1477 158
1476 158
1475 159
1475 160
1474 161
1473 161
1472 162
1471 163
1470 164
1469 164
1468 165
1467 165
1466 166
1465 166
1464 167
1463 167
1462 168
1462 169
1461 170
1460 171
1459 171
1459 172
1458 173
1457 174
1456 174
1455 175
1454 176
1454 177
1453 178
1452 179
1451 179
1451 180
1450 181
1449 182
1448 182
1447 183
1447 184
1446 185
1445 186
1444 187
1444 188
1443 189
1443 190
1442 191
1441 191
1441 192
1440 193
1439 193
1439 194
1438 195
1437 195
1436 196
1435 196
1434 197
1433 198
1432 199
1431 199
1430 200
1429 201
1428 201
1427 202
1426 203
1425 203
1424 204
1423 205
1422 206
1421 207
1421 208
1420 209
1420 210
1419 211
1419 212
1419 213
1419 214
1419 215
1419 216
1419 217
1419 218
1419 219
1419 220
1418 221
1418 222
1418 223
1418 224
1417 225
1417 226
1416 227
1416 228
1415 229
1415 230
1414 231
1413 231
1413 232
1412 233
1411 233
1411 234
1410 235
1409 235
1408 236
1407 237
1406 238
1405 239
1405 240
1404 241
1403 242
1403 243
1402 244
1402 245
1401 246
1401 247
1400 248
1400 249
1399 250
1398 251
1398 252
1397 253
1397 254
1396 255
1396 256
1395 257
1395 258
1395 259
1395 260
1395 261
1395 262
1395 263
1394 264
1394 265
1394 266
1393 267
1393 268
1392 269
1392 270
1392 271
1392 272
1391 273
1390 273
1390 274
1390 275
1390 276
1389 277
1389 278
1389 279
1389 280
1389 281
1389 282
1388 283
1388 284
1388 285
1388 286
1387 287
1387 288
1387 289
1387 290
1386 291
1386 292
1386 293
1385 294
1385 295
1384 296
1384 297
1383 298
1382 299
1382 300
1382 301
1382 302
1381 303
1381 304
1380 305
1380 306
1380 307
1380 308
1379 309
1379 310
1379 311
1379 312
1379 313
1379 314
1378 315
1378 316
1378 317
1378 318
1377 319
1377 320
1377 321
1377 322
1377 323
1377 324
1377 325
1377 326
1376 327
1376 328
1376 329
1375 330
1375 331
1375 332
1375 333
1375 334
1375 335
1375 336
1375 337
1375 338
1375 339
1375 340
1375 341
1375 342
1374 343
1374 344
1374 345
1374 346
1373 347
1373 348
1373 349
1373 350
1372 351
1372 352
1372 353
1372 354
1371 355
1371 356
1370 357
1370 358
1370 359
1370 360
1369 361
1368 361
1368 362
1368 363
1368 364
1367 365
1366 365
1366 366
1365 367
1365 368
1364 369
1363 370
1363 371
1362 372
1362 373
1361 374
1361 375
1360 376
1360 377
1359 378
1358 379
1358 380
1357 381
1357 382
1356 383
1356 384
1355 385
1355 386
1354 387
1354 388
1354 389
1354 390
1353 391
1353 392
1352 393
1352 394
1352 395
1352 396
1351 397
1351 398
1351 399
1351 400
1352 400
1353 400
1354 400
1355 400
1356 400
1357 401
1357 402
1356 403
1355 403
1354 403
1353 403
1352 403
1351 403
1350 403
1349 403
1349 404
1349 405
1349 406
1349 407
1349 408
1349 409
1349 410
1349 411
1349 412
1349 413
1349 414
1349 415
1349 416
1349 417
1349 418
1349 419
1349 420
1349 421
1349 422
1349 423
1349 424
1349 425
1349 426
1350 427
1350 428
1350 429
1350 430
1351 431
1351 432
1351 433
1351 434
1351 435
1351 436
1351 437
1351 438
1351 439
1351 440
1351 441
1351 442
1351 443
1351 444
1351 445
1352 446
1352 447
1352 448
1353 449
1353 450
1353 451
1353 452
1353 453
1353 454
1353 455
1353 456
1353 457
1353 458
1353 459
1353 460
1353 461
1353 462
1353 463
1353 464
1353 465
1353 466
1353 467
1353 468
1353 469
1353 470
1353 471
1353 472
1353 473
1353 474
1353 475
1353 476
1353 477
1353 478
1353 479
1353 480
1353 481
1353 482
1353 483
1353 484
1353 485
1353 486
1353 487
1353 488
1353 489
1353 490
1353 491
1353 492
1353 493
1353 494
1353 495
1353 496
1353 497
1353 498
1353 499
1353 500
1353 501
1353 502
1353 503
1353 504
1353 505
1353 506
1353 507
1353 508
1353 509
1353 510
1353 511
1353 512
1354 513
1354 514
1354 515
1354 516
1355 517
1355 518
1355 519
1355 520
1356 521
1357 522
1357 523
1358 524
1359 525
1359 526
1359 527
1359 528
1359 529
1359 530
1359 531
1359 532
1359 533
1359 534
1359 535
1359 536
1359 537
1359 538
1360 539
1360 540
1360 541
1360 542
1361 543
1361 544
1362 545
1362 546
1362 547
1363 548
1364 549
1364 550
1365 551
1365 552
1365 553
1365 554
1365 555
1365 556
1366 557
1366 558
1366 559
1366 560
1367 561
1367 562
1368 563
1368 564
1369 565
1369 566
1370 566
1371 567
1371 568
1372 569
1373 570
1374 571
1375 572
1375 573
1376 574
1376 575
1376 576
1377 577
1377 578
1377 579
1377 580
1377 581
1378 582
1378 583
1378 584
1379 585
1379 586
1379 587
1379 588
1380 589
1380 590
1381 591
1381 592
1382 593
1382 594
1383 595
1383 596
1384 597
1384 598
1385 599
1385 600
1386 601
1387 602
1388 603
1388 604
1388 605
1388 606
1389 606
1390 607
1390 608
1390 609
1391 610
1391 611
1392 612
1392 613
1393 614
1393 615
1394 616
1395 617
1395 618
1396 618
1397 619
1398 620
1399 621
1399 622
1400 622
1401 623
1401 624
1402 625
1403 626
1403 627
1404 628
1404 629
1405 630
1406 630
1407 631
1407 632
1408 633
1409 634
1409 635
1410 636
1411 637
1412 638
1413 639
1413 640
1414 641
1415 642
1416 643
1417 643
1418 644
1419 645
1419 646
1420 646
1421 647
1422 648
1423 649
1423 650
1424 651
1425 652
1425 653
1426 654
1427 655
1428 656
1429 656
1430 657
1431 657
1432 658
1433 659
1434 659
1435 660
1436 660
1437 661
1438 661
1439 662
1440 663
1441 664
1442 664
1443 665
1444 666
1445 666
1446 667
1447 668
1448 669
1449 670
1450 670
1451 671
1451 672
1452 673
1453 674
1454 674
1455 675
1455 676
1456 677
1457 678
1458 678
1459 679
1460 680
1461 680
1462 681
1463 682
1464 682
1465 683
1466 684
1467 684
1468 685
1469 685
1470 686
1471 686
1472 687
1473 688
1474 688
1475 689
1476 690
1477 690
1478 691
1479 691
1480 691
1481 692
1482 692
1483 692
1484 692
1485 692
1486 692
1487 693
1488 693
1489 693
1490 694
1491 695
1492 695
1493 695
1494 696
1495 696
1496 697
1497 698
1498 698
1499 699
1500 700
1501 700
1502 701
1503 701
1504 701
1505 702
1506 702
1507 703
1508 703
1509 704
1510 704
1511 705
1512 705
1513 706
1514 706
1515 707
1516 707
1517 707
1518 707
1519 708
1520 708
1521 708
1522 708
1523 709
1523 710
1524 711
1525 712
1526 713
1527 713
1528 713
1529 714
1530 714
1531 714
1532 714
1533 714
1534 714
1535 714
1536 714
1537 714
1538 714
1539 714
1540 714
1541 714
1542 714
1542 713
1542 712
1542 711
1542 710
1542 709
1543 708
1544 708
1545 709
1545 710
1545 711
1545 712
1545 713
1545 714
1546 714
1547 714
1548 714
1549 715
1550 715
1551 715
1552 715
1553 716
1554 716
1555 716
1556 716
1557 716
1558 716
1559 716
1560 715
1561 714
1562 714
1563 713
1564 713
1565 712
1566 712
1567 712
1568 712
1569 712
1570 712
1571 712
1572 712
1573 712
1574 712
1575 712
1576 712
1577 712
1578 712
1579 712
1580 712
1581 712
1582 712
1583 712
1584 712
1585 712
1586 712
1587 711
1588 711
1589 711
1590 711
1591 710
1592 710
1593 709
1594 709
1595 709
1596 709
1596 708
1597 707
1598 707
1599 707
1600 707
1601 706
1602 706
1603 706
1604 706
1605 706
1606 706
1607 706
1608 706
1609 706
1610 706
1611 705
1612 705
1613 704
1614 704
1615 703
1616 703
1617 702
1618 702
1619 702
1620 702
1621 702
1622 702
1623 702
1624 702
1625 701
1626 701
1627 700
1628 700
1629 699
1630 699
1631 698
1632 697
1633 696
1634 696
1634 695
1635 694
1636 694
1637 693
1638 692
1638 691
1639 690
1640 690
1640 689
1641 688
1642 688
1642 687
1643 686
1644 686
1645 685
1646 685
1647 684
1648 683
1649 682
1650 682
1651 681
1651 680
1652 679
1653 678
1654 678
1654 677
1655 676
1656 676
1657 675
1658 674
1659 674
1660 673
1661 672
1662 672
1662 671
1663 670
1664 670
1665 669
1666 668
1667 667
1668 666
1669 665
1670 664
1671 664
1672 663
1673 662
1674 662
1674 661
1675 660
1676 659
1677 658
1678 658
1678 657
1679 656
1680 656
1680 655
1681 654
1682 654
1682 653
1683 652
1684 651
1685 650
1686 650
1686 649
1687 648
1688 647
1688 646
1689 645
1690 644
1691 643
1692 642
1693 641
1694 640
1695 639
1696 639
1696 638
1697 637
1698 637
1699 636
1700 636
1700 635
1701 634
1702 634
1702 633
1703 632
1703 631
1704 630
1704 629
1705 628
1705 627
1705 626
1705 625
1706 624
1706 623
1707 622
1707 621
1708 620
1709 619
1710 618
1710 617
1711 616
1712 616
1713 615
1714 614
1714 613
1715 612
1716 611
1717 610
1718 610
1719 609
1720 608
1720 607
1721 606
1722 606
1722 605
1723 604
1724 603
1724 602
1725 601
1725 600
1726 599
1726 598
1727 597
1728 596
1728 595
1729 594
1729 593
1730 592
1731 592
1731 591
1732 590
1732 589
1733 588
1734 588
1734 587
1735 586
1736 585
1737 584
1738 584
1738 583
1739 582
1740 581
1740 580
1741 579
1741 578
1741 577
1742 576
1743 576
1743 575
1743 574
1743 573
1744 572
1744 571
1745 570
1745 569
1745 568
1746 567
1746 566
1747 565
1747 564
1748 563
1749 562
1749 561
1750 560
1750 559
1751 558
1752 557
1752 556
1753 555
1754 554
1754 553
1755 552
1756 551
1756 550
1756 549
1757 548
1757 547
1757 546
1757 545
1758 544
1759 544
1759 543
1760 542
1760 541
1761 540
1762 539
1762 538
1763 537
1764 536
1764 535
1765 534
1765 533
1766 532
1766 531
1767 530
1767 529
1767 528
1768 527
1769 526
1769 525
1769 524
1770 523
1771 522
1771 521
1772 520
1772 519
1773 518
1773 517
1774 516
1774 515
1775 514
1775 513
1776 512
1776 511
1777 510
1778 510
1778 509
1779 508
1780 507
1781 506
1782 506
1782 505
1783 504
1784 503
1784 502
1785 501
1786 500
1786 499
1787 498
1788 497
1789 496
1789 495
1790 494
1790 493
1791 492
1791 491
1792 490
1792 489
1792 488
1792 487
1792 486
1792 485
1792 484
1792 483
1793 482
1793 481
1793 480
1794 479
1795 478
1795 477
1796 476
1797 475
1798 474
1798 473
1799 472
1800 472
1801 471
1802 470
1802 469
1803 468
1804 467
1805 466
1806 466
1807 465
1808 464
1808 463
1809 462
1810 461
1810 460
1811 459
1811 458
1811 457
1812 456
1812 455
1813 454
1813 453
1813 452
1813 451
1814 450
1814 449
1814 448
1814 447
1814 446
1814 445
1814 444
1814 443
1814 442
1815 441
1815 440
1815 439
1816 438
1816 437
1816 436
1816 435
1816 434
1816 433
1816 432
1816 431
1816 430
1816 429
1816 428
1816 427
1816 426
1816 425
1816 424
1816 423
1816 422
1816 421
1817 420
1817 419
1817 418
1817 417
1818 416
1818 415
1818 414
1818 413
1818 412
1818 411
1819 410
1819 409
1820 408
1820 407
1821 406
1821 405
1822 404
1822 403
1822 402
1822 401
1822 400
1822 399
1822 398
1822 397
1821 396
1821 395
1821 394
1821 393
1820 392
1820 391
1820 390
1820 389
1820 388
1820 387
1820 386
1820 385
1820 384
1820 383
1820 382
1820 381
1820 380
1820 379
1820 378
1820 377
1820 376
1820 375
1820 374
1820 373
1820 372
1820 371
1820 370
1820 369
1820 368
1820 367
1820 366
1820 365
1820 364
1820 363
1820 362
1820 361
1820 360
1820 359
1820 358
1820 357
1820 356
1820 355
1820 354
1820 353
1820 352
1820 351
1820 350
1820 349
1820 348
1820 347
1820 346
1820 345
1820 344
1820 343
1820 342
1820 341
1820 340
1820 339
1820 338
1820 337
1820 336
1820 335
1820 334
1820 333
1820 332
1820 331
1820 330
1820 329
1820 328
1820 327
1820 326
1820 325
1820 324
1820 323
1820 322
1820 321
1820 320
1820 319
1820 318
1820 317
1820 316
1820 315
1820 314
1820 313
1820 312
1820 311
1820 310
1820 309
1820 308
1820 307
1820 306
1820 305
1820 304
1820 303
1819 302
1819 301
1819 300
1819 299
1818 298
1818 297
1818 296
1818 295
1817 294
1817 293
1817 292
1817 291
1816 290
1816 289
1816 288
1816 287
1816 286
1816 285
1816 284
1816 283
1816 282
1816 281
1815 280
1815 279
1815 278
1815 277
1814 276
1814 275
1814 274
1814 273
1813 272
1813 271
1812 270
1811 269
1811 268
1810 267
1809 267
1808 266
1808 265
1807 264
1806 263
1806 262
1805 261
1805 260
1805 259
1804 258
1804 257
1803 256
1803 255
1802 254
1802 253
1801 252
1801 251
1800 250
1800 249
1799 248
1799 247
1798 246
1798 245
1797 244
1796 244
1795 243
1794 242
1794 241
1793 241
1792 240
1792 239
1791 238
1791 237
1790 237
1789 236
1789 235
1788 234
1788 233
1787 232
1787 231
1786 230
1785 229
1785 228
1785 227
1784 226
1783 225
1782 224
1782 223
1781 223
1780 222
1779 221
1778 220
1778 219
1777 219
1776 218
1776 217
1775 216
1774 215
1774 214
1773 213
1773 212
1772 211
1771 211
1770 210
1770 209
1769 208
1768 207
1768 206
1767 205
1766 204
1765 203
1764 202
1764 201
1763 201
1762 200
1762 199
1761 198
1760 197
1760 196
1759 195
1759 194
1759 193
1758 193
1757 192
1757 191
1756 190
1756 189
1755 188
1755 187
1754 186
1753 185
1752 184
1752 183
1751 183
1750 182
1750 181
1749 180
1748 179
1748 178
1747 177
1747 176
1746 175
1746 174
1745 173
1744 172
1744 171
1743 171
1742 170
1742 169
1741 168
1740 167
1739 167
1738 166
1738 165
1737 164
1736 164
1735 163
1734 162
1734 161
1733 160
1732 159
1732 158
1731 157
1730 156
1730 155
1729 154
1729 153
1728 152
1727 151
1726 150
1726 149
1725 148
1724 147
1723 146
1723 145
1722 145
1721 144
1721 143
1720 142
1719 141
1718 140
1718 139
1717 138
1717 137
1716 136
1715 135
1714 134
1714 133
1713 132
1712 131
1712 130
1711 129
1710 128
1710 127
1709 127
1708 126
1708 125
1707 124
1706 123
1706 122
1705 121
1704 120
1704 119
1703 119
1702 118
1702 117
1701 116
1700 115
1699 115
1698 114
1698 113
1697 113
1696 112
1695 111
1694 110
1693 110
1692 109
1691 108
1690 107
1689 107
1688 106
1688 105
1687 104
1686 103
1685 103
1684 102
1683 101
1682 100
1682 99
1681 98
1680 97
1679 96
1678 95
1677 95
1676 94
1675 93
1674 92
1674 91
1673 90
1672 89
1671 89
1670 88
1670 87
1669 86
1668 86
1667 85
1666 84
1665 84
1664 83
1663 83
1662 82
1661 82
1660 82
1659 82
1658 81
1657 81
1656 80
1655 80
1654 79
1653 78
1652 78
1651 77
1651 76
1650 75
1649 75
1648 74
1647 73
1646 72
1645 72
1644 72
1643 71
1642 71
1641 70
1640 69
1639 69
1638 68
1637 67
1636 66
1635 65
1634 65
1633 64
1632 64
1631 63
1630 62
1629 62
1628 61
1627 61
1626 60
1625 60
1624 59
1623 59
1622 59
1621 59
1620 59
1619 59
1618 59
1617 59
1616 58
1615 58
1614 58
1613 58
1612 57
1611 57
