3366 1524
3365 1525
3364 1525
3363 1525
3362 1526
3361 1526
3360 1526
3359 1526
3358 1526
3357 1526
3356 1526
3355 1526
3354 1526
3353 1526
3352 1526
3351 1526
3350 1526
3349 1526
3348 1526
3347 1526
3346 1527
3345 1527
3344 1527
3343 1528
3342 1528
3341 1528
3340 1528
3339 1528
3338 1528
3337 1528
3336 1528
3335 1528
3334 1528
3333 1528
3332 1528
3331 1528
3330 1528
3329 1528
3328 1528
3327 1528
3326 1528
3325 1528
3324 1529
3323 1529
3322 1529
3321 1529
3320 1530
3319 1530
3318 1530
3317 1530
3316 1530
3315 1530
3314 1531
3313 1531
3312 1532
3311 1532
3311 1533
3310 1534
3309 1534
3308 1535
3307 1536
3306 1537
3305 1538
3304 1539
3303 1539
3302 1540
3301 1540
3300 1540
3299 1540
3298 1540
3297 1540
3296 1540
3295 1540
3294 1540
3293 1540
3292 1541
3291 1541
3290 1541
3289 1541
3288 1542
3287 1542
3286 1543
3285 1543
3284 1543
3283 1544
3282 1545
3282 1546
3281 1547
3280 1547
3279 1548
3279 1549
3278 1550
3277 1551
3276 1551
3275 1552
3274 1553
3274 1554
3273 1555
3272 1556
3271 1556
3270 1557
3269 1558
3268 1559
3267 1559
3267 1560
3266 1561
3265 1561
3264 1562
3263 1562
3262 1563
3261 1563
3260 1564
3259 1564
3258 1564
3257 1564
3256 1565
3255 1565
3254 1566
3253 1567
3252 1567
3251 1568
3250 1569
3250 1570
3249 1571
3248 1571
3247 1572
3246 1573
3245 1573
3244 1574
3243 1574
3242 1574
3241 1574
3240 1575
3239 1575
3238 1575
3238 1576
3237 1577
3236 1577
3236 1578
3235 1579
3234 1579
3233 1579
3232 1580
3231 1580
3230 1581
3229 1581
3228 1582
3227 1582
3226 1583
3225 1584
3224 1585
3224 1586
3223 1587
3222 1587
3222 1588
3221 1589
3220 1589
3220 1590
3219 1591
3218 1591
3218 1592
3217 1593
3216 1593
3215 1594
3215 1595
3214 1596
3213 1597
3213 1598
3212 1599
3212 1600
3212 1601
3211 1602
3211 1603
3211 1604
3211 1605
3211 1606
3211 1607
3211 1608
3211 1609
3211 1610
3211 1611
3211 1612
3211 1613
3211 1614
3211 1615
3211 1616
3211 1617
3211 1618
3211 1619
3211 1620
3211 1621
3211 1622
3211 1623
3211 1624
3211 1625
3211 1626
3211 1627
3210 1628
3210 1629
3209 1630
3209 1631
3208 1632
3207 1633
3207 1634
3207 1635
3207 1636
3207 1637
3207 1638
3207 1639
3207 1640
3207 1641
3207 1642
3207 1643
3207 1644
3207 1645
3207 1646
3207 1647
3207 1648
3207 1649
3207 1650
3207 1651
3207 1652
3207 1653
3207 1654
3207 1655
3207 1656
3207 1657
3207 1658
3207 1659
3207 1660
3207 1661
3207 1662
3207 1663
3207 1664
3207 1665
3207 1666
3207 1667
3207 1668
3207 1669
3207 1670
3207 1671
3207 1672
3207 1673
3207 1674
3207 1675
3207 1676
3207 1677
3207 1678
3207 1679
3207 1680
3207 1681
3208 1682
3209 1683
3209 1684
3210 1685
3211 1686
3211 1687
3211 1688
3211 1689
3211 1690
3211 1691
3212 1692
3212 1693
3212 1694
3212 1695
3213 1696
3213 1697
3214 1698
3214 1699
3214 1700
3214 1701
3215 1702
3215 1703
3215 1704
3215 1705
3215 1706
3215 1707
3215 1708
3215 1709
3216 1710
3216 1711
3216 1712
3216 1713
3217 1714
3217 1715
3217 1716
3217 1717
3217 1718
3217 1719
3218 1720
3218 1721
3219 1722
3219 1723
3220 1724
3221 1725
3222 1726
3223 1727
3223 1728
3224 1729
3224 1730
3225 1731
3225 1732
3226 1733
3227 1734
3227 1735
3228 1736
3228 1737
3229 1737
3230 1738
3230 1739
3231 1740
3231 1741
3232 1742
3233 1743
3233 1744
3234 1745
3234 1746
3235 1747
3236 1748
3236 1749
3236 1750
3237 1751
3238 1752
3238 1753
3238 1754
3239 1755
3239 1756
3240 1757
3241 1758
3242 1759
3242 1760
3243 1761
3244 1762
3245 1762
3246 1763
3247 1764
3247 1765
3248 1766
3249 1766
3250 1767
3250 1768
3251 1768
3252 1769
3253 1770
3254 1771
3255 1771
3256 1772
3257 1772
3258 1773
3259 1774
3260 1774
3261 1775
3262 1776
3263 1776
3264 1776
3265 1777
3266 1777
3267 1777
3268 1777
3269 1777
3270 1777
3271 1778
3272 1778
3273 1778
3274 1779
3275 1780
3276 1780
3277 1780
3278 1780
3279 1781
3279 1782
3280 1782
3281 1783
3282 1783
3283 1784
3284 1785
3285 1786
3286 1786
3287 1786
3288 1786
3289 1787
3290 1787
3291 1788
3292 1788
3293 1788
3294 1788
3295 1789
3295 1790
3296 1790
3297 1791
3298 1791
3299 1792
3300 1793
3301 1794
3302 1794
3303 1794
3304 1794
3305 1795
3306 1795
3307 1796
3308 1796
3309 1796
3310 1797
3311 1797
3312 1798
3313 1798
3314 1799
3315 1799
3316 1800
3317 1800
3318 1800
3319 1801
3320 1801
3321 1802
3322 1802
3323 1802
3324 1802
3325 1803
3326 1804
3327 1804
3328 1804
3329 1805
3329 1806
3330 1806
3331 1806
3332 1806
3333 1807
3334 1807
3335 1807
3336 1807
3337 1807
3338 1807
3339 1807
3340 1807
3341 1807
3342 1807
3343 1807
3344 1807
3345 1807
3346 1807
3347 1807
3348 1807
3349 1807
3350 1807
3351 1807
3352 1807
3353 1807
3354 1807
3355 1807
3356 1807
3357 1807
3358 1807
3359 1807
3360 1807
3361 1807
3362 1807
3363 1806
3364 1806
3365 1806
3366 1806
3367 1805
3368 1805
3369 1805
3370 1805
3371 1805
3372 1805
3373 1805
3374 1805
3375 1805
3376 1805
3377 1805
3378 1805
3379 1804
3380 1804
3381 1804
3382 1804
3383 1803
3384 1803
3385 1802
3386 1802
3387 1802
3388 1802
3388 1801
3389 1800
3390 1800
3391 1800
3392 1800
3393 1799
3394 1799
3395 1799
3396 1799
3397 1799
3398 1799
3399 1799
3400 1798
3401 1798
3402 1798
3403 1797
3404 1796
3405 1796
3406 1796
3407 1795
3408 1795
3409 1795
3410 1795
3411 1795
3412 1795
3413 1795
3414 1795
3415 1795
3416 1795
3417 1795
3418 1795
3419 1794
3420 1794
3421 1794
3422 1794
3423 1793
3424 1792
3425 1791
3426 1791
3427 1790
3428 1789
3429 1788
3430 1788
3431 1787
3432 1786
3433 1785
3434 1785
3434 1784
3435 1783
3436 1782
3437 1782
3438 1781
3439 1780
3440 1779
3441 1778
3442 1777
3443 1777
3444 1776
3445 1776
3446 1776
3447 1775
3448 1775
3449 1774
3450 1774
3451 1773
3452 1773
3453 1772
3454 1772
3455 1771
3456 1771
3457 1770
3458 1770
3459 1770
3459 1769
3460 1768
3461 1768
3462 1767
3463 1766
3464 1766
3465 1765
3466 1764
3467 1763
3468 1763
3469 1762
3470 1761
3471 1760
3471 1759
3472 1758
3473 1758
3474 1757
3474 1756
3475 1755
3476 1754
3477 1754
3478 1753
3479 1752
3479 1751
3480 1750
3481 1750
3482 1749
3483 1748
3484 1747
3484 1746
3485 1745
3486 1744
3486 1743
3487 1742
3488 1741
3488 1740
3489 1739
3490 1738
3490 1737
3491 1736
3492 1735
3492 1734
3493 1733
3493 1732
3494 1731
3494 1730
3495 1729
3495 1728
3495 1727
3496 1726
3496 1725
3497 1724
3497 1723
3498 1722
3499 1721
3499 1720
3499 1719
3499 1718
3500 1717
3500 1716
3500 1715
3500 1714
3500 1713
3500 1712
3500 1711
3500 1710
3500 1709
3500 1708
3500 1707
3500 1706
3500 1705
3500 1704
3500 1703
3500 1702
3500 1701
3500 1700
3500 1699
3500 1698
3500 1697
3500 1696
3500 1695
3500 1694
3501 1693
3501 1692
3502 1691
3502 1690
3503 1689
3503 1688
3504 1687
3504 1686
3504 1685
3504 1684
3504 1683
3504 1682
3504 1681
3504 1680
3503 1679
3502 1678
3502 1677
3502 1676
3502 1675
3503 1674
3504 1673
3504 1672
3504 1671
3504 1670
3504 1669
3504 1668
3504 1667
3504 1666
3504 1665
3504 1664
3504 1663
3504 1662
3503 1661
3503 1660
3503 1659
3503 1658
3502 1657
3502 1656
3502 1655
3502 1654
3502 1653
3502 1652
3502 1651
3502 1650
3502 1649
3502 1648
3502 1647
3502 1646
3501 1645
3501 1644
3501 1643
3501 1642
3500 1641
3500 1640
3500 1639
3499 1638
3498 1637
3497 1636
3497 1635
3496 1634
3495 1633
3495 1632
3494 1631
3494 1630
3493 1629
3493 1628
3492 1627
3492 1626
3491 1625
3491 1624
3490 1623
3490 1622
3489 1621
3489 1620
3488 1619
3488 1618
3487 1617
3487 1616
3486 1615
3486 1614
3485 1613
3485 1612
3485 1611
3485 1610
3484 1610
3483 1609
3483 1608
3483 1607
3483 1606
3482 1605
3482 1604
3481 1603
3481 1602
3481 1601
3481 1600
3480 1599
3480 1598
3480 1597
3480 1596
3479 1595
3479 1594
3478 1593
3478 1592
3477 1591
3476 1591
3475 1590
3474 1589
3474 1588
3473 1587
3472 1587
3471 1586
3471 1585
3470 1584
3469 1583
3468 1582
3467 1581
3467 1580
3466 1579
3465 1578
3464 1577
3463 1576
3463 1575
3462 1575
3461 1574
3461 1573
3460 1573
3459 1572
3459 1571
3458 1571
3457 1570
3457 1569
3456 1568
3455 1567
3454 1566
3453 1565
3453 1564
3452 1563
3452 1562
3451 1561
3451 1560
3450 1559
3450 1558
3449 1557
3448 1556
3448 1555
3447 1554
3446 1553
3446 1552
3445 1551
3444 1551
3443 1550
3442 1549
3442 1548
3441 1547
3440 1547
3439 1546
3439 1545
3438 1544
3437 1543
3436 1542
3435 1542
3434 1541
3433 1540
3432 1539
3431 1539
3430 1538
3429 1538
3428 1537
3427 1537
3426 1536
3425 1536
3424 1535
3423 1535
3422 1534
3421 1534
3420 1533
3420 1532
3419 1532
3418 1531
3417 1531
3416 1530
3415 1530
3414 1530
3413 1530
3412 1530
3411 1530
3410 1530
3409 1530
3408 1530
3407 1530
3406 1530
3405 1530
3404 1529
3403 1529
3402 1529
3401 1529
3400 1528
3399 1528
3398 1528
3397 1528
3396 1528
3395 1528
3394 1528
3393 1528
3392 1527
3391 1527
3390 1527
3389 1527
3388 1526
3387 1526
3386 1526
3385 1526
3384 1526
3383 1526
3382 1526
3381 1526
3380 1526
3379 1526
3378 1526
3377 1526
3376 1527
3375 1527
3374 1527
3373 1527
3372 1527
3371 1526
3370 1526
3369 1525
3368 1524
3367 1524
3366 1524
