2105 1390
2104 1391
2103 1391
2102 1391
2101 1391
2100 1392
2099 1392
2098 1392
2097 1392
2096 1392
2095 1392
2094 1392
2093 1392
2092 1393
2091 1393
2090 1393
2089 1393
2089 1394
2088 1395
2087 1395
2086 1395
2085 1395
2084 1396
2083 1396
2082 1396
2081 1396
2080 1396
2079 1396
2078 1397
2077 1397
2076 1397
2075 1397
2075 1398
2074 1399
2073 1399
2072 1399
2071 1399
2070 1400
2069 1400
2068 1401
2067 1401
2066 1401
2065 1401
2065 1402
2064 1403
2063 1403
2062 1403
2061 1403
2060 1404
2059 1405
2058 1405
2057 1405
2056 1406
2055 1407
2054 1408
2053 1408
2052 1409
2052 1410
2051 1411
2050 1412
2049 1412
2048 1413
2047 1413
2047 1414
2046 1415
2045 1415
2044 1415
2043 1416
2042 1416
2041 1417
2040 1417
2039 1418
2038 1419
2037 1419
2036 1419
2035 1419
2034 1420
2033 1420
2032 1420
2031 1420
2030 1420
2029 1420
2028 1420
2027 1420
2026 1420
2025 1420
2024 1420
2023 1420
2022 1420
2021 1420
2020 1420
2019 1420
2018 1420
2017 1421
2016 1421
2015 1421
2014 1422
2013 1422
2012 1423
2011 1423
2010 1423
2009 1423
2008 1424
2007 1424
2006 1425
2005 1425
2004 1425
2003 1426
2002 1426
2001 1427
2000 1427
1999 1427
1998 1428
1997 1429
1996 1429
1995 1429
1994 1430
1993 1430
1992 1430
1991 1430
1990 1430
1989 1430
1988 1430
1987 1431
1986 1432
1985 1432
1984 1433
1983 1433
1982 1434
1981 1434
1980 1435
1979 1435
1978 1436
1977 1436
1976 1437
1975 1438
1974 1439
1973 1440
1972 1441
1971 1442
1970 1443
1970 1444
1969 1445
1968 1446
1968 1447
1967 1448
1967 1449
1966 1450
1966 1451
1966 1452
1966 1453
1965 1454
1965 1455
1965 1456
1964 1457
1963 1458
1963 1459
1962 1460
1961 1460
1961 1461
1960 1462
1960 1463
1959 1464
1959 1465
1958 1466
1958 1467
1957 1468
1956 1469
1955 1470
1954 1470
1953 1471
1952 1471
1951 1472
1950 1472
1949 1473
1948 1473
1947 1473
1946 1474
1945 1474
1944 1475
1943 1475
1942 1476
1941 1477
1940 1478
1939 1478
1938 1479
1938 1480
1937 1481
1936 1481
1936 1482
1935 1483
1934 1483
1933 1484
1933 1485
1932 1486
1931 1486
1930 1487
1929 1487
1929 1488
1928 1489
1927 1489
1926 1490
1925 1491
1924 1491
1924 1492
1924 1493
1923 1494
1922 1495
1921 1496
1920 1497
1920 1498
1919 1499
1918 1500
1917 1501
1916 1501
1915 1502
1915 1503
1914 1504
1913 1505
1913 1506
1912 1507
1911 1508
1910 1509
1910 1510
1909 1511
1908 1511
1908 1512
1907 1513
1906 1514
1905 1515
1904 1516
1904 1517
1904 1518
1903 1519
1903 1520
1902 1521
1901 1522
1901 1523
1900 1524
1899 1525
1899 1526
1898 1527
1898 1528
1897 1529
1897 1530
1896 1531
1895 1532
1895 1533
1894 1534
1894 1535
1893 1536
1892 1536
1892 1537
1892 1538
1891 1539
1890 1540
1890 1541
1890 1542
1890 1543
1889 1544
1889 1545
1888 1546
1888 1547
1888 1548
1888 1549
1887 1550
1886 1550
1886 1551
1886 1552
1885 1553
1885 1554
1884 1555
1884 1556
1884 1557
1883 1558
1883 1559
1883 1560
1883 1561
1882 1562
1882 1563
1881 1564
1881 1565
1880 1566
1879 1567
1879 1568
1878 1569
1878 1570
1878 1571
1877 1572
1877 1573
1876 1574
1876 1575
1876 1576
1875 1577
1875 1578
1875 1579
1874 1580
1874 1581
1874 1582
1874 1583
1873 1584
1873 1585
1873 1586
1873 1587
1873 1588
1873 1589
1873 1590
1873 1591
1873 1592
1873 1593
1873 1594
1873 1595
1873 1596
1873 1597
1873 1598
1873 1599
1873 1600
1873 1601
1873 1602
1873 1603
1873 1604
1873 1605
1873 1606
1873 1607
1873 1608
1873 1609
1873 1610
1873 1611
1873 1612
1873 1613
1873 1614
1873 1615
1872 1616
1872 1617
1872 1618
1872 1619
1871 1620
1871 1621
1870 1622
1870 1623
1870 1624
1870 1625
1869 1626
1868 1627
1868 1628
1868 1629
1867 1630
1866 1631
1866 1632
1866 1633
1865 1634
1865 1635
1865 1636
1865 1637
1865 1638
1865 1639
1865 1640
1865 1641
1865 1642
1865 1643
1865 1644
1865 1645
1865 1646
1865 1647
1865 1648
1865 1649
1865 1650
1865 1651
1865 1652
1865 1653
1865 1654
1865 1655
1865 1656
1865 1657
1865 1658
1865 1659
1865 1660
1865 1661
1865 1662
1865 1663
1865 1664
1865 1665
1864 1666
1864 1667
1864 1668
1863 1669
1862 1670
1862 1671
1861 1672
1861 1673
1860 1674
1859 1674
1859 1675
1858 1676
1857 1676
1857 1677
1856 1678
1855 1678
1855 1679
1854 1680
1854 1681
1853 1682
1852 1683
1851 1684
1851 1685
1850 1686
1849 1687
1848 1688
1847 1689
1846 1690
1845 1691
1845 1692
1844 1693
1843 1694
1843 1695
1843 1696
1843 1697
1843 1698
1843 1699
1843 1700
1843 1701
1843 1702
1843 1703
1843 1704
1843 1705
1843 1706
1843 1707
1843 1708
1843 1709
1843 1710
1843 1711
1843 1712
1843 1713
1843 1714
1843 1715
1843 1716
1843 1717
1844 1718
1845 1719
1845 1720
1846 1720
1847 1721
1848 1722
1848 1723
1849 1724
1849 1725
1850 1726
1850 1727
1850 1728
1851 1729
1851 1730
1852 1731
1853 1732
1853 1733
1854 1734
1855 1734
1856 1735
1856 1736
1857 1736
1858 1737
1859 1738
1859 1739
1860 1740
1860 1741
1861 1742
1861 1743
1861 1744
1861 1745
1861 1746
1861 1747
1861 1748
1861 1749
1862 1750
1862 1751
1862 1752
1863 1753
1863 1754
1864 1755
1865 1756
1866 1757
1866 1758
1867 1759
1868 1760
1869 1761
1870 1762
1870 1763
1871 1764
1871 1765
1872 1766
1872 1767
1872 1768
1873 1769
1873 1770
1873 1771
1874 1772
1874 1773
1874 1774
1874 1775
1875 1776
1875 1777
1876 1778
1876 1779
1876 1780
1876 1781
1877 1782
1877 1783
1877 1784
1877 1785
1878 1786
1878 1787
1879 1788
1879 1789
1880 1790
1881 1791
1881 1792
1882 1793
1882 1794
1882 1795
1883 1796
1883 1797
1884 1798
1884 1799
1884 1800
1885 1801
1885 1802
1886 1803
1886 1804
1886 1805
1887 1806
1888 1807
1888 1808
1889 1809
1889 1810
1890 1811
1891 1812
1891 1813
1892 1814
1892 1815
1893 1815
1894 1816
1894 1817
1895 1818
1895 1819
1896 1819
1897 1820
1897 1821
1898 1821
1899 1822
1899 1823
1900 1824
1901 1825
1901 1826
1902 1827
1903 1828
1903 1829
1904 1829
1905 1830
1906 1831
1906 1832
1907 1833
1908 1834
1909 1834
1910 1835
1911 1836
1911 1837
1912 1838
1913 1838
1914 1839
1914 1840
1915 1840
1916 1841
1916 1842
1916 1843
1917 1843
1918 1844
1919 1845
1920 1846
1921 1847
1922 1848
1923 1849
1924 1850
1925 1850
1926 1850
1927 1851
1928 1851
1929 1852
1930 1852
1931 1853
1932 1854
1933 1854
1934 1855
1935 1856
1936 1856
1937 1857
1937 1858
1938 1858
1939 1859
1940 1860
1941 1860
1942 1860
1943 1861
1944 1861
1945 1862
1946 1862
1947 1862
1948 1863
1948 1864
1949 1864
1950 1865
1950 1866
1951 1866
1952 1866
1953 1867
1954 1867
1955 1868
1956 1868
1957 1868
1958 1869
1959 1869
1960 1870
1961 1870
1962 1871
1963 1871
1964 1872
1965 1872
1966 1873
1967 1873
1968 1874
1969 1874
1970 1875
1971 1876
1972 1876
1973 1876
1974 1876
1975 1877
1976 1878
1977 1878
1978 1879
1979 1880
1980 1880
1981 1881
1982 1882
1983 1883
1984 1883
1985 1884
1985 1885
1986 1885
1987 1886
1987 1887
1988 1887
1989 1888
1990 1889
1990 1890
1991 1891
1992 1891
1993 1892
1994 1893
1995 1894
1996 1894
1997 1895
1998 1895
1999 1896
1999 1897
2000 1898
2001 1898
2002 1899
2003 1900
2003 1901
2004 1902
2005 1902
2006 1903
2006 1904
2007 1905
2008 1906
2009 1906
2010 1907
2011 1908
2011 1909
2012 1910
2013 1910
2014 1911
2014 1912
2015 1913
2016 1914
2017 1914
2018 1915
2019 1916
2020 1917
2021 1917
2022 1918
2023 1919
2024 1920
2025 1920
2026 1920
2027 1921
2028 1921
2029 1922
2030 1922
2031 1923
2032 1923
2033 1924
2034 1924
2035 1925
2035 1926
2036 1926
2037 1926
2038 1927
2039 1928
2040 1928
2041 1929
2042 1929
2043 1930
2043 1931
2044 1931
2045 1932
2046 1933
2047 1933
2048 1934
2049 1935
2050 1935
2051 1936
2051 1937
2052 1937
2053 1938
2054 1939
2055 1940
2056 1940
2057 1941
2058 1941
2059 1942
2060 1942
2061 1943
2062 1943
2063 1943
2064 1943
2065 1944
2066 1944
2067 1944
2068 1944
2069 1945
2069 1946
2070 1946
2071 1946
2072 1946
2073 1947
2073 1948
2074 1948
2075 1949
2076 1950
2077 1950
2078 1951
2079 1951
2080 1951
2081 1951
2082 1951
2083 1952
2084 1952
2085 1953
2086 1953
2087 1954
2088 1954
2089 1955
2089 1956
2090 1956
2091 1956
2092 1956
2093 1957
2094 1957
2095 1958
2096 1958
2097 1958
2098 1958
2099 1959
2100 1959
2101 1960
2102 1960
2103 1960
2104 1960
2105 1961
2106 1961
2107 1961
2108 1961
2109 1961
2110 1961
2111 1961
2112 1961
2113 1961
2114 1961
2115 1961
2116 1961
2117 1961
2118 1961
2119 1961
2120 1961
2121 1960
2122 1961
2123 1961
2124 1961
2125 1961
2126 1961
2127 1961
2128 1961
2129 1961
2130 1961
2131 1961
2132 1961
2133 1961
2134 1961
2135 1961
2136 1961
2137 1961
2138 1961
2139 1961
2140 1961
2141 1961
2142 1961
2143 1961
2144 1961
2145 1961
2146 1961
2147 1961
2148 1961
2149 1961
2150 1961
2151 1961
2152 1961
2153 1961
2154 1961
2155 1960
2156 1960
2157 1960
2158 1959
2159 1959
2160 1958
2161 1958
2162 1958
2163 1957
2164 1957
2165 1957
2166 1957
2167 1956
2168 1956
2169 1956
2170 1956
2171 1955
2172 1955
2173 1954
2174 1954
2175 1953
2176 1953
2177 1952
2178 1951
2178 1950
2179 1949
2180 1949
2181 1948
2182 1948
2183 1947
2184 1946
2185 1945
2186 1945
2186 1944
2187 1943
2188 1943
2189 1942
2190 1942
2191 1941
2192 1940
2193 1939
2194 1939
2195 1938
2195 1937
2196 1936
2197 1935
2198 1935
2198 1934
2199 1933
2200 1933
2201 1932
2202 1931
2203 1930
2204 1929
2204 1928
2205 1927
2206 1926
2206 1925
2207 1924
2208 1923
2209 1922
2209 1921
2210 1920
2211 1920
2211 1919
2212 1918
2213 1918
2214 1917
2214 1916
2215 1915
2216 1914
2217 1914
2218 1913
2219 1912
2219 1911
2220 1910
2221 1909
2221 1908
2222 1907
2223 1906
2224 1905
2225 1904
2226 1904
2226 1903
2227 1902
2228 1901
2229 1901
2229 1900
2230 1899
2230 1898
2231 1897
2232 1897
2233 1896
2233 1895
2234 1894
2235 1894
2235 1893
2235 1892
2236 1891
2236 1890
2237 1889
2237 1888
2238 1887
2238 1886
2239 1885
2240 1884
2240 1883
2241 1882
2242 1881
2243 1880
2243 1879
2244 1878
2245 1877
2245 1876
2245 1875
2246 1874
2246 1873
2247 1872
2248 1871
2249 1870
2250 1869
2250 1868
2251 1867
2252 1867
2253 1866
2253 1865
2254 1864
2254 1863
2255 1862
2255 1861
2256 1860
2256 1859
2257 1858
2258 1857
2258 1856
2259 1855
2260 1854
2261 1853
2261 1852
2262 1851
2262 1850
2263 1849
2264 1848
2264 1847
2265 1846
2265 1845
2266 1844
2266 1843
2267 1842
2268 1841
2268 1840
2269 1839
2270 1838
2270 1837
2271 1836
2271 1835
2272 1834
2273 1833
2274 1832
2274 1831
2275 1830
2275 1829
2276 1828
2276 1827
2277 1826
2277 1825
2278 1824
2278 1823
2279 1822
2279 1821
2280 1820
2280 1819
2281 1818
2282 1817
2283 1816
2283 1815
2284 1814
2285 1814
2286 1813
2286 1812
2287 1811
2288 1810
2288 1809
2288 1808
2288 1807
2288 1806
2289 1805
2289 1804
2289 1803
2290 1802
2290 1801
2291 1800
2291 1799
2291 1798
2292 1797
2292 1796
2292 1795
2292 1794
2292 1793
2292 1792
2293 1791
2293 1790
2293 1789
2294 1788
2294 1787
2295 1786
2295 1785
2295 1784
2296 1783
2296 1782
2296 1781
2296 1780
2297 1779
2297 1778
2297 1777
2297 1776
2298 1775
2298 1774
2299 1773
2299 1772
2299 1771
2299 1770
2300 1769
2301 1769
2301 1768
2301 1767
2301 1766
2302 1765
2302 1764
2302 1763
2302 1762
2302 1761
2302 1760
2302 1759
2302 1758
2302 1757
2302 1756
2303 1755
2303 1754
2303 1753
2304 1752
2304 1751
2305 1750
2305 1749
2306 1748
2307 1747
2307 1746
2307 1745
2307 1744
2308 1743
2309 1743
2309 1742
2309 1741
2309 1740
2310 1739
2310 1738
2311 1737
2311 1736
2311 1735
2311 1734
2312 1733
2312 1732
2312 1731
2312 1730
2312 1729
2312 1728
2312 1727
2312 1726
2312 1725
2312 1724
2312 1723
2312 1722
2312 1721
2312 1720
2312 1719
2312 1718
2312 1717
2312 1716
2312 1715
2312 1714
2312 1713
2312 1712
2312 1711
2312 1710
2312 1709
2312 1708
2312 1707
2312 1706
2312 1705
2312 1704
2312 1703
2312 1702
2312 1701
2312 1700
2312 1699
2312 1698
2312 1697
2312 1696
2312 1695
2312 1694
2312 1693
2312 1692
2312 1691
2312 1690
2312 1689
2312 1688
2312 1687
2312 1686
2312 1685
2312 1684
2311 1683
2311 1682
2311 1681
2310 1680
2310 1679
2310 1678
2310 1677
2310 1676
2310 1675
2310 1674
2310 1673
2310 1672
2310 1671
2310 1670
2309 1669
2309 1668
2309 1667
2309 1666
2308 1665
2308 1664
2308 1663
2308 1662
2308 1661
2308 1660
2308 1659
2308 1658
2308 1657
2308 1656
2308 1655
2308 1654
2308 1653
2308 1652
2308 1651
2308 1650
2308 1649
2308 1648
2308 1647
2308 1646
2308 1645
2308 1644
2308 1643
2308 1642
2308 1641
2308 1640
2308 1639
2308 1638
2308 1637
2308 1636
2308 1635
2308 1634
2307 1633
2307 1632
2307 1631
2307 1630
2306 1629
2306 1628
2306 1627
2306 1626
2306 1625
2306 1624
2305 1623
2305 1622
2305 1621
2305 1620
2304 1619
2304 1618
2304 1617
2304 1616
2303 1615
2303 1614
2303 1613
2303 1612
2302 1611
2302 1610
2302 1609
2301 1608
2301 1607
2300 1606
2300 1605
2299 1604
2299 1603
2298 1602
2298 1601
2297 1600
2297 1599
2297 1598
2296 1597
2296 1596
2296 1595
2296 1594
2296 1593
2296 1592
2296 1591
2296 1590
2296 1589
2296 1588
2295 1587
2295 1586
2295 1585
2295 1584
2294 1583
2294 1582
2294 1581
2294 1580
2293 1579
2293 1578
2293 1577
2293 1576
2292 1575
2292 1574
2292 1573
2292 1572
2292 1571
2292 1570
2292 1569
2292 1568
2292 1567
2292 1566
2292 1565
2292 1564
2291 1563
2291 1562
2291 1561
2291 1560
2290 1559
2289 1558
2289 1557
2288 1556
2288 1555
2287 1554
2287 1553
2287 1552
2286 1551
2286 1550
2285 1549
2285 1548
2285 1547
2285 1546
2284 1546
2283 1545
2283 1544
2283 1543
2282 1542
2282 1541
2281 1540
2280 1539
2279 1538
2279 1537
2278 1537
2277 1536
2277 1535
2276 1535
2275 1534
2274 1533
2274 1532
2273 1531
2272 1531
2271 1530
2271 1529
2270 1529
2269 1528
2269 1527
2268 1527
2267 1526
2267 1525
2266 1524
2265 1523
2264 1522
2264 1521
2263 1520
2263 1519
2263 1518
2262 1517
2262 1516
2261 1515
2261 1514
2261 1513
2260 1512
2260 1511
2260 1510
2259 1509
2259 1508
2259 1507
2259 1506
2258 1505
2258 1504
2258 1503
2258 1502
2258 1501
2258 1500
2257 1499
2257 1498
2257 1497
2256 1496
2256 1495
2255 1494
2254 1493
2254 1492
2253 1491
2253 1490
2252 1490
2251 1489
2251 1488
2251 1487
2250 1486
2250 1485
2249 1484
2248 1483
2247 1482
2247 1481
2246 1480
2245 1479
2244 1478
2244 1477
2243 1476
2242 1475
2242 1474
2241 1473
2240 1472
2240 1471
2240 1470
2239 1469
2239 1468
2239 1467
2239 1466
2238 1465
2237 1464
2237 1463
2236 1463
2235 1462
2234 1461
2234 1460
2233 1459
2232 1458
2232 1457
2231 1456
2230 1455
2230 1454
2229 1453
2229 1452
2228 1451
2227 1450
2226 1449
2226 1448
2225 1447
2224 1446
2224 1445
2223 1444
2223 1443
2222 1442
2222 1441
2221 1440
2221 1439
2220 1438
2220 1437
2219 1436
2219 1435
2218 1434
2218 1433
2217 1432
2216 1431
2215 1430
2214 1429
2214 1428
2213 1427
2212 1427
2211 1426
2211 1425
2210 1424
2209 1423
2208 1423
2207 1422
2206 1421
2206 1420
2205 1419
2204 1419
2203 1418
2203 1417
2202 1416
2201 1415
2200 1415
2199 1414
2198 1413
2197 1412
2196 1412
2195 1411
2194 1410
2193 1409
2192 1409
2191 1408
2190 1407
2189 1407
2188 1406
2187 1406
2186 1405
2185 1405
2184 1404
2183 1403
2182 1403
2181 1403
2180 1402
2180 1401
2179 1401
2178 1400
2177 1400
2176 1399
2175 1398
2174 1397
2173 1397
2172 1397
2171 1397
2170 1396
2169 1396
2168 1395
2167 1395
2166 1395
2165 1395
2164 1394
2163 1394
2162 1393
2161 1393
2160 1393
2159 1393
2158 1392
2157 1392
2156 1392
2155 1392
2154 1391
2153 1391
2152 1391
2151 1391
2150 1390
2149 1390
2148 1390
2147 1390
2146 1390
2145 1390
2144 1390
2143 1390
2142 1390
2141 1390
2140 1390
2139 1390
2138 1390
2137 1390
2136 1390
2135 1390
2134 1390
2133 1390
2132 1391
2131 1391
2130 1391
2129 1391
2128 1392
2127 1392
2126 1392
2125 1392
2124 1392
2123 1392
2122 1391
2121 1391
2120 1390
2119 1390
2118 1390
2117 1390
2116 1390
2115 1390
2114 1390
2113 1390
2112 1390
2111 1390
2110 1390
2109 1390
2108 1390
2107 1390
2106 1390
2105 1390
