3425 146
3424 147
3423 147
3422 147
3421 147
3421 148
3420 149
3419 149
3418 150
3417 150
3416 150
3415 150
3414 150
3413 149
3412 148
3411 148
3410 148
3409 148
3408 148
3407 148
3406 148
3405 148
3404 148
3403 148
3402 148
3401 148
3400 149
3399 149
3398 149
3397 149
3396 150
3395 150
3394 150
3393 150
3392 150
3391 150
3390 150
3389 150
3388 150
3387 150
3386 150
3385 150
3384 150
3383 150
3382 150
3381 150
3380 150
3379 150
3378 151
3377 151
3376 151
3375 151
3374 152
3373 152
3372 153
3371 153
3370 153
3369 153
3369 154
3368 155
3367 155
3366 155
3365 155
3364 156
3363 156
3362 157
3361 157
3360 157
3359 157
3358 158
3357 158
3356 159
3355 159
3354 159
3353 159
3352 160
3351 160
3350 161
3349 161
3348 161
3347 162
3346 162
3345 163
3344 163
3343 164
3342 165
3341 165
3340 165
3339 165
3338 166
3337 167
3336 167
3335 168
3334 168
3333 169
3332 170
3331 170
3330 171
3329 171
3329 172
3328 173
3327 173
3326 174
3325 174
3324 175
3323 176
3322 177
3321 177
3321 178
3320 179
3319 179
3318 180
3317 180
3317 181
3316 182
3315 183
3314 183
3314 184
3313 185
3312 185
3312 186
3311 187
3310 188
3309 189
3309 190
3308 191
3307 192
3306 193
3305 193
3305 194
3304 195
3303 195
3302 196
3301 196
3300 197
3299 198
3298 198
3297 199
3296 200
3295 200
3294 201
3293 202
3292 203
3291 203
3290 204
3289 205
3288 205
3287 206
3286 207
3285 208
3285 209
3284 210
3283 211
3282 212
3281 213
3280 214
3279 215
3278 216
3277 217
3277 218
3276 219
3275 220
3275 221
3274 222
3273 223
3272 223
3271 224
3270 225
3270 226
3269 227
3269 228
3268 229
3267 230
3266 231
3265 232
3264 233
3264 234
3263 235
3262 235
3262 236
3261 237
3260 238
3260 239
3259 240
3258 241
3258 242
3257 243
3257 244
3257 245
3256 246
3256 247
3255 248
3255 249
3254 250
3253 250
3253 251
3252 252
3251 253
3250 254
3250 255
3250 256
3249 257
3249 258
3248 259
3247 260
3247 261
3246 262
3246 263
3245 264
3244 264
3244 265
3243 266
3243 267
3242 268
3241 269
3241 270
3240 271
3240 272
3239 273
3238 274
3238 275
3237 276
3237 277
3236 278
3236 279
3235 280
3234 281
3233 282
3233 283
3232 284
3231 285
3231 286
3230 287
3230 288
3230 289
3229 290
3228 291
3228 292
3228 293
3227 294
3226 295
3226 296
3225 297
3225 298
3225 299
3224 300
3224 301
3224 302
3224 303
3223 304
3223 305
3222 306
3222 307
3222 308
3222 309
3221 310
3221 311
3221 312
3221 313
3220 314
3220 315
3220 316
3220 317
3219 318
3219 319
3219 320
3218 321
3218 322
3218 323
3217 324
3217 325
3216 326
3216 327
3216 328
3216 329
3215 330
3215 331
3215 332
3215 333
3214 334
3214 335
3214 336
3214 337
3213 338
3213 339
3213 340
3213 341
3213 342
3213 343
3212 344
3212 345
3212 346
3212 347
3211 348
3211 349
3211 350
3211 351
3211 352
3211 353
3211 354
3211 355
3211 356
3211 357
3211 358
3211 359
3211 360
3211 361
3211 362
3211 363
3210 364
3210 365
3210 366
3210 367
3209 368
3209 369
3209 370
3209 371
3209 372
3209 373
3209 374
3209 375
3209 376
3209 377
3208 378
3208 379
3208 380
3208 381
3207 382
3207 383
3207 384
3207 385
3207 386
3207 387
3207 388
3207 389
3207 390
3207 391
3206 392
3206 393
3206 394
3206 395
3205 396
3205 397
3205 398
3205 399
3205 400
3205 401
3205 402
3205 403
3205 404
3205 405
3205 406
3205 407
3205 408
3205 409
3205 410
3205 411
3205 412
3205 413
3206 414
3207 415
3207 416
3207 417
3207 418
3206 419
3205 420
3205 421
3205 422
3205 423
3205 424
3205 425
3205 426
3205 427
3205 428
3205 429
3205 430
3205 431
3205 432
3205 433
3205 434
3205 435
3205 436
3205 437
3205 438
3205 439
3205 440
3205 441
3205 442
3205 443
3205 444
3205 445
3205 446
3205 447
3205 448
3205 449
3205 450
3205 451
3205 452
3205 453
3205 454
3205 455
3205 456
3205 457
3205 458
3205 459
3205 460
3205 461
3205 462
3205 463
3205 464
3205 465
3206 466
3206 467
3206 468
3206 469
3207 470
3207 471
3207 472
3207 473
3207 474
3207 475
3207 476
3207 477
3207 478
3207 479
3207 480
3207 481
3207 482
3207 483
3207 484
3207 485
3208 486
3208 487
3208 488
3208 489
3209 490
3209 491
3209 492
3209 493
3209 494
3209 495
3209 496
3209 497
3209 498
3209 499
3209 500
3209 501
3210 502
3210 503
3210 504
3211 505
3211 506
3212 507
3212 508
3212 509
3213 510
3213 511
3213 512
3213 513
3214 514
3214 515
3214 516
3214 517
3215 518
3215 519
3215 520
3215 521
3216 522
3216 523
3216 524
3216 525
3217 526
3217 527
3217 528
3217 529
3217 530
3217 531
3217 532
3217 533
3218 534
3218 535
3218 536
3218 537
3219 537
3220 538
3220 539
3220 540
3220 541
3221 542
3221 543
3222 544
3222 545
3222 546
3222 547
3223 548
3223 549
3223 550
3223 551
3224 552
3224 553
3224 554
3224 555
3225 556
3225 557
3226 558
3226 559
3226 560
3226 561
3227 562
3227 563
3228 564
3228 565
3228 566
3228 567
3229 567
3230 568
3230 569
3230 570
3230 571
3231 572
3231 573
3232 574
3232 575
3232 576
3233 577
3233 578
3234 579
3234 580
3234 581
3235 582
3236 583
3236 584
3237 585
3237 586
3238 587
3238 588
3238 589
3239 590
3240 591
3240 592
3241 593
3242 594
3243 595
3244 596
3244 597
3245 598
3245 599
3246 600
3247 601
3247 602
3248 603
3249 604
3250 605
3250 606
3251 607
3252 608
3253 609
3254 610
3255 611
3255 612
3256 613
3256 614
3257 615
3257 616
3258 617
3259 618
3259 619
3260 620
3261 621
3262 622
3263 623
3263 624
3264 625
3265 626
3266 627
3267 628
3267 629
3268 630
3269 630
3270 631
3270 632
3271 633
3272 634
3273 635
3274 635
3275 636
3275 637
3276 637
3277 638
3277 639
3278 640
3279 641
3279 642
3280 643
3281 644
3282 645
3282 646
3283 647
3284 648
3285 649
3286 650
3287 651
3288 652
3289 653
3290 653
3291 654
3291 655
3292 655
3293 656
3293 657
3294 657
3295 658
3296 659
3297 660
3298 660
3299 661
3300 661
3301 662
3302 663
3302 664
3303 665
3304 666
3305 666
3306 667
3307 668
3308 668
3309 669
3310 669
3311 670
3312 670
3313 671
3314 672
3315 672
3316 673
3317 674
3318 675
3319 675
3320 676
3321 676
3322 676
3323 677
3323 678
3324 678
3325 678
3326 678
3327 679
3328 679
3329 679
3330 679
3331 679
3332 679
3333 679
3334 679
3335 679
3336 679
3337 680
3338 680
3339 680
3340 680
3341 681
3342 681
3343 681
3344 681
3345 681
3346 681
3347 682
3348 682
3349 682
3350 683
3351 684
3352 684
3353 684
3354 685
3355 686
3356 686
3357 686
3358 686
3359 687
3360 688
3361 688
3362 689
3363 689
3364 690
3365 691
3366 692
3367 693
3368 693
3369 694
3370 695
3371 695
3372 696
3373 696
3374 696
3375 697
3376 697
3377 698
3378 698
3379 698
3380 698
3381 699
3382 699
3383 700
3384 700
3385 700
3386 701
3387 701
3388 701
3389 701
3390 701
3391 701
3392 701
3393 701
3394 701
3395 701
3396 701
3397 701
3398 701
3399 701
3400 701
3401 701
3402 701
3403 701
3404 701
3405 701
3406 701
3407 701
3408 701
3409 702
3410 702
3411 702
3412 702
3413 703
3414 703
3415 703
3416 703
3417 703
3418 703
3419 703
3420 703
3421 702
3422 702
3423 702
3424 702
3425 701
3426 701
3427 701
3428 701
3429 701
3430 701
3431 701
3432 701
3433 701
3434 701
3435 701
3436 701
3437 701
3438 701
3439 701
3440 700
3441 700
3442 700
3443 699
3444 699
3445 699
3446 699
3447 698
3448 698
3449 698
3450 698
3451 697
3452 697
3453 696
3454 696
3455 695
3456 695
3457 694
3458 694
3459 693
3460 693
3461 693
3462 693
3463 692
3464 692
3465 692
3466 692
3467 691
3468 691
3469 690
3470 690
3471 690
3472 690
3473 689
3474 689
3475 689
3476 689
3477 689
3478 689
3479 688
3480 688
3481 688
3481 687
3482 686
3483 686
3484 685
3484 684
3485 683
3486 683
3487 682
3488 682
3488 681
3489 680
3490 680
3491 679
3492 678
3493 678
3494 677
3495 676
3496 675
3497 674
3498 673
3499 672
3499 671
3500 670
3501 670
3502 669
3502 668
3503 667
3504 666
3505 666
3506 665
3507 664
3508 663
3509 662
3510 662
3511 661
3512 660
3513 660
3514 660
3515 659
3516 658
3517 658
3518 658
3519 657
3520 656
3521 656
3521 655
3522 654
3523 653
3524 653
3524 652
3525 651
3526 651
3527 650
3527 649
3528 648
3529 648
3529 647
3530 646
3531 646
3531 645
3532 644
3533 644
3533 643
3534 642
3535 642
3535 641
3536 640
3537 640
3537 639
3538 638
3539 638
3539 637
3540 636
3541 636
3541 635
3542 634
3543 634
3543 633
3544 632
3545 632
3546 631
3547 630
3547 629
3548 628
3549 627
3549 626
3550 625
3550 624
3550 623
3550 622
3550 621
3550 620
3550 619
3550 618
3550 617
3551 616
3552 615
3553 614
3554 613
3555 612
3556 612
3557 611
3558 611
3559 610
3560 610
3561 609
3562 608
3563 607
3563 606
3564 605
3564 604
3565 603
3565 602
3566 601
3567 600
3567 599
3567 598
3568 597
3568 596
3569 595
3569 594
3569 593
3569 592
3570 591
3570 590
3570 589
3570 588
3571 587
3571 586
3571 585
3571 584
3572 583
3572 582
3572 581
3572 580
3573 579
3573 578
3573 577
3573 576
3574 575
3574 574
3574 573
3574 572
3575 571
3575 570
3575 569
3576 568
3576 567
3576 566
3577 565
3577 564
3577 563
3578 562
3578 561
3579 560
3579 559
3579 558
3580 557
3581 557
3581 556
3581 555
3581 554
3582 553
3582 552
3582 551
3582 550
3583 549
3583 548
3583 547
3583 546
3584 545
3584 544
3584 543
3584 542
3584 541
3584 540
3584 539
3584 538
3584 537
3584 536
3585 535
3585 534
3586 533
3586 532
3587 531
3588 530
3588 529
3589 528
3589 527
3589 526
3590 525
3590 524
3591 523
3591 522
3591 521
3591 520
3592 519
3592 518
3592 517
3592 516
3593 515
3593 514
3593 513
3593 512
3594 511
3594 510
3595 509
3595 508
3596 507
3596 506
3597 505
3597 504
3598 503
3598 502
3598 501
3598 500
3598 499
3598 498
3598 497
3598 496
3598 495
3598 494
3598 493
3598 492
3598 491
3598 490
3598 489
3599 488
3599 487
3599 486
3600 485
3600 484
3600 483
3600 482
3600 481
3600 480
3600 479
3600 478
3600 477
3600 476
3600 475
3600 474
3600 473
3600 472
3601 471
3601 470
3601 469
3601 468
3602 467
3602 466
3602 465
3602 464
3602 463
3602 462
3602 461
3602 460
3602 459
3602 458
3602 457
3602 456
3602 455
3602 454
3602 453
3602 452
3602 451
3602 450
3602 449
3602 448
3602 447
3602 446
3602 445
3602 444
3603 443
3603 442
3603 441
3603 440
3604 439
3604 438
3604 437
3604 436
3604 435
3604 434
3604 433
3604 432
3604 431
3604 430
3604 429
3604 428
3604 427
3604 426
3604 425
3604 424
3604 423
3604 422
3604 421
3604 420
3605 419
3605 418
3604 417
3604 416
3605 415
3605 414
3604 413
3604 412
3603 411
3603 410
3603 409
3603 408
3603 407
3603 406
3603 405
3603 404
3604 403
3604 402
3603 401
3603 400
3603 399
3603 398
3602 397
3602 396
3601 395
3601 394
3601 393
3601 392
3600 391
3600 390
3600 389
3600 388
3600 387
3600 386
3599 385
3599 384
3599 383
3599 382
3598 381
3598 380
3598 379
3598 378
3598 377
3598 376
3598 375
3598 374
3598 373
3598 372
3598 371
3598 370
3598 369
3598 368
3598 367
3598 366
3598 365
3598 364
3598 363
3598 362
3598 361
3598 360
3598 359
3598 358
3598 357
3598 356
3598 355
3598 354
3598 353
3598 352
3598 351
3598 350
3598 349
3598 348
3597 347
3597 346
3597 345
3596 344
3596 343
3595 342
3595 341
3595 340
3594 339
3593 338
3593 337
3592 336
3592 335
3591 334
3591 333
3591 332
3590 331
3590 330
3590 329
3589 328
3589 327
3589 326
3588 325
3588 324
3587 323
3587 322
3587 321
3586 320
3586 319
3586 318
3586 317
3586 316
3586 315
3586 314
3586 313
3585 312
3585 311
3585 310
3584 309
3584 308
3584 307
3584 306
3584 305
3584 304
3584 303
3584 302
3584 301
3584 300
3584 299
3584 298
3584 297
3584 296
3584 295
3584 294
3584 293
3584 292
3583 291
3583 290
3583 289
3583 288
3582 287
3582 286
3582 285
3582 284
3581 283
3581 282
3581 281
3581 280
3580 279
3580 278
3579 277
3579 276
3579 275
3579 274
3578 274
3577 273
3577 272
3577 271
3577 270
3576 269
3576 268
3575 267
3575 266
3575 265
3574 264
3573 263
3573 262
3572 261
3572 260
3571 259
3571 258
3570 257
3569 256
3569 255
3569 254
3568 253
3568 252
3567 251
3567 250
3567 249
3566 248
3566 247
3565 246
3565 245
3565 244
3564 243
3563 242
3563 241
3562 240
3561 239
3560 238
3560 237
3559 236
3558 235
3558 234
3557 233
3557 232
3556 231
3555 230
3554 229
3554 228
3553 227
3552 226
3551 225
3550 224
3549 223
3549 222
3548 221
3548 220
3547 219
3547 218
3546 217
3545 216
3545 215
3544 214
3544 213
3543 212
3542 211
3542 210
3541 209
3540 208
3540 207
3539 206
3538 205
3538 204
3537 204
3536 203
3535 202
3535 201
3534 200
3533 200
3532 199
3531 198
3530 197
3529 197
3528 196
3527 196
3526 195
3525 194
3525 193
3524 192
3523 191
3522 190
3522 189
3521 188
3521 187
3520 187
3519 186
3518 185
3517 184
3516 184
3515 183
3514 182
3513 181
3512 180
3511 180
3510 179
3510 178
3509 178
3508 177
3507 176
3507 175
3506 174
3505 174
3504 173
3503 173
3502 172
3501 172
3500 171
3499 171
3498 170
3497 169
3496 169
3495 168
3495 167
3494 167
3493 166
3492 166
3491 165
3490 164
3489 163
3488 163
3487 162
3486 161
3485 161
3484 160
3483 159
3482 159
3481 158
3480 157
3479 157
3478 157
3477 157
3476 156
3475 156
3474 155
3473 155
3472 155
3471 155
3470 154
3469 154
3468 153
3467 153
3466 153
3465 153
3464 152
3463 152
3462 151
3461 151
3460 151
3459 150
3458 150
3457 149
3456 149
3455 148
3454 148
3453 148
3452 148
3451 148
3450 148
3449 148
3448 148
3447 148
3446 148
3445 148
3444 148
3443 148
3442 148
3441 148
3440 148
3439 148
3438 148
3437 148
3436 148
3435 148
3434 148
3433 148
3432 148
3431 148
3430 147
3429 147
3428 147
3427 146
3426 146
3425 146
