346 801
345 802
344 802
343 802
342 802
341 803
340 803
339 804
338 804
337 804
336 804
335 805
334 805
333 805
332 805
331 805
330 805
329 805
328 805
327 805
326 805
325 805
324 805
323 805
322 805
321 806
320 806
319 807
318 807
317 808
316 809
315 809
314 810
313 811
312 811
312 812
311 813
310 813
309 814
308 815
307 816
306 816
305 816
304 817
303 817
302 818
301 819
300 819
299 820
298 820
298 821
297 822
296 822
295 822
294 822
293 823
292 823
291 824
290 824
289 825
288 826
287 826
287 827
286 828
285 828
285 829
284 830
283 830
283 831
282 832
281 832
281 833
280 834
279 834
279 835
278 836
277 837
276 837
276 838
275 839
275 840
274 841
273 841
273 842
273 843
273 844
272 845
272 846
271 847
271 848
270 849
269 850
269 851
268 852
268 853
267 854
266 855
265 856
264 857
264 858
263 859
263 860
262 861
262 862
261 863
261 864
260 865
260 866
259 867
259 868
258 869
258 870
258 871
258 872
257 873
257 874
256 875
255 876
255 877
254 878
254 879
253 880
253 881
252 882
251 883
250 884
250 885
249 886
248 887
248 888
247 889
246 890
245 891
245 892
244 893
243 893
243 894
243 895
243 896
242 897
242 898
241 899
241 900
241 901
240 902
240 903
239 904
239 905
239 906
238 907
237 907
237 908
237 909
237 910
236 911
236 912
236 913
236 914
236 915
236 916
236 917
236 918
235 919
235 920
235 921
235 922
234 923
234 924
234 925
234 926
233 927
233 928
233 929
233 930
232 931
232 932
231 933
231 934
230 935
230 936
229 937
228 937
227 938
226 939
226 940
225 941
225 942
224 943
224 944
224 945
224 946
223 947
223 948
222 949
222 950
221 951
221 952
220 953
220 954
220 955
220 956
220 957
220 958
220 959
220 960
220 961
220 962
219 963
219 964
218 965
218 966
217 967
217 968
216 969
215 969
215 970
215 971
215 972
214 973
214 974
214 975
214 976
213 977
213 978
212 979
211 980
211 981
210 982
209 983
209 984
208 985
208 986
208 987
208 988
208 989
208 990
208 991
208 992
208 993
208 994
208 995
208 996
208 997
208 998
208 999
208 1000
208 1001
208 1002
208 1003
208 1004
208 1005
208 1006
208 1007
208 1008
208 1009
208 1010
208 1011
208 1012
208 1013
208 1014
208 1015
208 1016
208 1017
208 1018
208 1019
208 1020
208 1021
208 1022
208 1023
208 1024
208 1025
208 1026
208 1027
208 1028
208 1029
208 1030
208 1031
208 1032
207 1033
207 1034
207 1035
207 1036
206 1037
206 1038
206 1039
206 1040
206 1041
206 1042
206 1043
206 1044
206 1045
206 1046
207 1047
207 1048
207 1049
208 1050
208 1051
209 1052
209 1053
209 1054
210 1055
210 1056
210 1057
210 1058
211 1059
211 1060
211 1061
211 1062
212 1062
213 1063
213 1064
213 1065
213 1066
214 1067
215 1068
215 1069
215 1070
216 1071
216 1072
216 1073
216 1074
216 1075
216 1076
217 1077
217 1078
217 1079
217 1080
218 1081
219 1082
219 1083
219 1084
220 1085
221 1086
222 1087
222 1088
223 1089
223 1090
224 1091
224 1092
225 1093
225 1094
225 1095
225 1096
226 1097
226 1098
227 1099
227 1100
227 1101
228 1102
229 1103
229 1104
230 1104
231 1105
231 1106
232 1107
232 1108
233 1109
234 1110
234 1111
235 1112
236 1113
236 1114
237 1115
238 1116
239 1117
240 1118
240 1119
241 1120
241 1121
242 1122
243 1123
244 1124
244 1125
245 1126
246 1127
247 1128
248 1129
248 1130
249 1131
249 1132
250 1133
250 1134
251 1135
251 1136
252 1137
252 1138
253 1138
254 1139
254 1140
255 1141
256 1142
257 1143
257 1144
258 1144
259 1145
259 1146
260 1147
260 1148
261 1148
262 1149
263 1150
263 1151
264 1151
265 1152
265 1153
266 1154
267 1154
268 1155
268 1156
269 1157
269 1158
270 1159
271 1160
272 1161
272 1162
273 1163
274 1163
275 1164
276 1165
276 1166
277 1167
277 1168
278 1169
279 1170
280 1171
280 1172
281 1172
282 1173
283 1174
284 1174
285 1174
286 1174
287 1174
288 1174
289 1174
290 1175
291 1175
292 1176
293 1177
294 1178
295 1178
296 1179
297 1180
298 1181
298 1182
299 1182
300 1183
301 1184
302 1184
303 1185
304 1185
305 1186
306 1186
307 1187
308 1187
309 1188
310 1188
311 1189
312 1189
313 1189
314 1190
315 1190
316 1190
317 1190
318 1190
319 1190
320 1190
321 1190
322 1190
323 1190
324 1191
325 1191
326 1191
327 1191
328 1192
329 1192
330 1193
331 1193
332 1193
333 1193
334 1194
334 1195
335 1195
336 1195
337 1195
338 1196
339 1196
340 1196
341 1196
342 1196
343 1196
344 1196
345 1196
346 1196
347 1196
348 1196
349 1196
350 1195
351 1195
352 1194
353 1193
354 1193
355 1193
356 1192
357 1192
358 1192
359 1192
360 1192
361 1192
362 1192
363 1192
364 1192
365 1192
366 1191
367 1191
368 1191
368 1190
369 1189
370 1189
371 1189
372 1188
373 1188
374 1187
375 1187
376 1187
376 1186
377 1185
378 1185
379 1185
380 1184
381 1184
382 1184
383 1184
384 1184
385 1184
386 1184
387 1184
388 1184
389 1184
390 1183
391 1183
392 1183
393 1182
394 1181
395 1181
396 1180
397 1180
398 1180
399 1180
400 1180
401 1180
402 1180
403 1180
404 1180
405 1180
406 1180
407 1180
408 1180
409 1180
410 1180
411 1180
412 1180
413 1180
414 1179
415 1179
416 1179
417 1178
418 1178
419 1177
420 1176
421 1175
421 1174
422 1173
423 1172
423 1171
424 1170
425 1169
426 1169
427 1168
428 1167
429 1166
430 1166
431 1165
432 1165
433 1165
434 1164
435 1164
436 1163
437 1163
438 1163
438 1162
439 1161
440 1161
440 1160
441 1159
442 1158
442 1157
443 1156
443 1155
444 1154
444 1153
445 1152
446 1152
446 1151
447 1150
448 1149
448 1148
449 1147
450 1147
450 1146
450 1145
451 1144
451 1143
452 1142
452 1141
452 1140
452 1139
453 1138
453 1137
453 1136
453 1135
453 1134
453 1133
453 1132
453 1131
454 1130
454 1129
454 1128
455 1127
455 1126
455 1125
455 1124
455 1123
455 1122
455 1121
455 1120
455 1119
456 1118
456 1117
456 1116
456 1115
457 1114
457 1113
458 1112
458 1111
458 1110
459 1109
459 1108
460 1107
460 1106
460 1105
461 1104
461 1103
462 1102
462 1101
462 1100
462 1099
463 1098
463 1097
464 1096
464 1095
464 1094
464 1093
465 1092
466 1092
466 1091
466 1090
466 1089
467 1088
467 1087
467 1086
467 1085
467 1084
467 1083
468 1082
468 1081
468 1080
468 1079
469 1078
469 1077
469 1076
469 1075
470 1074
471 1073
472 1072
473 1071
474 1070
475 1070
476 1069
476 1068
476 1067
477 1066
477 1065
477 1064
477 1063
477 1062
477 1061
477 1060
477 1059
477 1058
477 1057
476 1056
476 1055
476 1054
476 1053
475 1052
475 1051
475 1050
475 1049
475 1048
475 1047
475 1046
475 1045
475 1044
475 1043
475 1042
475 1041
475 1040
475 1039
475 1038
475 1037
475 1036
475 1035
475 1034
475 1033
475 1032
475 1031
475 1030
475 1029
475 1028
475 1027
476 1026
476 1025
476 1024
477 1023
477 1022
477 1021
477 1020
477 1019
477 1018
477 1017
477 1016
477 1015
477 1014
477 1013
477 1012
477 1011
477 1010
477 1009
477 1008
477 1007
477 1006
477 1005
477 1004
477 1003
477 1002
476 1001
476 1000
476 999
475 998
475 997
475 996
475 995
475 994
475 993
475 992
475 991
475 990
475 989
474 988
474 987
474 986
474 985
473 984
473 983
473 982
473 981
473 980
473 979
473 978
473 977
473 976
473 975
473 974
473 973
473 972
473 971
473 970
473 969
473 968
473 967
473 966
473 965
473 964
473 963
472 962
472 961
472 960
471 959
470 958
470 957
470 956
470 955
469 954
468 953
468 952
468 951
467 950
467 949
467 948
467 947
467 946
467 945
466 944
466 943
466 942
466 941
465 940
465 939
465 938
465 937
464 936
464 935
464 934
464 933
463 932
463 931
463 930
463 929
462 928
462 927
462 926
462 925
461 924
460 923
460 922
460 921
459 920
459 919
459 918
459 917
458 916
458 915
458 914
458 913
457 912
457 911
456 910
456 909
456 908
456 907
455 906
455 905
454 904
454 903
454 902
454 901
453 900
453 899
452 898
452 897
451 896
451 895
450 894
450 893
449 892
449 891
449 890
449 889
449 888
449 887
448 886
448 885
448 884
447 883
447 882
446 881
446 880
446 879
445 878
445 877
444 876
444 875
444 874
444 873
443 872
443 871
442 870
442 869
442 868
441 867
440 866
440 865
439 864
439 863
438 862
438 861
438 860
438 859
437 858
437 857
436 856
436 855
435 854
434 853
434 852
433 851
432 850
432 849
431 848
431 847
430 846
430 845
430 844
430 843
429 842
429 841
428 840
428 839
427 838
426 837
426 836
425 835
424 834
423 833
422 832
421 831
421 830
420 829
419 828
419 827
418 827
417 826
416 825
415 825
414 824
413 823
412 822
411 821
410 820
410 819
409 818
409 817
409 816
409 815
408 814
408 813
407 812
406 811
405 810
404 810
403 809
402 809
401 809
400 809
399 808
398 808
397 807
396 807
395 806
394 805
393 805
392 805
391 805
390 805
389 805
388 805
387 805
386 805
385 804
384 804
383 804
382 803
381 802
380 802
379 802
378 802
377 801
376 801
375 801
374 801
373 801
372 801
371 801
370 801
369 801
368 801
367 801
366 801
365 801
364 801
363 801
362 801
361 801
360 801
359 801
358 801
357 801
356 801
355 801
354 801
353 801
352 801
351 801
350 801
349 801
348 801
347 801
346 801
