999 3860
998 3861
997 3861
996 3861
995 3861
994 3862
993 3862
992 3862
991 3862
990 3863
989 3863
988 3863
987 3863
986 3864
985 3865
984 3865
983 3865
982 3866
981 3866
980 3867
979 3867
978 3867
977 3867
977 3868
976 3869
975 3869
974 3870
973 3871
972 3871
971 3871
970 3872
969 3872
968 3873
967 3873
966 3873
965 3873
964 3874
963 3875
962 3875
961 3875
960 3876
959 3876
958 3877
957 3877
956 3877
955 3877
954 3878
953 3878
952 3879
951 3879
950 3879
949 3879
949 3880
948 3881
947 3881
946 3881
945 3881
945 3882
944 3883
943 3883
942 3883
941 3883
940 3884
939 3884
938 3885
937 3885
936 3885
935 3886
934 3886
933 3887
932 3887
931 3887
930 3888
929 3888
928 3889
927 3889
926 3889
925 3889
924 3890
923 3891
922 3891
921 3891
920 3892
919 3893
918 3894
917 3894
916 3895
915 3896
914 3897
914 3898
913 3899
912 3899
911 3900
911 3901
910 3902
909 3903
908 3903
907 3904
906 3905
906 3906
905 3907
904 3907
903 3908
903 3909
902 3910
901 3911
900 3911
899 3912
898 3913
898 3914
897 3915
896 3916
895 3917
895 3918
894 3919
894 3920
894 3921
893 3922
892 3922
892 3923
891 3924
891 3925
890 3926
889 3927
889 3928
888 3929
887 3930
887 3931
886 3932
885 3933
884 3933
883 3934
882 3935
882 3936
881 3937
880 3938
879 3939
878 3940
878 3941
877 3942
877 3943
876 3944
875 3945
875 3946
874 3947
873 3948
872 3949
871 3950
871 3951
870 3952
870 3953
869 3954
869 3955
868 3956
868 3957
867 3958
867 3959
866 3960
865 3961
865 3962
864 3963
863 3964
863 3965
862 3966
862 3967
861 3968
860 3968
860 3969
860 3970
860 3971
859 3972
859 3973
858 3974
858 3975
858 3976
857 3977
857 3978
857 3979
856 3980
856 3981
856 3982
856 3983
855 3984
855 3985
855 3986
855 3987
854 3988
854 3989
854 3990
854 3991
853 3992
853 3993
853 3994
853 3995
853 3996
853 3997
852 3998
852 3999
852 4000
851 4001
851 4002
851 4003
850 4004
850 4005
850 4006
850 4007
849 4008
849 4009
849 4010
849 4011
849 4012
849 4013
848 4014
848 4015
848 4016
847 4017
847 4018
847 4019
847 4020
847 4021
847 4022
847 4023
847 4024
847 4025
847 4026
847 4027
847 4028
847 4029
847 4030
847 4031
847 4032
847 4033
847 4034
847 4035
847 4036
847 4037
847 4038
847 4039
847 4040
847 4041
847 4042
847 4043
847 4044
847 4045
847 4046
847 4047
847 4048
847 4049
847 4050
847 4051
846 4052
846 4053
846 4054
846 4055
845 4056
845 4057
845 4058
845 4059
845 4060
845 4061
845 4062
845 4063
846 4064
847 4065
847 4066
848 4067
849 4068
849 4069
849 4070
849 4071
849 4072
849 4073
849 4074
849 4075
850 4076
850 4077
850 4078
850 4079
851 4080
851 4081
852 4082
852 4083
852 4084
852 4085
853 4086
853 4087
853 4088
853 4089
854 4090
854 4091
854 4092
854 4093
855 4094
855 4095
855 4096
856 4097
856 4098
856 4099
857 4100
857 4101
858 4102
858 4103
859 4104
860 4105
860 4106
860 4107
861 4108
862 4109
862 4110
863 4111
863 4112
864 4113
864 4114
865 4115
865 4116
866 4117
866 4118
867 4119
867 4120
868 4121
868 4122
869 4123
869 4124
870 4125
871 4126
871 4127
872 4128
873 4129
874 4130
875 4131
876 4132
876 4133
876 4134
877 4134
878 4135
879 4136
879 4137
880 4138
881 4139
881 4140
882 4141
883 4142
883 4143
884 4144
885 4145
885 4146
886 4147
887 4148
887 4149
888 4149
889 4150
890 4151
890 4152
891 4153
892 4154
893 4154
894 4155
895 4156
895 4157
896 4158
897 4158
898 4159
898 4160
899 4161
900 4162
901 4162
902 4163
903 4164
903 4165
904 4166
905 4166
906 4167
906 4168
907 4169
908 4170
909 4171
910 4171
911 4172
912 4173
913 4173
914 4174
915 4174
916 4174
917 4175
917 4176
918 4176
919 4177
920 4177
921 4178
921 4179
922 4180
923 4181
924 4182
925 4182
926 4183
927 4184
928 4184
929 4185
929 4186
930 4186
931 4186
932 4186
933 4187
934 4187
935 4188
936 4188
937 4188
938 4189
939 4190
940 4190
941 4190
942 4190
943 4191
944 4192
945 4192
946 4193
947 4194
948 4194
949 4194
950 4195
951 4196
952 4196
953 4196
954 4196
955 4197
956 4197
957 4198
958 4198
959 4198
960 4198
961 4199
962 4199
963 4200
964 4200
965 4200
966 4201
967 4201
968 4202
969 4202
970 4202
971 4203
972 4203
973 4203
974 4203
975 4203
976 4203
977 4203
978 4203
979 4203
980 4203
981 4204
982 4204
983 4204
984 4204
985 4205
986 4205
987 4205
988 4205
989 4206
990 4206
991 4206
992 4206
993 4207
994 4207
995 4207
996 4207
997 4207
998 4207
999 4207
1000 4207
1001 4207
1002 4207
1003 4207
1004 4207
1005 4207
1006 4207
1007 4207
1008 4207
1009 4207
1010 4207
1011 4207
1012 4207
1013 4207
1014 4207
1015 4207
1016 4207
1017 4207
1018 4207
1019 4207
1020 4207
1021 4207
1022 4207
1023 4207
1024 4207
1025 4207
1026 4207
1027 4207
1028 4207
1029 4207
1030 4207
1031 4207
1032 4206
1033 4206
1034 4206
1035 4205
1036 4205
1037 4205
1038 4205
1039 4205
1040 4205
1041 4205
1042 4205
1043 4204
1044 4204
1045 4204
1046 4204
1046 4203
1047 4202
1048 4202
1049 4202
1050 4202
1051 4201
1052 4201
1053 4201
1054 4201
1055 4200
1056 4200
1057 4200
1058 4200
1059 4199
1060 4198
1061 4198
1062 4198
1062 4197
1063 4196
1064 4195
1065 4194
1066 4193
1066 4192
1067 4191
1068 4191
1068 4190
1069 4189
1070 4188
1071 4187
1071 4186
1071 4185
1072 4184
1072 4183
1073 4182
1073 4181
1073 4180
1074 4179
1074 4178
1074 4177
1075 4176
1075 4175
1075 4174
1076 4173
1076 4172
1077 4171
1077 4170
1077 4169
1078 4168
1078 4167
1078 4166
1079 4165
1079 4164
1079 4163
1079 4162
1080 4161
1080 4160
1080 4159
1080 4158
1081 4157
1081 4156
1081 4155
1081 4154
1082 4153
1082 4152
1082 4151
1082 4150
1082 4149
1082 4148
1083 4147
1083 4146
1083 4145
1083 4144
1084 4143
1084 4142
1084 4141
1084 4140
1084 4139
1084 4138
1084 4137
1084 4136
1085 4135
1085 4134
1085 4133
1085 4132
1086 4131
1086 4130
1086 4129
1086 4128
1086 4127
1086 4126
1086 4125
1086 4124
1086 4123
1086 4122
1086 4121
1086 4120
1087 4119
1087 4118
1087 4117
1087 4116
1088 4115
1088 4114
1088 4113
1088 4112
1088 4111
1088 4110
1088 4109
1088 4108
1088 4107
1088 4106
1088 4105
1088 4104
1088 4103
1088 4102
1088 4101
1088 4100
1088 4099
1088 4098
1088 4097
1088 4096
1088 4095
1088 4094
1088 4093
1088 4092
1088 4091
1088 4090
1088 4089
1088 4088
1088 4087
1088 4086
1088 4085
1088 4084
1088 4083
1088 4082
1088 4081
1088 4080
1088 4079
1088 4078
1088 4077
1088 4076
1088 4075
1088 4074
1088 4073
1088 4072
1088 4071
1088 4070
1088 4069
1088 4068
1088 4067
1088 4066
1088 4065
1088 4064
1087 4063
1086 4062
1086 4061
1085 4060
1085 4059
1086 4058
1086 4057
1087 4056
1088 4055
1088 4054
1088 4053
1088 4052
1088 4051
1088 4050
1088 4049
1088 4048
1088 4047
1088 4046
1088 4045
1088 4044
1088 4043
1088 4042
1088 4041
1088 4040
1088 4039
1088 4038
1088 4037
1088 4036
1088 4035
1088 4034
1088 4033
1088 4032
1088 4031
1088 4030
1088 4029
1088 4028
1088 4027
1088 4026
1088 4025
1088 4024
1088 4023
1088 4022
1088 4021
1088 4020
1088 4019
1088 4018
1088 4017
1088 4016
1087 4015
1087 4014
1087 4013
1087 4012
1086 4011
1086 4010
1086 4009
1086 4008
1086 4007
1086 4006
1086 4005
1086 4004
1086 4003
1086 4002
1086 4001
1086 4000
1086 3999
1086 3998
1085 3997
1085 3996
1085 3995
1085 3994
1084 3993
1084 3992
1084 3991
1084 3990
1084 3989
1084 3988
1084 3987
1084 3986
1084 3985
1084 3984
1084 3983
1084 3982
1084 3981
1084 3980
1083 3979
1083 3978
1083 3977
1083 3976
1082 3975
1082 3974
1082 3973
1082 3972
1082 3971
1082 3970
1082 3969
1082 3968
1082 3967
1082 3966
1082 3965
1082 3964
1082 3963
1082 3962
1082 3961
1082 3960
1081 3959
1081 3958
1081 3957
1081 3956
1080 3955
1080 3954
1080 3953
1080 3952
1080 3951
1080 3950
1080 3949
1080 3948
1080 3947
1080 3946
1080 3945
1080 3944
1080 3943
1080 3942
1080 3941
1080 3940
1080 3939
1080 3938
1080 3937
1080 3936
1080 3935
1080 3934
1080 3933
1080 3932
1079 3931
1079 3930
1079 3929
1078 3928
1078 3927
1078 3926
1078 3925
1078 3924
1078 3923
1078 3922
1078 3921
1078 3920
1078 3919
1078 3918
1078 3917
1078 3916
1078 3915
1078 3914
1078 3913
1078 3912
1078 3911
1078 3910
1078 3909
1078 3908
1078 3907
1078 3906
1078 3905
1078 3904
1077 3903
1077 3902
1077 3901
1077 3900
1076 3899
1076 3898
1076 3897
1076 3896
1075 3895
1075 3894
1075 3893
1075 3892
1074 3891
1074 3890
1074 3889
1073 3888
1073 3887
1072 3886
1072 3885
1071 3884
1070 3883
1070 3882
1069 3881
1068 3880
1068 3879
1067 3878
1066 3877
1066 3876
1065 3876
1064 3875
1063 3874
1063 3873
1062 3873
1061 3872
1060 3871
1059 3870
1058 3870
1057 3869
1056 3869
1055 3868
1054 3867
1053 3867
1052 3867
1051 3867
1050 3866
1049 3865
1048 3865
1047 3865
1046 3864
1045 3864
1044 3863
1043 3863
1042 3863
1041 3863
1040 3862
1039 3862
1038 3862
1037 3862
1036 3861
1035 3861
1034 3861
1033 3861
1032 3860
1031 3860
1030 3860
1029 3860
1028 3860
1027 3860
1026 3860
1025 3860
1024 3860
1023 3860
1022 3860
1021 3860
1020 3861
1019 3861
1018 3861
1017 3861
1016 3861
1015 3861
1014 3861
1013 3861
1012 3860
1011 3860
1010 3860
1009 3860
1008 3860
1007 3860
1006 3860
1005 3860
1004 3860
1003 3860
1002 3860
1001 3860
1000 3860
999 3860
