1583 818
1582 819
1581 819
1580 819
1579 819
1578 820
1577 820
1576 820
1575 820
1574 821
1573 821
1572 821
1571 821
1570 822
1569 822
1568 822
1567 822
1566 822
1565 822
1564 823
1563 823
1562 823
1561 823
1561 824
1560 825
1559 825
1558 825
1557 825
1556 826
1555 826
1554 827
1553 827
1552 828
1551 828
1550 829
1549 829
1549 830
1548 831
1547 831
1546 831
1545 831
1545 832
1544 833
1543 833
1542 833
1541 833
1540 834
1539 835
1538 835
1537 835
1537 836
1536 837
1535 837
1534 838
1533 838
1532 839
1531 839
1530 840
1529 841
1528 841
1527 841
1526 842
1525 843
1524 844
1523 844
1523 845
1522 846
1521 847
1520 848
1519 848
1518 849
1517 849
1516 850
1515 850
1514 851
1513 851
1512 852
1511 852
1511 853
1510 854
1509 854
1508 855
1507 856
1506 857
1505 857
1505 858
1504 859
1503 859
1502 860
1501 860
1501 861
1500 862
1499 863
1498 863
1498 864
1497 865
1496 865
1496 866
1495 867
1494 867
1494 868
1493 869
1492 869
1492 870
1491 871
1490 871
1490 872
1489 873
1488 873
1488 874
1487 875
1486 875
1486 876
1485 877
1484 877
1484 878
1483 879
1482 879
1482 880
1481 881
1480 881
1480 882
1479 883
1478 883
1478 884
1477 885
1476 886
1476 887
1475 888
1474 889
1474 890
1473 891
1472 891
1471 892
1470 893
1469 894
1469 895
1468 896
1467 897
1467 898
1467 899
1466 900
1466 901
1466 902
1465 903
1465 904
1464 905
1463 906
1463 907
1462 908
1461 909
1461 910
1460 911
1459 912
1459 913
1458 914
1457 915
1456 916
1456 917
1456 918
1455 919
1455 920
1454 921
1454 922
1454 923
1453 924
1453 925
1452 926
1452 927
1452 928
1451 929
1450 930
1449 931
1448 932
1448 933
1448 934
1447 935
1447 936
1446 937
1445 938
1445 939
1444 940
1444 941
1443 942
1443 943
1442 944
1442 945
1442 946
1441 947
1441 948
1440 949
1439 950
1439 951
1438 952
1438 953
1437 954
1437 955
1436 956
1436 957
1435 958
1434 959
1433 960
1433 961
1432 962
1432 963
1431 964
1431 965
1430 966
1430 967
1429 968
1428 969
1428 970
1428 971
1427 972
1426 973
1426 974
1426 975
1425 976
1425 977
1424 978
1424 979
1424 980
1424 981
1423 982
1423 983
1423 984
1423 985
1422 986
1422 987
1422 988
1422 989
1421 990
1421 991
1421 992
1421 993
1420 994
1420 995
1420 996
1419 997
1419 998
1418 999
1418 1000
1417 1001
1417 1002
1417 1003
1416 1004
1416 1005
1415 1006
1414 1007
1414 1008
1414 1009
1413 1010
1412 1011
1412 1012
1412 1013
1411 1014
1410 1015
1410 1016
1409 1017
1409 1018
1408 1019
1408 1020
1407 1021
1406 1022
1406 1023
1406 1024
1405 1025
1405 1026
1405 1027
1404 1028
1404 1029
1404 1030
1404 1031
1403 1032
1403 1033
1403 1034
1403 1035
1403 1036
1403 1037
1402 1038
1402 1039
1402 1040
1402 1041
1401 1042
1401 1043
1401 1044
1401 1045
1401 1046
1401 1047
1401 1048
1401 1049
1401 1050
1401 1051
1401 1052
1401 1053
1401 1054
1401 1055
1401 1056
1401 1057
1400 1058
1400 1059
1400 1060
1400 1061
1399 1062
1399 1063
1399 1064
1399 1065
1399 1066
1399 1067
1399 1068
1399 1069
1399 1070
1399 1071
1399 1072
1399 1073
1399 1074
1399 1075
1399 1076
1399 1077
1399 1078
1399 1079
1399 1080
1399 1081
1399 1082
1399 1083
1399 1084
1399 1085
1399 1086
1399 1087
1399 1088
1399 1089
1399 1090
1399 1091
1399 1092
1399 1093
1398 1094
1398 1095
1398 1096
1398 1097
1397 1098
1397 1099
1396 1100
1396 1101
1396 1102
1396 1103
1395 1104
1394 1104
1394 1105
1393 1106
1392 1107
1391 1108
1390 1108
1389 1108
1389 1109
1388 1110
1387 1110
1387 1111
1387 1112
1387 1113
1387 1114
1387 1115
1387 1116
1387 1117
1388 1117
1389 1117
1390 1117
1391 1117
1392 1117
1393 1118
1394 1119
1394 1120
1395 1121
1396 1122
1396 1123
1397 1123
1398 1124
1398 1125
1398 1126
1398 1127
1399 1128
1399 1129
1399 1130
1399 1131
1399 1132
1399 1133
1400 1134
1400 1135
1400 1136
1400 1137
1401 1138
1401 1139
1401 1140
1401 1141
1401 1142
1401 1143
1401 1144
1401 1145
1401 1146
1401 1147
1401 1148
1401 1149
1401 1150
1401 1151
1401 1152
1401 1153
1401 1154
1401 1155
1402 1156
1402 1157
1402 1158
1402 1159
1403 1160
1403 1161
1404 1162
1404 1163
1404 1164
1404 1165
1405 1165
1406 1166
1406 1167
1406 1168
1407 1169
1407 1170
1407 1171
1407 1172
1407 1173
1407 1174
1407 1175
1407 1176
1408 1177
1408 1178
1408 1179
1409 1180
1409 1181
1409 1182
1409 1183
1409 1184
1409 1185
1409 1186
1409 1187
1409 1188
1409 1189
1410 1190
1410 1191
1410 1192
1410 1193
1411 1194
1411 1195
1411 1196
1411 1197
1412 1198
1412 1199
1412 1200
1412 1201
1413 1202
1413 1203
1414 1204
1414 1205
1414 1206
1415 1207
1416 1208
1417 1209
1417 1210
1418 1211
1418 1212
1418 1213
1419 1214
1419 1215
1419 1216
1420 1217
1420 1218
1421 1219
1421 1220
1422 1221
1422 1222
1423 1223
1423 1224
1424 1225
1424 1226
1425 1227
1425 1228
1426 1229
1426 1230
1427 1231
1427 1232
1428 1233
1428 1234
1429 1235
1429 1236
1430 1237
1430 1238
1431 1239
1431 1240
1432 1241
1432 1242
1433 1243
1433 1244
1434 1245
1434 1246
1435 1247
1435 1248
1436 1249
1437 1250
1437 1251
1438 1252
1439 1253
1440 1254
1441 1254
1442 1255
1442 1256
1443 1257
1444 1258
1445 1259
1445 1260
1446 1261
1447 1262
1447 1263
1448 1264
1449 1265
1449 1266
1450 1267
1451 1268
1451 1269
1452 1270
1453 1270
1454 1271
1454 1272
1455 1273
1456 1274
1457 1274
1458 1275
1459 1276
1459 1277
1460 1278
1461 1278
1462 1279
1462 1280
1463 1281
1464 1282
1465 1282
1466 1283
1467 1284
1467 1285
1468 1286
1469 1286
1470 1287
1470 1288
1471 1288
1472 1289
1472 1290
1473 1291
1474 1292
1475 1293
1475 1294
1476 1295
1477 1296
1477 1297
1478 1298
1479 1299
1480 1300
1481 1301
1482 1301
1483 1302
1483 1303
1484 1303
1485 1304
1486 1305
1486 1306
1487 1307
1488 1307
1489 1308
1490 1309
1491 1310
1492 1310
1493 1311
1494 1311
1495 1312
1495 1313
1496 1313
1497 1314
1498 1315
1499 1315
1500 1316
1501 1317
1502 1317
1503 1318
1504 1318
1505 1319
1505 1320
1506 1320
1507 1321
1508 1321
1509 1322
1510 1323
1511 1323
1512 1324
1513 1324
1514 1325
1515 1326
1516 1326
1517 1327
1518 1328
1519 1328
1520 1328
1521 1329
1521 1330
1522 1330
1523 1330
1524 1330
1525 1331
1526 1332
1527 1332
1528 1332
1529 1333
1529 1334
1530 1334
1531 1334
1532 1334
1533 1335
1534 1335
1535 1336
1536 1336
1537 1336
1538 1337
1539 1338
1540 1338
1541 1338
1542 1338
1543 1339
1544 1339
1545 1340
1546 1340
1547 1340
1548 1341
1549 1342
1550 1342
1551 1342
1552 1342
1553 1343
1553 1344
1554 1344
1555 1344
1556 1344
1557 1345
1558 1345
1559 1346
1560 1346
1561 1346
1562 1346
1563 1347
1564 1347
1565 1348
1566 1348
1567 1348
1568 1348
1569 1349
1570 1349
1571 1350
1572 1350
1573 1350
1574 1350
1575 1351
1576 1351
1577 1352
1578 1352
1579 1352
1580 1352
1581 1353
1582 1353
1583 1353
1584 1353
1585 1353
1586 1353
1587 1353
1588 1353
1589 1354
1590 1354
1591 1354
1592 1354
1593 1355
1594 1355
1595 1354
1596 1353
1597 1353
1598 1352
1599 1352
1600 1353
1601 1353
1602 1354
1603 1355
1604 1355
1605 1356
1606 1356
1607 1356
1608 1356
1609 1357
1610 1357
1611 1357
1612 1357
1613 1357
1614 1357
1615 1357
1616 1356
1617 1356
1618 1356
1619 1355
1620 1355
1621 1355
1622 1355
1623 1355
1624 1355
1625 1355
1626 1355
1627 1355
1628 1355
1629 1355
1630 1355
1631 1355
1632 1355
1633 1355
1634 1355
1635 1354
1636 1354
1637 1354
1638 1354
1639 1353
1640 1353
1641 1353
1642 1353
1643 1353
1644 1353
1645 1353
1646 1353
1647 1352
1648 1352
1649 1352
1650 1352
1651 1351
1652 1351
1653 1351
1654 1351
1655 1350
1656 1350
1657 1350
1658 1350
1659 1349
1660 1349
1661 1349
1662 1349
1663 1348
1664 1348
1665 1347
1666 1347
1667 1346
1668 1345
1669 1344
1670 1343
1671 1343
1672 1342
1673 1341
1674 1341
1674 1340
1675 1339
1676 1339
1677 1338
1678 1337
1679 1336
1679 1335
1680 1334
1681 1334
1682 1333
1682 1332
1683 1331
1684 1330
1685 1330
1686 1329
1687 1328
1687 1327
1688 1326
1689 1325
1690 1325
1690 1324
1691 1323
1692 1322
1692 1321
1693 1320
1694 1319
1694 1318
1695 1317
1696 1317
1697 1316
1698 1315
1699 1315
1700 1314
1701 1314
1702 1313
1703 1312
1704 1312
1704 1311
1705 1310
1706 1310
1707 1309
1708 1309
1709 1308
1710 1307
1711 1307
1712 1306
1713 1305
1714 1305
1715 1304
1715 1303
1716 1302
1717 1302
1718 1301
1718 1300
1719 1299
1720 1298
1721 1298
1722 1297
1722 1296
1723 1295
1724 1294
1725 1294
1725 1293
1725 1292
1726 1291
1727 1290
1728 1289
1729 1288
1730 1287
1730 1286
1731 1285
1732 1284
1732 1283
1733 1282
1733 1281
1734 1280
1734 1279
1735 1278
1735 1277
1736 1276
1736 1275
1737 1274
1737 1273
1738 1272
1738 1271
1739 1270
1739 1269
1740 1268
1740 1267
1741 1266
1741 1265
1742 1264
1743 1263
1743 1262
1743 1261
1743 1260
1744 1259
1744 1258
1744 1257
1745 1256
1745 1255
1745 1254
1746 1253
1746 1252
1747 1251
1747 1250
1747 1249
1748 1248
1748 1247
1749 1246
1749 1245
1749 1244
1750 1243
1750 1242
1750 1241
1750 1240
1751 1239
1751 1238
1751 1237
1751 1236
1752 1235
1752 1234
1752 1233
1753 1232
1753 1231
1753 1230
1754 1229
1754 1228
1755 1227
1755 1226
1755 1225
1755 1224
1756 1223
1756 1222
1756 1221
1756 1220
1756 1219
1756 1218
1756 1217
1756 1216
1757 1215
1757 1214
1757 1213
1757 1212
1758 1211
1758 1210
1758 1209
1758 1208
1758 1207
1758 1206
1759 1205
1759 1204
1759 1203
1759 1202
1760 1201
1760 1200
1761 1199
1761 1198
1761 1197
1761 1196
1762 1195
1762 1194
1762 1193
1762 1192
1762 1191
1762 1190
1763 1189
1763 1188
1763 1187
1763 1186
1764 1185
1764 1184
1764 1183
1764 1182
1764 1181
1764 1180
1764 1179
1764 1178
1764 1177
1764 1176
1765 1175
1765 1174
1765 1173
1765 1172
1766 1171
1766 1170
1766 1169
1766 1168
1766 1167
1766 1166
1766 1165
1766 1164
1767 1163
1767 1162
1767 1161
1767 1160
1768 1159
1768 1158
1768 1157
1768 1156
1768 1155
1768 1154
1768 1153
1768 1152
1768 1151
1768 1150
1768 1149
1768 1148
1769 1147
1769 1146
1769 1145
1770 1144
1770 1143
1770 1142
1770 1141
1770 1140
1770 1139
1770 1138
1770 1137
1770 1136
1770 1135
1770 1134
1770 1133
1770 1132
1770 1131
1770 1130
1770 1129
1770 1128
1770 1127
1770 1126
1770 1125
1770 1124
1770 1123
1770 1122
1771 1121
1771 1120
1771 1119
1771 1118
1772 1117
1772 1116
1773 1115
1773 1114
1772 1113
1772 1112
1772 1111
1771 1110
1770 1109
1769 1108
1769 1107
1769 1106
1768 1105
1768 1104
1768 1103
1768 1102
1768 1101
1768 1100
1768 1099
1768 1098
1768 1097
1768 1096
1768 1095
1768 1094
1767 1093
1767 1092
1767 1091
1767 1090
1766 1089
1766 1088
1766 1087
1766 1086
1766 1085
1766 1084
1766 1083
1766 1082
1766 1081
1766 1080
1766 1079
1766 1078
1765 1077
1765 1076
1765 1075
1765 1074
1764 1073
1764 1072
1764 1071
1764 1070
1764 1069
1764 1068
1764 1067
1764 1066
1764 1065
1764 1064
1764 1063
1764 1062
1763 1061
1763 1060
1763 1059
1763 1058
1762 1057
1762 1056
1762 1055
1762 1054
1762 1053
1762 1052
1762 1051
1762 1050
1762 1049
1762 1048
1761 1047
1761 1046
1761 1045
1761 1044
1760 1043
1760 1042
1760 1041
1760 1040
1759 1039
1759 1038
1759 1037
1759 1036
1758 1035
1758 1034
1758 1033
1758 1032
1758 1031
1758 1030
1757 1029
1757 1028
1757 1027
1757 1026
1756 1025
1756 1024
1756 1023
1756 1022
1755 1021
1755 1020
1755 1019
1755 1018
1754 1017
1754 1016
1753 1015
1753 1014
1753 1013
1753 1012
1752 1011
1752 1010
1752 1009
1751 1008
1751 1007
1751 1006
1750 1005
1750 1004
1750 1003
1750 1002
1749 1001
1749 1000
1749 999
1749 998
1748 998
1747 997
1747 996
1747 995
1747 994
1746 993
1746 992
1745 991
1745 990
1745 989
1745 988
1744 987
1744 986
1744 985
1744 984
1743 983
1743 982
1743 981
1743 980
1742 979
1742 978
1742 977
1741 976
1741 975
1741 974
1740 973
1740 972
1739 971
1739 970
1739 969
1738 968
1738 967
1738 966
1737 965
1737 964
1737 963
1737 962
1736 961
1736 960
1735 959
1735 958
1735 957
1735 956
1734 955
1734 954
1734 953
1733 952
1733 951
1733 950
1732 949
1732 948
1731 947
1731 946
1731 945
1730 944
1730 943
1730 942
1729 941
1729 940
1729 939
1729 938
1728 937
1728 936
1727 935
1727 934
1727 933
1727 932
1726 931
1726 930
1726 929
1725 928
1724 927
1724 926
1723 925
1723 924
1722 923
1721 922
1721 921
1720 920
1720 919
1719 918
1719 917
1719 916
1718 915
1717 914
1717 913
1717 912
1716 911
1716 910
1715 909
1715 908
1715 907
1715 906
1714 906
1713 905
1713 904
1713 903
1713 902
1712 901
1712 900
1712 899
1712 898
1711 897
1711 896
1711 895
1711 894
1710 893
1710 892
1709 891
1709 890
1709 889
1709 888
1708 888
1707 887
1707 886
1707 885
1707 884
1706 883
1706 882
1705 881
1705 880
1705 879
1704 878
1704 877
1703 876
1703 875
1702 874
1702 873
1701 872
1701 871
1700 870
1700 869
1699 868
1699 867
1698 866
1698 865
1697 864
1696 863
1695 862
1695 861
1694 860
1694 859
1693 858
1692 857
1692 856
1691 855
1690 854
1689 853
1688 852
1688 851
1687 851
1686 850
1685 849
1684 848
1683 847
1682 846
1681 845
1680 845
1679 844
1678 843
1677 843
1676 842
1675 841
1674 840
1673 840
1672 839
1671 839
1670 838
1670 837
1669 837
1668 837
1667 837
1666 836
1665 835
1664 835
1663 835
1662 834
1661 834
1660 833
1659 833
1658 833
1657 833
1656 832
1655 832
1654 832
1653 832
1652 832
1651 832
1650 832
1649 832
1648 831
1647 831
1646 831
1645 831
1644 830
1643 830
1642 830
1641 830
1640 830
1639 830
1638 829
1637 829
1636 829
1635 828
1634 827
1633 827
1632 827
1631 827
1630 826
1629 826
1628 825
1627 825
1626 825
1625 825
1624 824
1624 823
1623 823
1622 823
1621 822
1620 822
1619 821
1618 821
1617 821
1616 820
1615 820
1614 820
1613 820
1612 819
1611 819
1610 819
1609 819
1608 818
1607 818
1606 818
1605 818
1604 818
1603 818
1602 818
1601 818
1600 818
1599 818
1598 818
1597 818
1596 818
1595 818
1594 818
1593 818
1592 818
1591 818
1590 818
1589 818
1588 818
1587 818
1586 818
1585 818
1584 818
1583 818
