2753 144
2752 145
2751 145
2750 145
2749 146
2748 146
2747 146
2746 147
2745 148
2744 148
2743 148
2742 147
2741 147
2740 146
2739 146
2738 146
2737 146
2736 146
2735 146
2734 146
2733 146
2732 146
2731 146
2730 146
2729 146
2728 146
2727 146
2726 146
2725 146
2724 146
2723 146
2722 146
2721 146
2720 146
2719 146
2718 146
2717 146
2716 146
2715 146
2714 146
2713 147
2712 147
2711 147
2710 148
2709 149
2708 149
2707 149
2706 150
2705 150
2704 150
2703 150
2702 150
2701 150
2700 151
2699 151
2698 151
2697 151
2697 152
2696 153
2695 153
2694 154
2693 155
2692 155
2691 156
2690 157
2689 157
2688 158
2687 158
2686 158
2685 158
2684 159
2683 159
2682 159
2681 159
2681 160
2680 161
2679 161
2678 161
2677 161
2676 162
2675 163
2674 164
2673 164
2673 165
2672 166
2671 166
2670 167
2669 167
2668 168
2667 168
2666 168
2665 168
2664 168
2663 168
2662 168
2661 168
2660 169
2659 169
2658 169
2657 169
2656 170
2655 171
2654 171
2653 171
2652 172
2651 173
2650 174
2649 174
2648 175
2647 175
2646 176
2645 176
2644 177
2643 177
2642 178
2641 179
2640 179
2639 180
2638 181
2637 182
2636 182
2635 183
2634 183
2634 184
2633 185
2632 185
2631 186
2630 187
2629 188
2628 188
2627 189
2626 190
2625 191
2624 191
2623 192
2622 193
2622 194
2621 195
2621 196
2620 197
2619 198
2618 199
2617 200
2616 201
2616 202
2615 203
2614 203
2614 204
2613 205
2612 205
2612 206
2611 207
2610 207
2610 208
2609 209
2608 209
2607 210
2606 211
2606 212
2605 213
2604 214
2604 215
2603 216
2603 217
2602 218
2602 219
2601 220
2601 221
2600 222
2599 222
2598 223
2597 224
2596 225
2595 226
2594 226
2593 227
2592 228
2591 228
2591 229
2590 230
2589 231
2588 232
2587 233
2587 234
2586 235
2585 236
2585 237
2584 238
2583 239
2583 240
2582 241
2581 242
2581 243
2580 244
2579 244
2579 245
2578 246
2577 246
2576 247
2575 248
2574 249
2574 250
2573 251
2573 252
2572 253
2571 254
2570 255
2569 256
2569 257
2568 258
2568 259
2567 260
2567 261
2566 262
2566 263
2566 264
2566 265
2565 266
2564 266
2564 267
2564 268
2564 269
2563 270
2563 271
2562 272
2562 273
2562 274
2562 275
2561 276
2561 277
2561 278
2561 279
2561 280
2561 281
2561 282
2561 283
2561 284
2561 285
2560 286
2560 287
2560 288
2560 289
2559 290
2559 291
2559 292
2559 293
2558 294
2558 295
2557 296
2556 297
2555 298
2554 299
2554 300
2553 301
2552 302
2552 303
2551 304
2551 305
2551 306
2551 307
2551 308
2551 309
2551 310
2551 311
2551 312
2551 313
2551 314
2551 315
2551 316
2551 317
2551 318
2551 319
2550 320
2549 320
2549 321
2548 322
2547 322
2547 323
2547 324
2547 325
2546 326
2546 327
2546 328
2545 329
2544 330
2543 331
2543 332
2543 333
2543 334
2543 335
2543 336
2543 337
2543 338
2543 339
2543 340
2543 341
2543 342
2543 343
2543 344
2543 345
2542 346
2542 347
2542 348
2542 349
2541 350
2541 351
2541 352
2541 353
2541 354
2541 355
2541 356
2541 357
2541 358
2541 359
2541 360
2541 361
2541 362
2541 363
2541 364
2541 365
2541 366
2541 367
2540 368
2540 369
2540 370
2539 371
2539 372
2539 373
2538 374
2537 375
2537 376
2536 377
2535 377
2534 378
2534 379
2533 380
2533 381
2533 382
2533 383
2533 384
2533 385
2533 386
2533 387
2533 388
2533 389
2532 390
2532 391
2532 392
2532 393
2531 394
2531 395
2531 396
2531 397
2531 398
2531 399
2531 400
2531 401
2531 402
2531 403
2530 404
2530 405
2530 406
2530 407
2529 408
2529 409
2529 410
2529 411
2529 412
2529 413
2529 414
2529 415
2529 416
2529 417
2529 418
2529 419
2529 420
2529 421
2529 422
2529 423
2530 424
2530 425
2530 426
2530 427
2531 428
2531 429
2531 430
2531 431
2531 432
2531 433
2531 434
2531 435
2532 435
2533 436
2533 437
2534 437
2535 438
2536 439
2536 440
2537 441
2537 442
2538 443
2538 444
2538 445
2539 446
2539 447
2539 448
2539 449
2539 450
2539 451
2540 452
2540 453
2540 454
2540 455
2541 456
2541 457
2542 458
2542 459
2542 460
2542 461
2543 462
2543 463
2543 464
2543 465
2543 466
2543 467
2543 468
2543 469
2544 470
2544 471
2544 472
2545 473
2545 474
2545 475
2546 476
2546 477
2546 478
2546 479
2547 480
2547 481
2547 482
2547 483
2548 484
2548 485
2548 486
2548 487
2549 488
2549 489
2550 490
2550 491
2550 492
2550 493
2551 494
2551 495
2551 496
2551 497
2552 498
2552 499
2553 500
2553 501
2554 501
2555 502
2555 503
2556 504
2557 505
2557 506
2558 507
2558 508
2558 509
2559 510
2560 511
2560 512
2561 513
2561 514
2562 515
2562 516
2562 517
2563 518
2563 519
2563 520
2564 521
2564 522
2564 523
2565 523
2566 524
2566 525
2566 526
2566 527
2567 528
2567 529
2568 530
2568 531
2568 532
2569 533
2570 534
2570 535
2571 536
2571 537
2572 538
2572 539
2573 540
2574 541
2574 542
2575 543
2576 544
2577 545
2578 546
2579 547
2580 548
2580 549
2580 550
2581 551
2581 552
2582 553
2582 554
2583 555
2583 556
2584 557
2585 558
2585 559
2586 560
2587 561
2587 562
2588 563
2589 564
2589 565
2590 566
2590 567
2591 568
2591 569
2592 570
2592 571
2593 572
2594 573
2594 574
2595 575
2596 576
2597 577
2598 577
2599 578
2599 579
2600 580
2601 581
2601 582
2602 583
2603 584
2604 585
2604 586
2605 586
2606 587
2606 588
2607 589
2608 590
2609 591
2609 592
2610 593
2610 594
2610 595
2611 596
2612 597
2613 598
2613 599
2614 599
2615 600
2615 601
2616 602
2617 603
2618 603
2619 604
2619 605
2620 605
2621 606
2622 606
2623 607
2623 608
2624 608
2625 608
2626 609
2626 610
2627 610
2628 611
2629 611
2630 612
2631 613
2632 614
2633 614
2634 615
2635 616
2636 617
2637 617
2638 618
2639 619
2640 620
2641 621
2641 622
2642 623
2643 624
2643 625
2644 625
2645 626
2646 627
2647 628
2648 628
2649 628
2650 629
2651 630
2652 631
2653 631
2654 632
2655 633
2656 633
2657 634
2658 635
2659 636
2660 637
2661 638
2662 638
2663 638
2664 638
2665 639
2665 640
2666 640
2667 640
2668 640
2669 641
2670 641
2671 642
2672 642
2673 643
2674 643
2675 644
2676 645
2677 646
2678 647
2679 647
2680 648
2681 649
2682 649
2683 650
2684 651
2685 651
2686 651
2687 651
2688 651
2689 651
2690 651
2691 651
2692 651
2693 651
2694 651
2695 652
2696 652
2697 652
2698 652
2699 653
2699 654
2700 654
2701 654
2702 654
2703 655
2704 655
2705 655
2706 655
2707 655
2708 655
2709 655
2710 655
2711 655
2712 655
2713 655
2714 655
2715 655
2716 655
2717 655
2718 655
2719 655
2720 655
2721 655
2722 655
2723 655
2724 655
2725 655
2726 655
2727 655
2728 655
2729 655
2730 655
2731 655
2732 655
2733 656
2734 656
2735 656
2736 656
2737 657
2738 657
2739 657
2740 657
2741 657
2742 656
2742 655
2742 654
2742 653
2743 652
2744 651
2745 652
2745 653
2745 654
2745 655
2745 656
2745 657
2745 658
2745 659
2746 659
2747 659
2748 659
2749 659
2750 659
2751 658
2752 658
2753 658
2754 658
2755 657
2756 657
2757 656
2758 656
2759 656
2760 656
2761 655
2762 655
2763 655
2764 655
2765 654
2766 654
2767 653
2768 653
2769 652
2770 652
2771 651
2772 651
2773 651
2774 651
2775 651
2776 651
2777 651
2778 651
2779 651
2780 651
2781 650
2782 650
2783 650
2784 650
2785 649
2786 649
2787 648
2788 648
2789 648
2790 648
2791 647
2792 647
2793 646
2794 646
2795 645
2796 645
2797 644
2798 644
2799 643
2800 643
2801 642
2802 642
2803 642
2804 642
2805 641
2806 641
2807 640
2808 640
2809 640
2810 639
2811 638
2812 638
2813 638
2814 638
2815 637
2816 636
2817 636
2818 635
2819 635
2820 634
2821 633
2822 632
2823 632
2823 631
2824 630
2825 630
2826 629
2827 628
2828 627
2829 627
2830 626
2831 626
2831 625
2832 624
2833 624
2834 623
2835 623
2836 622
2837 621
2838 620
2839 619
2840 619
2841 618
2842 618
2843 617
2844 616
2845 615
2846 615
2847 614
2848 613
2849 612
2850 611
2851 610
2852 609
2853 608
2853 607
2854 606
2855 605
2856 605
2857 604
2858 604
2859 603
2860 602
2861 601
2862 601
2863 600
2864 599
2865 598
2866 598
2867 597
2868 597
2869 596
2870 596
2871 595
2872 594
2873 594
2874 594
2875 593
2876 592
2877 591
2878 591
2879 590
2880 589
2881 588
2882 588
2883 587
2884 587
2885 586
2886 586
2887 585
2888 585
2889 584
2890 583
2890 582
2891 581
2892 580
2892 579
2893 578
2893 577
2893 576
2894 575
2894 574
2894 573
2894 572
2894 571
2894 570
2894 569
2894 568
2895 567
2895 566
2895 565
2895 564
2896 563
2896 562
2896 561
2895 560
2895 559
2895 558
2894 557
2894 556
2894 555
2894 554
2894 553
2894 552
2894 551
2894 550
2894 549
2894 548
2894 547
2894 546
2894 545
2894 544
2895 543
2895 542
2896 541
2897 540
2898 539
2898 538
2899 537
2900 536
2901 536
2901 535
2902 534
2903 533
2904 533
2905 532
2906 532
2907 531
2908 530
2909 529
2910 529
2910 528
2911 527
2912 526
2913 526
2914 525
2915 524
2916 524
2916 523
2917 522
2918 522
2919 522
2920 522
2920 521
2921 520
2922 520
2923 519
2924 519
2925 518
2926 517
2927 517
2928 516
2929 515
2930 515
2931 514
2931 513
2932 512
2933 511
2934 511
2934 510
2935 509
2936 509
2937 508
2938 507
2939 506
2940 505
2940 504
2941 503
2942 503
2942 502
2943 501
2944 501
2944 500
2945 499
2946 499
2946 498
2947 497
2947 496
2948 495
2948 494
2948 493
2948 492
2948 491
2948 490
2948 489
2948 488
2948 487
2948 486
2948 485
2948 484
2948 483
2948 482
2948 481
2948 480
2948 479
2948 478
2948 477
2948 476
2948 475
2948 474
2948 473
2948 472
2948 471
2948 470
2949 469
2949 468
2949 467
2949 466
2950 465
2950 464
2950 463
2950 462
2950 461
2950 460
2950 459
2950 458
2950 457
2950 456
2951 455
2951 454
2951 453
2951 452
2952 451
2952 450
2952 449
2952 448
2952 447
2952 446
2952 445
2952 444
2952 443
2952 442
2952 441
2952 440
2952 439
2952 438
2952 437
2952 436
2952 435
2952 434
2952 433
2952 432
2952 431
2952 430
2952 429
2952 428
2953 427
2953 426
2953 425
2954 424
2954 423
2954 422
2954 421
2954 420
2953 420
2952 420
2951 420
2950 420
2949 420
2948 419
2948 418
2948 417
2948 416
2949 415
2950 415
2951 415
2952 415
2953 415
2954 415
2955 415
2956 415
2956 414
2956 413
2956 412
2957 411
2957 410
2957 409
2957 408
2958 407
2958 406
2958 405
2958 404
2958 403
2958 402
2958 401
2958 400
2958 399
2958 398
2958 397
2958 396
2958 395
2958 394
2958 393
2958 392
2958 391
2958 390
2958 389
2958 388
2958 387
2958 386
2958 385
2958 384
2958 383
2958 382
2958 381
2958 380
2958 379
2958 378
2958 377
2958 376
2958 375
2958 374
2958 373
2958 372
2958 371
2958 370
2958 369
2958 368
2958 367
2958 366
2958 365
2958 364
2957 363
2957 362
2957 361
2957 360
2956 359
2956 358
2956 357
2956 356
2956 355
2956 354
2956 353
2956 352
2956 351
2956 350
2956 349
2956 348
2955 347
2955 346
2955 345
2955 344
2954 343
2954 342
2954 341
2954 340
2954 339
2954 338
2954 337
2954 336
2954 335
2954 334
2954 333
2954 332
2954 331
2954 330
2954 329
2954 328
2954 327
2954 326
2954 325
2954 324
2954 323
2954 322
2954 321
2954 320
2954 319
2954 318
2954 317
2954 316
2954 315
2954 314
2954 313
2954 312
2954 311
2954 310
2954 309
2954 308
2954 307
2954 306
2954 305
2954 304
2954 303
2954 302
2954 301
2954 300
2954 299
2954 298
2954 297
2954 296
2954 295
2954 294
2954 293
2954 292
2953 291
2953 290
2953 289
2952 288
2952 287
2951 286
2951 285
2951 284
2950 283
2950 282
2950 281
2949 280
2949 279
2949 278
2948 277
2948 276
2948 275
2948 274
2948 273
2948 272
2947 271
2947 270
2947 269
2947 268
2946 267
2945 266
2944 265
2944 264
2943 263
2943 262
2942 261
2942 260
2941 259
2941 258
2941 257
2940 256
2940 255
2939 254
2939 253
2939 252
2938 251
2937 250
2937 249
2936 248
2935 247
2934 246
2933 245
2932 244
2932 243
2931 242
2931 241
2930 240
2929 239
2928 239
2927 238
2926 237
2926 236
2925 235
2924 235
2923 234
2923 233
2922 232
2921 231
2920 231
2919 230
2918 229
2918 228
2917 227
2916 227
2915 226
2915 225
2914 224
2913 223
2912 222
2911 222
2910 221
2910 220
2909 220
2908 219
2908 218
2907 217
2906 216
2906 215
2905 214
2905 213
2905 212
2904 211
2903 210
2902 209
2902 208
2901 207
2900 207
2899 206
2898 205
2898 204
2897 203
2896 203
2895 202
2894 201
2893 201
2892 200
2891 199
2890 199
2889 198
2888 197
2887 197
2886 196
2885 196
2884 195
2883 195
2882 194
2882 193
2881 193
2880 192
2879 191
2878 191
2877 190
2876 189
2876 188
2875 188
2874 187
2873 187
2872 186
2872 185
2871 185
2870 184
2869 184
2868 184
2867 184
2866 183
2865 183
2864 183
2863 183
2862 182
2861 182
2860 181
2859 180
2858 180
2857 179
2856 178
2855 177
2854 176
2853 175
2852 175
2851 174
2850 173
2850 172
2849 171
2848 171
2847 170
2846 169
2845 169
2844 168
2843 167
2842 167
2841 166
2840 165
2839 165
2838 164
2837 164
2836 163
2835 163
2834 162
2834 161
2833 161
2832 161
2831 161
2830 160
2829 160
2828 159
2827 159
2826 159
2825 159
2824 158
2823 158
2822 157
2821 157
2820 157
2819 156
2818 156
2817 155
2816 155
2815 155
2814 154
2813 154
2812 153
2811 153
2810 153
2809 153
2808 152
2807 152
2806 152
2805 152
2804 152
2803 152
2802 152
2801 152
2800 152
2799 152
2798 152
2797 152
2796 151
2795 151
2794 151
2793 151
2792 150
2791 150
2790 149
2789 149
2788 149
2787 149
2786 148
2786 147
2785 147
2784 146
2783 146
2782 145
2781 145
2780 144
2779 144
2778 144
2777 144
2776 144
2775 144
2774 144
2773 144
2772 144
2771 144
2770 144
2769 144
2768 144
2767 144
2766 144
2765 144
2764 144
2763 144
2762 144
2761 144
2760 144
2759 144
2758 144
2757 144
2756 144
2755 144
2754 144
2753 144
