1559 2118
1558 2119
1557 2119
1556 2119
1555 2119
1554 2120
1553 2120
1552 2120
1551 2120
1550 2120
1549 2120
1548 2120
1547 2120
1546 2120
1545 2120
1544 2120
1543 2120
1542 2120
1541 2120
1540 2120
1539 2120
1538 2120
1537 2120
1536 2120
1535 2120
1534 2120
1533 2120
1532 2120
1531 2120
1530 2121
1529 2121
1528 2121
1527 2121
1526 2122
1525 2122
1524 2122
1523 2122
1522 2122
1521 2122
1520 2122
1519 2122
1518 2122
1517 2122
1516 2122
1515 2122
1514 2122
1513 2122
1512 2123
1511 2123
1510 2123
1509 2123
1508 2124
1507 2125
1506 2125
1505 2125
1504 2126
1503 2126
1502 2126
1501 2126
1500 2126
1499 2126
1498 2126
1497 2126
1496 2127
1495 2127
1494 2127
1493 2128
1492 2129
1491 2129
1490 2130
1489 2130
1488 2131
1487 2131
1486 2131
1485 2131
1485 2132
1484 2133
1483 2133
1482 2134
1481 2134
1480 2135
1479 2135
1478 2136
1477 2136
1476 2137
1475 2137
1474 2138
1473 2139
1472 2139
1471 2140
1470 2141
1469 2142
1468 2142
1467 2143
1466 2143
1466 2144
1465 2145
1464 2145
1463 2146
1462 2147
1461 2148
1460 2148
1459 2149
1458 2150
1457 2151
1456 2152
1455 2152
1454 2153
1453 2153
1453 2154
1452 2155
1451 2155
1450 2155
1449 2156
1448 2156
1447 2157
1446 2158
1445 2158
1444 2159
1443 2160
1442 2161
1442 2162
1441 2163
1440 2163
1439 2164
1439 2165
1438 2166
1437 2167
1436 2167
1435 2168
1434 2169
1434 2170
1433 2171
1432 2172
1431 2172
1431 2173
1430 2174
1429 2174
1428 2175
1427 2176
1426 2177
1425 2177
1425 2178
1424 2179
1423 2179
1422 2180
1421 2181
1420 2181
1420 2182
1419 2183
1418 2184
1418 2185
1417 2186
1416 2187
1415 2188
1415 2189
1414 2190
1413 2191
1412 2191
1411 2192
1410 2193
1410 2194
1409 2195
1408 2196
1407 2196
1407 2197
1406 2198
1405 2199
1405 2200
1404 2201
1403 2202
1403 2203
1402 2204
1401 2204
1401 2205
1400 2206
1399 2207
1399 2208
1398 2209
1397 2210
1397 2211
1396 2212
1395 2212
1395 2213
1394 2214
1393 2214
1392 2215
1391 2216
1391 2217
1390 2218
1389 2219
1388 2220
1388 2221
1387 2222
1387 2223
1386 2224
1385 2225
1385 2226
1384 2227
1383 2228
1383 2229
1382 2230
1381 2231
1380 2231
1380 2232
1379 2233
1379 2234
1378 2235
1378 2236
1377 2237
1377 2238
1376 2239
1375 2240
1374 2241
1374 2242
1373 2243
1372 2244
1372 2245
1372 2246
1371 2247
1371 2248
1370 2249
1370 2250
1369 2251
1369 2252
1368 2253
1368 2254
1367 2255
1366 2256
1366 2257
1366 2258
1366 2259
1365 2260
1365 2261
1364 2262
1364 2263
1364 2264
1363 2265
1363 2266
1362 2267
1362 2268
1361 2269
1361 2270
1360 2271
1360 2272
1360 2273
1359 2274
1359 2275
1358 2276
1358 2277
1358 2278
1358 2279
1357 2280
1356 2280
1356 2281
1356 2282
1356 2283
1355 2284
1355 2285
1355 2286
1355 2287
1354 2288
1354 2289
1354 2290
1354 2291
1353 2292
1353 2293
1352 2294
1352 2295
1352 2296
1351 2297
1351 2298
1350 2299
1350 2300
1350 2301
1349 2302
1349 2303
1349 2304
1349 2305
1349 2306
1349 2307
1348 2308
1348 2309
1348 2310
1348 2311
1347 2312
1347 2313
1347 2314
1347 2315
1347 2316
1347 2317
1346 2318
1346 2319
1346 2320
1346 2321
1345 2322
1345 2323
1345 2324
1345 2325
1345 2326
1345 2327
1344 2328
1344 2329
1344 2330
1344 2331
1343 2332
1343 2333
1342 2334
1342 2335
1342 2336
1342 2337
1341 2338
1341 2339
1341 2340
1341 2341
1341 2342
1341 2343
1341 2344
1341 2345
1341 2346
1341 2347
1341 2348
1341 2349
1340 2350
1340 2351
1340 2352
1340 2353
1339 2354
1339 2355
1339 2356
1339 2357
1339 2358
1339 2359
1339 2360
1339 2361
1339 2362
1339 2363
1338 2364
1338 2365
1338 2366
1338 2367
1337 2368
1337 2369
1336 2370
1336 2371
1336 2372
1336 2373
1335 2374
1335 2375
1335 2376
1335 2377
1335 2378
1335 2379
1335 2380
1335 2381
1335 2382
1335 2383
1335 2384
1335 2385
1335 2386
1335 2387
1335 2388
1335 2389
1335 2390
1335 2391
1335 2392
1335 2393
1335 2394
1335 2395
1334 2396
1334 2397
1334 2398
1334 2399
1334 2400
1334 2401
1334 2402
1334 2403
1335 2404
1336 2405
1336 2406
1337 2407
1337 2408
1338 2409
1338 2410
1338 2411
1339 2412
1339 2413
1339 2414
1339 2415
1339 2416
1339 2417
1340 2418
1340 2419
1340 2420
1340 2421
1341 2422
1341 2423
1341 2424
1342 2425
1342 2426
1343 2427
1344 2428
1344 2429
1345 2430
1345 2431
1345 2432
1346 2433
1346 2434
1346 2435
1347 2436
1347 2437
1348 2438
1348 2439
1348 2440
1349 2441
1349 2442
1350 2443
1350 2444
1350 2445
1351 2446
1352 2447
1352 2448
1353 2449
1353 2450
1353 2451
1354 2452
1354 2453
1354 2454
1354 2455
1355 2456
1355 2457
1355 2458
1355 2459
1356 2460
1356 2461
1356 2462
1357 2463
1357 2464
1358 2465
1358 2466
1358 2467
1359 2468
1359 2469
1360 2470
1360 2471
1360 2472
1361 2473
1361 2474
1362 2475
1362 2476
1362 2477
1363 2478
1364 2479
1364 2480
1365 2481
1365 2482
1366 2483
1366 2484
1366 2485
1367 2486
1368 2487
1368 2488
1369 2489
1369 2490
1370 2491
1370 2492
1370 2493
1371 2494
1372 2495
1373 2496
1373 2497
1374 2498
1374 2499
1375 2500
1375 2501
1376 2502
1376 2503
1376 2504
1377 2505
1377 2506
1378 2507
1379 2508
1379 2509
1380 2510
1381 2510
1382 2511
1382 2512
1383 2513
1384 2514
1385 2515
1385 2516
1386 2517
1387 2518
1387 2519
1388 2519
1389 2520
1389 2521
1390 2522
1391 2523
1391 2524
1392 2525
1392 2526
1393 2526
1394 2527
1394 2528
1395 2528
1396 2529
1396 2530
1396 2531
1397 2532
1397 2533
1398 2534
1398 2535
1398 2536
1399 2536
1400 2537
1400 2538
1401 2539
1402 2540
1403 2541
1403 2542
1404 2543
1405 2544
1405 2545
1406 2546
1407 2547
1407 2548
1408 2549
1408 2550
1409 2550
1410 2551
1410 2552
1411 2552
1412 2553
1412 2554
1413 2554
1414 2555
1414 2556
1415 2557
1416 2558
1417 2559
1417 2560
1418 2561
1419 2562
1419 2563
1420 2564
1421 2564
1422 2565
1423 2566
1424 2567
1424 2568
1425 2569
1426 2570
1427 2571
1428 2572
1429 2573
1429 2574
1430 2575
1430 2576
1431 2577
1432 2578
1433 2578
1434 2579
1435 2580
1435 2581
1436 2582
1437 2582
1438 2583
1438 2584
1439 2585
1440 2586
1441 2586
1442 2587
1443 2588
1443 2589
1444 2590
1445 2590
1446 2591
1446 2592
1447 2593
1448 2594
1449 2595
1450 2596
1451 2597
1452 2598
1453 2598
1454 2599
1455 2600
1456 2600
1457 2601
1457 2602
1458 2602
1459 2603
1460 2603
1461 2604
1461 2605
1462 2606
1463 2606
1464 2607
1464 2608
1465 2608
1466 2609
1466 2610
1467 2611
1468 2611
1469 2612
1470 2613
1471 2614
1472 2614
1473 2615
1474 2615
1475 2616
1476 2616
1477 2617
1478 2618
1479 2619
1480 2619
1481 2620
1482 2621
1483 2622
1484 2622
1485 2622
1486 2623
1487 2623
1488 2624
1489 2624
1490 2625
1491 2626
1492 2626
1493 2627
1494 2627
1495 2628
1496 2628
1497 2629
1497 2630
1498 2630
1499 2630
1500 2630
1501 2631
1502 2631
1503 2632
1504 2632
1505 2632
1506 2632
1507 2633
1508 2633
1509 2634
1510 2634
1511 2634
1512 2634
1513 2635
1514 2635
1515 2635
1516 2635
1517 2636
1518 2636
1519 2636
1520 2636
1521 2637
1522 2637
1523 2638
1524 2638
1525 2638
1526 2638
1527 2639
1528 2639
1529 2639
1530 2639
1531 2640
1532 2640
1533 2640
1534 2640
1535 2641
1536 2641
1537 2641
1538 2641
1539 2641
1540 2641
1541 2642
1542 2642
1543 2642
1544 2642
1545 2643
1546 2643
1547 2643
1548 2643
1549 2643
1550 2643
1551 2643
1552 2643
1553 2643
1554 2643
1555 2643
1556 2643
1557 2643
1558 2643
1559 2643
1560 2643
1561 2643
1562 2643
1562 2642
1562 2641
1562 2640
1562 2639
1562 2638
1563 2637
1564 2637
1565 2638
1565 2639
1565 2640
1565 2641
1565 2642
1565 2643
1566 2643
1567 2643
1568 2643
1569 2643
1570 2643
1571 2643
1572 2643
1573 2643
1574 2643
1575 2643
1576 2643
1577 2643
1578 2643
1579 2642
1580 2642
1581 2642
1582 2642
1583 2641
1584 2641
1585 2641
1586 2641
1587 2641
1588 2641
1589 2641
1590 2641
1591 2641
1592 2641
1593 2640
1594 2640
1595 2640
1596 2640
1597 2639
1598 2639
1599 2638
1600 2638
1601 2638
1602 2638
1603 2637
1604 2637
1605 2636
1606 2636
1607 2636
1608 2636
1609 2635
1610 2635
1611 2634
1612 2634
1613 2634
1614 2634
1615 2633
1616 2633
1617 2632
1618 2632
1619 2632
1620 2632
1621 2631
1622 2630
1623 2630
1624 2630
1624 2629
1625 2628
1626 2628
1627 2628
1628 2627
1629 2626
1630 2626
1631 2626
1632 2626
1632 2625
1633 2624
1634 2624
1635 2623
1636 2623
1636 2622
1637 2621
1638 2621
1639 2620
1640 2620
1640 2619
1641 2618
1642 2618
1643 2617
1644 2617
1645 2616
1646 2615
1647 2615
1648 2614
1649 2613
1650 2613
1650 2612
1651 2611
1652 2611
1653 2610
1654 2609
1655 2608
1655 2607
1656 2606
1657 2606
1658 2605
1659 2604
1660 2604
1661 2603
1662 2603
1663 2602
1664 2602
1665 2601
1666 2601
1667 2600
1667 2599
1668 2598
1669 2598
1670 2597
1670 2596
1671 2595
1672 2594
1673 2594
1674 2593
1675 2592
1675 2591
1676 2590
1677 2590
1678 2589
1678 2588
1679 2587
1680 2586
1681 2586
1682 2585
1682 2584
1683 2583
1684 2582
1685 2582
1685 2581
1685 2580
1686 2579
1687 2578
1688 2577
1689 2576
1689 2575
1690 2574
1691 2574
1692 2573
1692 2572
1693 2571
1694 2570
1694 2569
1695 2568
1695 2567
1696 2566
1696 2565
1697 2564
1698 2563
1698 2562
1699 2561
1699 2560
1700 2559
1701 2559
1701 2558
1702 2557
1702 2556
1703 2555
1704 2554
1704 2553
1705 2552
1705 2551
1706 2550
1707 2549
1707 2548
1708 2547
1708 2546
1709 2545
1710 2544
1710 2543
1711 2542
1711 2541
1712 2540
1712 2539
1713 2538
1713 2537
1713 2536
1714 2535
1715 2535
1715 2534
1715 2533
1715 2532
1716 2531
1716 2530
1717 2529
1717 2528
1717 2527
1718 2526
1718 2525
1719 2524
1720 2523
1720 2522
1721 2521
1722 2520
1722 2519
1722 2518
1723 2517
1723 2516
1723 2515
1723 2514
1724 2513
1724 2512
1725 2511
1725 2510
1725 2509
1725 2508
1726 2507
1726 2506
1726 2505
1727 2504
1727 2503
1727 2502
1728 2501
1728 2500
1729 2499
1729 2498
1729 2497
1730 2496
1730 2495
1730 2494
1730 2493
1730 2492
1730 2491
1730 2490
1730 2489
1731 2488
1731 2487
1731 2486
1732 2485
1732 2484
1732 2483
1732 2482
1732 2481
1732 2480
1733 2479
1733 2478
1733 2477
1733 2476
1734 2475
1734 2474
1734 2473
1734 2472
1734 2471
1734 2470
1734 2469
1734 2468
1734 2467
1734 2466
1734 2465
1735 2464
1735 2463
1735 2462
1736 2461
1736 2460
1736 2459
1736 2458
1736 2457
1736 2456
1736 2455
1736 2454
1736 2453
1736 2452
1736 2451
1736 2450
1736 2449
1736 2448
1736 2447
1736 2446
1736 2445
1736 2444
1737 2443
1737 2442
1737 2441
1738 2440
1738 2439
1738 2438
1738 2437
1738 2436
1738 2435
1738 2434
1738 2433
1738 2432
1738 2431
1738 2430
1738 2429
1738 2428
1738 2427
1738 2426
1738 2425
1738 2424
1738 2423
1738 2422
1738 2421
1738 2420
1738 2419
1738 2418
1738 2417
1738 2416
1738 2415
1738 2414
1738 2413
1738 2412
1738 2411
1738 2410
1738 2409
1738 2408
1737 2407
1737 2406
1737 2405
1736 2404
1735 2403
1734 2402
1734 2401
1733 2400
1733 2399
1734 2398
1734 2397
1735 2396
1736 2395
1736 2394
1736 2393
1736 2392
1736 2391
1736 2390
1736 2389
1736 2388
1736 2387
1736 2386
1736 2385
1736 2384
1736 2383
1736 2382
1736 2381
1736 2380
1735 2379
1735 2378
1735 2377
1734 2376
1734 2375
1734 2374
1734 2373
1734 2372
1734 2371
1734 2370
1734 2369
1734 2368
1733 2367
1733 2366
1733 2365
1733 2364
1732 2363
1732 2362
1732 2361
1732 2360
1732 2359
1732 2358
1732 2357
1732 2356
1732 2355
1732 2354
1732 2353
1732 2352
1732 2351
1732 2350
1732 2349
1732 2348
1732 2347
1732 2346
1731 2345
1731 2344
1731 2343
1731 2342
1730 2341
1730 2340
1730 2339
1730 2338
1730 2337
1730 2336
1730 2335
1730 2334
1730 2333
1730 2332
1729 2331
1729 2330
1729 2329
1729 2328
1728 2327
1728 2326
1728 2325
1728 2324
1728 2323
1728 2322
1728 2321
1728 2320
1727 2319
1727 2318
1727 2317
1727 2316
1726 2315
1726 2314
1726 2313
1726 2312
1726 2311
1726 2310
1725 2309
1725 2308
1725 2307
1725 2306
1724 2305
1724 2304
1723 2303
1723 2302
1723 2301
1723 2300
1722 2299
1722 2298
1722 2297
1722 2296
1721 2295
1721 2294
1721 2293
1721 2292
1720 2291
1720 2290
1720 2289
1720 2288
1719 2287
1719 2286
1719 2285
1719 2284
1718 2283
1718 2282
1718 2281
1717 2280
1717 2279
1717 2278
1716 2277
1716 2276
1716 2275
1716 2274
1715 2273
1715 2272
1715 2271
1715 2270
1714 2269
1714 2268
1713 2267
1713 2266
1713 2265
1712 2264
1712 2263
1712 2262
1711 2261
1711 2260
1711 2259
1711 2258
1710 2257
1709 2256
1709 2255
1709 2254
1708 2254
1707 2253
1707 2252
1707 2251
1707 2250
1706 2249
1706 2248
1705 2247
1705 2246
1705 2245
1704 2244
1704 2243
1703 2242
1703 2241
1703 2240
1702 2239
1702 2238
1701 2237
1701 2236
1701 2235
1701 2234
1700 2234
1699 2233
1699 2232
1699 2231
1699 2230
1698 2229
1697 2228
1697 2227
1696 2226
1696 2225
1695 2224
1695 2223
1695 2222
1694 2221
1694 2220
1694 2219
1693 2218
1692 2217
1692 2216
1691 2215
1690 2214
1690 2213
1689 2212
1689 2211
1688 2210
1688 2209
1687 2208
1687 2207
1687 2206
1686 2205
1686 2204
1685 2203
1685 2202
1685 2201
1684 2200
1684 2199
1683 2198
1683 2197
1683 2196
1682 2195
1681 2194
1681 2193
1680 2192
1680 2191
1679 2190
1678 2189
1678 2188
1677 2187
1677 2186
1676 2186
1675 2185
1675 2184
1674 2183
1674 2182
1673 2181
1672 2180
1672 2179
1671 2178
1670 2177
1670 2176
1669 2175
1668 2175
1667 2174
1666 2173
1666 2172
1665 2171
1664 2171
1663 2170
1663 2169
1662 2168
1661 2167
1660 2167
1659 2166
1658 2165
1658 2164
1657 2163
1656 2163
1655 2162
1655 2161
1654 2160
1653 2159
1652 2159
1651 2158
1650 2157
1650 2156
1649 2155
1648 2155
1647 2154
1647 2153
1646 2152
1645 2151
1644 2150
1643 2150
1642 2149
1641 2148
1640 2147
1639 2147
1638 2146
1637 2146
1636 2145
1635 2144
1634 2144
1633 2143
1632 2143
1631 2142
1630 2142
1629 2141
1628 2140
1627 2139
1626 2139
1625 2139
1624 2138
1624 2137
1623 2137
1622 2137
1621 2137
1620 2136
1619 2136
1618 2135
1617 2135
1616 2135
1615 2134
1614 2134
1613 2133
1612 2133
1611 2133
1610 2132
1609 2132
1608 2131
1607 2131
1606 2131
1605 2131
1604 2130
1603 2130
1602 2129
1601 2129
1600 2129
1599 2129
1598 2128
1597 2128
1596 2128
1595 2128
1594 2127
1593 2127
1592 2127
1591 2127
1590 2126
1589 2126
1588 2126
1587 2126
1586 2125
1585 2125
1584 2125
1583 2125
1582 2124
1581 2124
1580 2124
1579 2124
1578 2123
1577 2123
1576 2123
1575 2123
1574 2122
1573 2122
1572 2121
1571 2120
1570 2119
1569 2119
1568 2118
1567 2118
1566 2118
1565 2118
1564 2118
1563 2118
1562 2118
1561 2118
1560 2118
1559 2118
