895 5813
894 5814
893 5814
892 5814
891 5814
890 5815
889 5815
888 5815
887 5815
886 5815
885 5815
884 5815
883 5816
882 5816
881 5816
880 5817
879 5817
878 5817
877 5817
876 5817
875 5817
874 5818
873 5818
872 5818
871 5819
870 5819
869 5819
868 5819
867 5819
866 5819
865 5819
864 5820
863 5820
862 5820
861 5820
860 5821
859 5821
858 5821
857 5821
856 5822
855 5822
854 5822
853 5822
852 5823
851 5823
850 5823
849 5823
848 5824
847 5824
846 5824
845 5824
844 5825
843 5825
842 5825
841 5825
840 5826
839 5826
838 5826
837 5826
836 5827
835 5827
834 5828
833 5828
832 5828
831 5829
830 5829
829 5830
828 5830
827 5830
826 5831
825 5831
824 5832
823 5832
822 5833
821 5833
820 5834
819 5834
818 5835
817 5835
816 5836
815 5836
814 5836
813 5837
812 5837
811 5838
810 5838
809 5838
808 5839
807 5840
806 5840
805 5841
804 5841
803 5842
802 5843
801 5843
800 5844
799 5844
798 5845
797 5845
796 5846
795 5846
794 5847
793 5847
793 5848
792 5849
791 5849
791 5850
790 5851
789 5851
788 5852
787 5853
787 5854
786 5855
785 5855
784 5856
783 5857
782 5858
781 5859
780 5859
780 5860
779 5861
779 5862
778 5863
777 5863
777 5864
776 5865
775 5865
775 5866
774 5867
773 5867
772 5868
771 5869
771 5870
770 5871
769 5871
769 5872
768 5873
767 5873
767 5874
766 5875
765 5875
764 5876
763 5877
763 5878
762 5879
761 5879
761 5880
760 5881
759 5881
759 5882
758 5883
757 5884
757 5885
756 5886
756 5887
756 5888
755 5889
754 5889
754 5890
753 5891
752 5892
751 5893
751 5894
750 5895
749 5896
748 5897
748 5898
747 5899
747 5900
746 5901
745 5902
744 5903
744 5904
743 5905
742 5905
742 5906
742 5907
741 5908
740 5909
740 5910
739 5911
739 5912
738 5913
737 5914
737 5915
736 5916
736 5917
735 5918
735 5919
734 5920
734 5921
734 5922
733 5923
733 5924
732 5925
732 5926
732 5927
732 5928
731 5929
730 5929
730 5930
730 5931
729 5932
729 5933
728 5934
728 5935
727 5936
726 5937
726 5938
726 5939
725 5940
725 5941
724 5942
724 5943
724 5944
723 5945
723 5946
723 5947
723 5948
723 5949
723 5950
723 5951
722 5952
722 5953
721 5954
721 5955
720 5956
720 5957
720 5958
719 5959
719 5960
719 5961
719 5962
719 5963
719 5964
719 5965
719 5966
719 5967
719 5968
718 5969
718 5970
718 5971
718 5972
717 5973
717 5974
717 5975
717 5976
717 5977
717 5978
716 5979
716 5980
716 5981
716 5982
715 5983
715 5984
715 5985
715 5986
715 5987
715 5988
715 5989
715 5990
715 5991
714 5992
714 5993
714 5994
713 5995
713 5996
713 5997
713 5998
713 5999
713 6000
713 6001
713 6002
713 6003
713 6004
713 6005
713 6006
713 6007
713 6008
713 6009
713 6010
713 6011
713 6012
713 6013
713 6014
713 6015
713 6016
714 6017
714 6018
714 6019
714 6020
715 6021
715 6022
715 6023
715 6024
715 6025
715 6026
715 6027
715 6028
715 6029
715 6030
715 6031
715 6032
716 6033
716 6034
716 6035
716 6036
717 6037
717 6038
717 6039
717 6040
717 6041
717 6042
718 6043
718 6044
718 6045
718 6046
719 6047
719 6048
719 6049
719 6050
720 6051
720 6052
720 6053
721 6054
721 6055
722 6056
722 6057
723 6058
723 6059
723 6060
723 6061
723 6062
723 6063
723 6064
724 6065
724 6066
724 6067
724 6068
725 6069
725 6070
725 6071
725 6072
726 6073
726 6074
726 6075
727 6076
728 6077
728 6078
728 6079
728 6080
729 6081
729 6082
729 6083
729 6084
729 6085
729 6086
730 6087
730 6088
731 6089
731 6090
732 6091
732 6092
733 6093
734 6094
734 6095
734 6096
735 6097
736 6098
736 6099
737 6100
737 6101
738 6102
738 6103
738 6104
739 6104
740 6105
740 6106
740 6107
740 6108
741 6109
741 6110
741 6111
742 6112
743 6113
743 6114
744 6115
745 6115
746 6116
747 6117
747 6118
748 6119
748 6120
749 6121
749 6122
750 6123
750 6124
751 6125
751 6126
752 6126
753 6127
753 6128
754 6129
755 6130
755 6131
756 6132
757 6133
757 6134
758 6134
759 6135
759 6136
760 6136
761 6137
761 6138
762 6138
763 6139
763 6140
764 6141
765 6142
766 6142
767 6143
767 6144
768 6144
769 6145
769 6146
770 6146
771 6147
771 6148
772 6149
773 6150
774 6150
775 6151
775 6152
776 6152
777 6153
777 6154
778 6154
779 6155
779 6156
780 6157
781 6158
782 6158
783 6159
783 6160
784 6160
785 6161
785 6162
786 6162
787 6163
787 6164
788 6165
789 6166
790 6166
791 6167
791 6168
792 6168
793 6169
794 6170
795 6171
796 6172
797 6172
798 6173
799 6174
800 6175
801 6175
802 6176
803 6176
804 6177
805 6178
806 6179
807 6180
808 6181
809 6181
810 6181
811 6182
812 6182
813 6183
814 6183
815 6184
816 6184
817 6185
817 6186
818 6186
819 6187
820 6188
821 6188
822 6188
823 6189
824 6189
825 6189
826 6190
827 6190
828 6191
829 6192
830 6192
831 6193
832 6193
833 6194
834 6194
835 6195
836 6195
837 6195
838 6195
839 6196
840 6196
841 6197
842 6197
843 6197
844 6198
845 6199
846 6199
847 6199
848 6199
849 6200
850 6200
851 6200
852 6200
853 6200
854 6200
855 6200
856 6200
857 6201
858 6201
859 6201
860 6202
861 6202
862 6202
863 6202
864 6202
865 6202
866 6202
867 6203
868 6203
869 6203
870 6203
871 6204
872 6204
873 6204
874 6204
875 6204
876 6204
877 6204
878 6204
879 6205
880 6205
881 6205
882 6206
883 6206
884 6206
885 6206
886 6206
887 6206
888 6206
889 6206
890 6206
891 6206
892 6206
893 6206
894 6206
895 6206
896 6206
897 6206
898 6206
899 6206
900 6206
901 6206
902 6206
903 6206
904 6206
905 6206
906 6206
907 6205
908 6205
909 6205
910 6205
911 6204
912 6204
913 6204
914 6204
915 6203
916 6203
917 6203
918 6203
919 6202
920 6202
921 6202
922 6202
923 6202
924 6202
925 6202
926 6201
927 6201
928 6201
929 6200
930 6200
931 6200
932 6200
933 6200
934 6199
935 6199
936 6199
937 6198
938 6198
939 6198
940 6198
941 6198
942 6198
943 6197
944 6197
945 6197
946 6197
947 6196
948 6196
949 6195
950 6195
951 6194
952 6194
953 6193
954 6192
955 6192
956 6191
957 6191
958 6191
959 6190
960 6189
961 6189
962 6189
963 6188
964 6187
965 6187
966 6187
967 6186
968 6185
969 6184
970 6184
970 6183
971 6182
972 6182
972 6181
973 6180
974 6179
974 6178
975 6177
976 6176
977 6175
978 6174
979 6173
979 6172
980 6171
981 6170
982 6170
982 6169
983 6168
984 6168
985 6167
986 6166
986 6165
987 6164
988 6163
989 6162
990 6162
991 6161
992 6160
992 6159
993 6158
994 6157
994 6156
995 6155
996 6154
997 6153
998 6152
998 6151
999 6150
1000 6150
1001 6149
1002 6148
1003 6147
1004 6146
1004 6145
1005 6144
1006 6143
1007 6142
1007 6141
1008 6140
1009 6139
1010 6138
1011 6137
1011 6136
1012 6135
1013 6134
1014 6133
1014 6132
1015 6131
1016 6130
1016 6129
1017 6128
1018 6127
1018 6126
1019 6125
1020 6124
1020 6123
1021 6122
1022 6122
1022 6121
1023 6120
1023 6119
1024 6118
1024 6117
1025 6116
1025 6115
1025 6114
1025 6113
1026 6112
1026 6111
1027 6110
1027 6109
1027 6108
1027 6107
1028 6106
1028 6105
1028 6104
1028 6103
1029 6102
1029 6101
1029 6100
1029 6099
1030 6098
1030 6097
1030 6096
1030 6095
1030 6094
1030 6093
1030 6092
1030 6091
1030 6090
1030 6089
1030 6088
1030 6087
1031 6086
1031 6085
1031 6084
1031 6083
1032 6082
1032 6081
1032 6080
1032 6079
1032 6078
1032 6077
1033 6076
1033 6075
1033 6074
1033 6073
1034 6072
1034 6071
1034 6070
1034 6069
1034 6068
1034 6067
1034 6066
1034 6065
1034 6064
1034 6063
1034 6062
1034 6061
1034 6060
1034 6059
1034 6058
1034 6057
1034 6056
1034 6055
1034 6054
1034 6053
1035 6052
1035 6051
1035 6050
1035 6049
1036 6048
1036 6047
1036 6046
1036 6045
1036 6044
1036 6043
1036 6042
1036 6041
1036 6040
1036 6039
1036 6038
1036 6037
1036 6036
1036 6035
1036 6034
1036 6033
1036 6032
1036 6031
1036 6030
1036 6029
1036 6028
1036 6027
1037 6026
1037 6025
1037 6024
1038 6023
1038 6022
1038 6021
1038 6020
1038 6019
1038 6018
1038 6017
1038 6016
1038 6015
1038 6014
1038 6013
1038 6012
1038 6011
1038 6010
1038 6009
1038 6008
1038 6007
1038 6006
1038 6005
1038 6004
1038 6003
1038 6002
1038 6001
1038 6000
1038 5999
1038 5998
1038 5997
1038 5996
1038 5995
1038 5994
1038 5993
1038 5992
1038 5991
1038 5990
1038 5989
1038 5988
1038 5987
1038 5986
1038 5985
1038 5984
1038 5983
1038 5982
1038 5981
1038 5980
1038 5979
1038 5978
1038 5977
1038 5976
1038 5975
1037 5974
1037 5973
1037 5972
1037 5971
1036 5970
1036 5969
1036 5968
1036 5967
1036 5966
1036 5965
1036 5964
1036 5963
1036 5962
1036 5961
1036 5960
1036 5959
1036 5958
1036 5957
1035 5956
1035 5955
1035 5954
1035 5953
1034 5952
1034 5951
1034 5950
1034 5949
1034 5948
1034 5947
1034 5946
1034 5945
1034 5944
1034 5943
1033 5942
1033 5941
1033 5940
1033 5939
1032 5938
1032 5937
1032 5936
1032 5935
1032 5934
1032 5933
1032 5932
1032 5931
1032 5930
1032 5929
1031 5928
1031 5927
1031 5926
1031 5925
1030 5924
1029 5923
1029 5922
1029 5921
1028 5920
1028 5919
1027 5918
1027 5917
1027 5916
1027 5915
1026 5914
1026 5913
1025 5912
1025 5911
1025 5910
1025 5909
1024 5908
1024 5907
1023 5906
1023 5905
1023 5904
1022 5903
1021 5902
1021 5901
1021 5900
1021 5899
1020 5898
1019 5897
1019 5896
1019 5895
1018 5894
1018 5893
1017 5892
1017 5891
1016 5890
1016 5889
1015 5888
1015 5887
1014 5886
1014 5885
1013 5884
1013 5883
1012 5882
1012 5881
1011 5881
1010 5880
1010 5879
1009 5878
1008 5877
1008 5876
1007 5875
1006 5874
1006 5873
1005 5872
1004 5871
1003 5871
1002 5870
1002 5869
1001 5868
1000 5867
999 5867
998 5866
997 5865
996 5865
995 5864
994 5863
993 5863
992 5862
991 5861
990 5860
990 5859
989 5859
988 5858
987 5857
987 5856
986 5855
985 5854
984 5854
983 5853
982 5852
982 5851
981 5851
980 5850
979 5849
979 5848
978 5847
977 5847
976 5846
975 5845
974 5844
973 5844
972 5843
971 5843
970 5842
970 5841
969 5841
968 5840
968 5839
967 5839
966 5838
965 5837
965 5836
964 5835
963 5835
962 5834
961 5834
960 5833
960 5832
959 5832
958 5831
957 5831
956 5830
955 5829
954 5829
953 5828
952 5827
951 5827
950 5826
949 5825
948 5825
947 5824
946 5824
945 5823
944 5822
943 5822
942 5822
941 5822
940 5821
939 5821
938 5820
937 5820
936 5820
935 5820
934 5819
933 5818
932 5818
931 5818
930 5817
929 5817
928 5817
927 5817
926 5816
925 5816
924 5816
923 5816
922 5815
921 5815
920 5815
919 5815
918 5814
917 5814
916 5814
915 5814
914 5813
913 5813
912 5813
911 5813
910 5813
909 5813
908 5813
907 5813
906 5813
905 5813
904 5813
903 5813
902 5813
901 5813
900 5813
899 5813
898 5813
897 5813
896 5813
895 5813
