2108 5241
2107 5242
2106 5242
2105 5242
2104 5243
2103 5243
2102 5243
2101 5243
2100 5243
2099 5243
2098 5243
2097 5243
2096 5243
2095 5243
2094 5243
2093 5243
2092 5243
2091 5243
2090 5243
2089 5244
2088 5244
2087 5244
2086 5244
2085 5245
2084 5245
2083 5245
2082 5245
2081 5246
2080 5246
2079 5246
2078 5246
2077 5247
2076 5247
2075 5247
2074 5247
2073 5248
2072 5248
2071 5248
2070 5248
2069 5249
2068 5249
2067 5250
2066 5250
2065 5250
2064 5251
2063 5251
2062 5252
2061 5253
2060 5253
2059 5254
2058 5254
2057 5255
2056 5255
2055 5256
2054 5256
2053 5257
2052 5257
2052 5258
2051 5259
2050 5259
2049 5260
2048 5261
2047 5261
2046 5262
2045 5263
2044 5263
2044 5264
2043 5265
2042 5266
2041 5266
2040 5267
2039 5268
2039 5269
2038 5270
2037 5271
2036 5271
2035 5272
2035 5273
2034 5274
2033 5274
2032 5275
2031 5276
2030 5277
2030 5278
2029 5279
2028 5280
2028 5281
2027 5282
2027 5283
2027 5284
2026 5285
2025 5285
2025 5286
2024 5287
2024 5288
2023 5289
2022 5290
2022 5291
2021 5292
2020 5293
2020 5294
2019 5295
2019 5296
2018 5297
2018 5298
2017 5299
2017 5300
2017 5301
2016 5302
2016 5303
2015 5304
2015 5305
2014 5306
2014 5307
2013 5308
2012 5309
2011 5310
2010 5311
2010 5312
2009 5313
2009 5314
2008 5315
2008 5316
2007 5317
2007 5318
2006 5319
2006 5320
2005 5321
2004 5321
2004 5322
2003 5323
2002 5323
2002 5324
2001 5325
2000 5325
1999 5326
1998 5327
1997 5328
1996 5329
1996 5330
1995 5331
1994 5331
1994 5332
1993 5333
1992 5334
1991 5335
1990 5335
1989 5336
1988 5337
1987 5338
1986 5339
1985 5339
1984 5340
1983 5340
1983 5341
1982 5342
1981 5343
1980 5343
1979 5344
1978 5345
1977 5345
1976 5346
1975 5347
1974 5347
1974 5348
1973 5349
1973 5350
1972 5351
1971 5352
1971 5353
1970 5354
1969 5355
1969 5356
1968 5357
1967 5358
1967 5359
1967 5360
1966 5361
1966 5362
1965 5363
1965 5364
1965 5365
1964 5366
1964 5367
1963 5368
1963 5369
1963 5370
1962 5371
1962 5372
1961 5373
1961 5374
1960 5375
1960 5376
1959 5377
1959 5378
1958 5379
1958 5380
1957 5381
1957 5382
1957 5383
1957 5384
1956 5385
1956 5386
1956 5387
1956 5388
1955 5389
1955 5390
1955 5391
1955 5392
1954 5393
1953 5393
1953 5394
1953 5395
1953 5396
1952 5397
1951 5397
1951 5398
1951 5399
1951 5400
1950 5401
1950 5402
1950 5403
1950 5404
1949 5405
1949 5406
1948 5407
1948 5408
1947 5409
1947 5410
1946 5411
1946 5412
1946 5413
1946 5414
1945 5415
1945 5416
1945 5417
1945 5418
1944 5419
1944 5420
1943 5421
1943 5422
1943 5423
1943 5424
1942 5425
1941 5425
1941 5426
1941 5427
1941 5428
1940 5429
1940 5430
1940 5431
1940 5432
1940 5433
1940 5434
1940 5435
1940 5436
1940 5437
1940 5438
1940 5439
1940 5440
1940 5441
1940 5442
1940 5443
1940 5444
1940 5445
1940 5446
1940 5447
1940 5448
1940 5449
1940 5450
1940 5451
1940 5452
1940 5453
1940 5454
1940 5455
1940 5456
1940 5457
1940 5458
1940 5459
1940 5460
1940 5461
1940 5462
1939 5463
1939 5464
1939 5465
1938 5466
1938 5467
1938 5468
1938 5469
1938 5470
1938 5471
1938 5472
1937 5473
1937 5474
1937 5475
1937 5476
1936 5477
1936 5478
1936 5479
1936 5480
1936 5481
1936 5482
1936 5483
1936 5484
1936 5485
1936 5486
1936 5487
1936 5488
1935 5489
1935 5490
1935 5491
1934 5492
1934 5493
1933 5494
1933 5495
1933 5496
1932 5497
1932 5498
1932 5499
1932 5500
1931 5501
1931 5502
1931 5503
1931 5504
1930 5505
1929 5505
1929 5506
1929 5507
1929 5508
1928 5509
1927 5509
1927 5510
1927 5511
1927 5512
1926 5513
1926 5514
1926 5515
1926 5516
1925 5517
1925 5518
1925 5519
1925 5520
1924 5521
1923 5521
1923 5522
1923 5523
1923 5524
1922 5525
1922 5526
1922 5527
1922 5528
1922 5529
1922 5530
1921 5531
1921 5532
1921 5533
1921 5534
1920 5535
1920 5536
1920 5537
1920 5538
1920 5539
1920 5540
1920 5541
1920 5542
1920 5543
1920 5544
1920 5545
1920 5546
1920 5547
1920 5548
1920 5549
1920 5550
1920 5551
1920 5552
1920 5553
1920 5554
1920 5555
1920 5556
1920 5557
1920 5558
1920 5559
1920 5560
1920 5561
1920 5562
1920 5563
1920 5564
1920 5565
1920 5566
1920 5567
1920 5568
1920 5569
1920 5570
1920 5571
1920 5572
1920 5573
1920 5574
1920 5575
1920 5576
1920 5577
1920 5578
1920 5579
1920 5580
1920 5581
1920 5582
1920 5583
1920 5584
1920 5585
1920 5586
1920 5587
1920 5588
1920 5589
1920 5590
1920 5591
1920 5592
1920 5593
1920 5594
1920 5595
1920 5596
1921 5597
1921 5598
1921 5599
1921 5600
1922 5601
1922 5602
1923 5603
1923 5604
1923 5605
1923 5606
1924 5607
1924 5608
1924 5609
1924 5610
1924 5611
1924 5612
1924 5613
1924 5614
1924 5615
1924 5616
1924 5617
1924 5618
1924 5619
1924 5620
1924 5621
1924 5622
1924 5623
1924 5624
1925 5625
1925 5626
1925 5627
1925 5628
1926 5629
1926 5630
1927 5631
1927 5632
1927 5633
1927 5634
1928 5635
1928 5636
1928 5637
1928 5638
1929 5639
1929 5640
1929 5641
1929 5642
1930 5643
1930 5644
1931 5645
1931 5646
1931 5647
1931 5648
1932 5649
1932 5650
1932 5651
1932 5652
1933 5653
1933 5654
1933 5655
1934 5656
1935 5656
1936 5657
1936 5658
1937 5659
1937 5660
1938 5661
1938 5662
1938 5663
1938 5664
1938 5665
1938 5666
1939 5667
1939 5668
1940 5669
1940 5670
1941 5671
1941 5672
1942 5673
1942 5674
1942 5675
1942 5676
1942 5677
1942 5678
1943 5679
1943 5680
1943 5681
1943 5682
1944 5683
1944 5684
1945 5685
1945 5686
1946 5687
1946 5688
1947 5689
1947 5690
1948 5690
1949 5691
1949 5692
1949 5693
1949 5694
1950 5695
1951 5696
1951 5697
1952 5698
1952 5699
1953 5700
1954 5701
1954 5702
1955 5703
1955 5704
1956 5704
1957 5705
1957 5706
1957 5707
1957 5708
1958 5708
1959 5709
1959 5710
1959 5711
1960 5711
1961 5712
1961 5713
1962 5714
1963 5715
1964 5716
1964 5717
1965 5718
1966 5719
1967 5720
1968 5721
1968 5722
1969 5723
1970 5724
1971 5725
1971 5726
1972 5727
1973 5728
1974 5729
1974 5730
1975 5731
1976 5732
1977 5733
1978 5734
1978 5735
1979 5736
1980 5737
1980 5738
1981 5738
1982 5739
1982 5740
1983 5741
1984 5742
1985 5743
1986 5743
1987 5744
1987 5745
1988 5746
1989 5746
1990 5747
1991 5748
1991 5749
1992 5750
1993 5751
1994 5751
1995 5752
1995 5753
1996 5754
1997 5754
1998 5755
1999 5756
1999 5757
2000 5758
2001 5758
2002 5759
2003 5760
2004 5760
2005 5761
2006 5762
2007 5762
2008 5763
2008 5764
2009 5764
2010 5765
2011 5766
2012 5766
2013 5767
2014 5768
2015 5769
2016 5769
2017 5770
2018 5771
2019 5772
2020 5773
2021 5773
2022 5774
2023 5774
2024 5775
2025 5776
2026 5776
2027 5777
2028 5778
2029 5778
2030 5779
2031 5779
2032 5780
2032 5781
2033 5781
2034 5781
2035 5781
2036 5782
2037 5782
2038 5783
2039 5783
2040 5784
2041 5784
2042 5785
2043 5785
2044 5786
2045 5786
2046 5787
2047 5787
2048 5787
2049 5788
2050 5788
2051 5788
2052 5789
2053 5789
2054 5789
2055 5789
2056 5790
2057 5790
2058 5791
2059 5791
2060 5791
2061 5791
2062 5792
2063 5792
2064 5792
2065 5792
2066 5793
2067 5793
2068 5793
2069 5793
2070 5794
2071 5794
2072 5794
2073 5794
2074 5794
2075 5794
2076 5794
2077 5794
2078 5794
2079 5794
2080 5794
2081 5794
2082 5794
2083 5794
2084 5794
2085 5794
2086 5794
2087 5794
2088 5794
2089 5794
2090 5794
2091 5794
2092 5794
2093 5794
2094 5794
2095 5794
2096 5795
2097 5795
2098 5795
2099 5795
2100 5796
2101 5796
2102 5796
2103 5796
2104 5796
2105 5796
2106 5796
2107 5796
2108 5797
2109 5797
2110 5797
2111 5797
2112 5798
2113 5798
2114 5798
2115 5798
2116 5798
2117 5798
2118 5798
2119 5798
2120 5798
2121 5798
2122 5798
2123 5798
2124 5798
2125 5798
2126 5798
2127 5798
2128 5798
2129 5798
2130 5798
2131 5798
2132 5798
2133 5798
2134 5797
2135 5797
2136 5797
2137 5797
2138 5796
2139 5796
2140 5796
2141 5796
2142 5795
2143 5795
2144 5795
2145 5795
2146 5794
2147 5794
2148 5794
2149 5794
2150 5794
2151 5793
2152 5793
2153 5793
2154 5792
2155 5792
2156 5792
2157 5792
2158 5791
2159 5791
2160 5791
2161 5790
2162 5790
2163 5789
2164 5789
2165 5788
2166 5788
2167 5787
2168 5787
2169 5787
2170 5786
2171 5785
2172 5785
2173 5784
2174 5784
2175 5783
2176 5783
2177 5782
2178 5781
2179 5781
2180 5780
2181 5780
2182 5779
2183 5779
2184 5778
2185 5777
2186 5776
2187 5775
2188 5774
2189 5774
2190 5773
2190 5772
2191 5771
2192 5771
2193 5770
2194 5769
2194 5768
2195 5767
2196 5766
2197 5766
2197 5765
2198 5764
2199 5763
2200 5762
2200 5761
2200 5760
2201 5759
2201 5758
2202 5757
2203 5756
2204 5755
2205 5754
2205 5753
2206 5752
2207 5751
2207 5750
2208 5749
2209 5748
2210 5747
2211 5746
2211 5745
2212 5744
2213 5743
2214 5742
2214 5741
2215 5740
2215 5739
2216 5738
2217 5738
2218 5737
2218 5736
2219 5735
2220 5734
2221 5734
2222 5733
2222 5732
2223 5731
2224 5731
2225 5730
2226 5729
2227 5728
2228 5728
2229 5727
2230 5726
2231 5726
2231 5725
2232 5724
2233 5724
2234 5723
2235 5722
2236 5721
2237 5720
2238 5719
2239 5718
2239 5717
2240 5716
2240 5715
2241 5714
2241 5713
2242 5712
2242 5711
2243 5710
2244 5709
2244 5708
2245 5707
2246 5706
2247 5705
2248 5704
2248 5703
2249 5702
2249 5701
2250 5700
2250 5699
2251 5698
2251 5697
2252 5696
2253 5695
2254 5694
2254 5693
2255 5692
2256 5691
2257 5690
2257 5689
2258 5688
2259 5687
2260 5686
2261 5685
2262 5684
2262 5683
2262 5682
2262 5681
2263 5680
2264 5680
2264 5679
2264 5678
2264 5677
2265 5676
2266 5676
2266 5675
2266 5674
2266 5673
2267 5672
2268 5672
2268 5671
2268 5670
2268 5669
2269 5668
2269 5667
2270 5666
2270 5665
2270 5664
2271 5663
2271 5662
2272 5661
2272 5660
2273 5659
2273 5658
2274 5657
2274 5656
2275 5655
2276 5654
2276 5653
2277 5652
2277 5651
2278 5650
2278 5649
2278 5648
2279 5647
2279 5646
2280 5645
2280 5644
2281 5643
2281 5642
2282 5641
2282 5640
2283 5639
2284 5638
2284 5637
2284 5636
2284 5635
2285 5634
2286 5633
2286 5632
2287 5631
2287 5630
2288 5629
2288 5628
2289 5627
2289 5626
2290 5625
2290 5624
2291 5623
2291 5622
2292 5621
2292 5620
2292 5619
2293 5618
2293 5617
2294 5616
2294 5615
2294 5614
2295 5613
2296 5612
2296 5611
2296 5610
2296 5609
2297 5608
2298 5608
2298 5607
2298 5606
2298 5605
2299 5604
2299 5603
2299 5602
2299 5601
2299 5600
2299 5599
2299 5598
2299 5597
2300 5596
2300 5595
2300 5594
2300 5593
2301 5592
2301 5591
2301 5590
2301 5589
2302 5588
2302 5587
2302 5586
2302 5585
2303 5584
2303 5583
2303 5582
2303 5581
2303 5580
2303 5579
2303 5578
2303 5577
2303 5576
2303 5575
2303 5574
2303 5573
2303 5572
2303 5571
2303 5570
2303 5569
2303 5568
2303 5567
2303 5566
2303 5565
2303 5564
2303 5563
2303 5562
2303 5561
2303 5560
2303 5559
2303 5558
2303 5557
2304 5556
2304 5555
2304 5554
2304 5553
2305 5552
2305 5551
2305 5550
2305 5549
2305 5548
2305 5547
2305 5546
2305 5545
2305 5544
2305 5543
2305 5542
2305 5541
2305 5540
2305 5539
2305 5538
2306 5537
2306 5536
2306 5535
2307 5534
2307 5533
2307 5532
2307 5531
2307 5530
2307 5529
2308 5528
2308 5527
2308 5526
2308 5525
2309 5524
2309 5523
2309 5522
2309 5521
2309 5520
2309 5519
2310 5518
2310 5517
2310 5516
2310 5515
2311 5514
2311 5513
2312 5512
2312 5511
2312 5510
2312 5509
2313 5508
2313 5507
2314 5506
2314 5505
2315 5504
2315 5503
2316 5502
2316 5501
2317 5500
2318 5500
2318 5499
2318 5498
2318 5497
2319 5496
2319 5495
2320 5494
2320 5493
2320 5492
2320 5491
2321 5490
2321 5489
2321 5488
2321 5487
2321 5486
2321 5485
2321 5484
2321 5483
2321 5482
2321 5481
2321 5480
2321 5479
2321 5478
2321 5477
2321 5476
2321 5475
2321 5474
2321 5473
2321 5472
2321 5471
2321 5470
2321 5469
2321 5468
2321 5467
2321 5466
2321 5465
2321 5464
2321 5463
2321 5462
2321 5461
2320 5460
2320 5459
2320 5458
2320 5457
2319 5456
2319 5455
2319 5454
2319 5453
2318 5452
2318 5451
2318 5450
2318 5449
2317 5448
2317 5447
2317 5446
2317 5445
2317 5444
2317 5443
2317 5442
2317 5441
2316 5440
2316 5439
2316 5438
2316 5437
2315 5436
2315 5435
2315 5434
2315 5433
2315 5432
2315 5431
2315 5430
2315 5429
2315 5428
2315 5427
2314 5426
2314 5425
2314 5424
2314 5423
2313 5422
2313 5421
2313 5420
2313 5419
2313 5418
2313 5417
2312 5416
2312 5415
2312 5414
2312 5413
2311 5412
2311 5411
2311 5410
2311 5409
2310 5408
2310 5407
2310 5406
2310 5405
2309 5404
2309 5403
2309 5402
2309 5401
2308 5400
2308 5399
2308 5398
2308 5397
2307 5396
2307 5395
2306 5394
2306 5393
2306 5392
2306 5391
2305 5390
2305 5389
2305 5388
2305 5387
2304 5386
2304 5385
2304 5384
2303 5383
2302 5382
2302 5381
2302 5380
2302 5379
2301 5378
2301 5377
2300 5376
2300 5375
2300 5374
2299 5373
2299 5372
2298 5371
2297 5370
2297 5369
2296 5368
2295 5367
2294 5366
2294 5365
2293 5364
2293 5363
2292 5362
2292 5361
2291 5360
2291 5359
2290 5358
2290 5357
2289 5356
2289 5355
2288 5354
2288 5353
2288 5352
2287 5351
2287 5350
2286 5349
2286 5348
2286 5347
2285 5346
2284 5345
2284 5344
2283 5343
2282 5342
2281 5341
2281 5340
2280 5339
2279 5338
2279 5337
2278 5336
2278 5335
2277 5334
2277 5333
2276 5332
2276 5331
2276 5330
2276 5329
2275 5328
2274 5327
2273 5326
2273 5325
2272 5324
2271 5324
2270 5323
2270 5322
2270 5321
2269 5320
2269 5319
2268 5318
2268 5317
2268 5316
2267 5315
2266 5314
2266 5313
2265 5313
2264 5312
2264 5311
2263 5310
2262 5309
2262 5308
2261 5307
2260 5306
2259 5305
2258 5304
2257 5303
2256 5302
2255 5302
2254 5301
2254 5300
2253 5299
2252 5299
2251 5298
2250 5297
2250 5296
2249 5295
2248 5294
2247 5294
2246 5293
2246 5292
2245 5291
2244 5291
2243 5290
2242 5289
2242 5288
2241 5287
2240 5286
2239 5286
2238 5285
2238 5284
2237 5283
2236 5283
2235 5282
2234 5281
2234 5280
2233 5279
2232 5278
2231 5278
2230 5277
2229 5277
2228 5276
2227 5275
2226 5274
2225 5273
2224 5272
2223 5272
2222 5271
2222 5270
2221 5270
2220 5270
2219 5269
2218 5269
2217 5268
2216 5268
2215 5267
2214 5267
2213 5266
2212 5265
2211 5265
2210 5264
2209 5263
2208 5262
2207 5262
2206 5261
2205 5260
2204 5260
2203 5259
2202 5259
2201 5258
2200 5258
2199 5258
2198 5257
2197 5257
2196 5256
2195 5255
2194 5255
2193 5254
2192 5253
2191 5253
2190 5253
2189 5252
2188 5252
2187 5252
2186 5252
2185 5251
2184 5251
2183 5250
2182 5250
2181 5249
2180 5248
2179 5248
2178 5248
2177 5247
2176 5247
2175 5246
2174 5246
2173 5246
2172 5246
2171 5245
2170 5245
2169 5245
2168 5245
2167 5245
2166 5245
2165 5244
2164 5244
2163 5244
2162 5244
2161 5243
2160 5243
2159 5243
2158 5243
2157 5243
2156 5243
2155 5243
2154 5243
2153 5243
2152 5243
2151 5243
2150 5243
2149 5243
2148 5243
2147 5243
2146 5243
2145 5243
2144 5242
2143 5242
2142 5242
2141 5241
2140 5241
2139 5241
2138 5241
2137 5241
2136 5241
2135 5241
2134 5241
2133 5241
2132 5241
2131 5241
2130 5241
2129 5241
2128 5241
2127 5241
2126 5241
2125 5241
2124 5241
2123 5241
2122 5241
2121 5241
2120 5241
2119 5241
2118 5241
2117 5241
2116 5241
2115 5241
2114 5241
2113 5241
2112 5241
2111 5241
2110 5241
2109 5241
2108 5241
