3335 1970
3334 1971
3333 1971
3332 1971
3331 1971
3330 1972
3329 1972
3328 1972
3327 1972
3326 1972
3325 1972
3324 1972
3323 1972
3322 1972
3321 1972
3320 1973
3319 1973
3318 1973
3317 1973
3316 1974
3315 1974
3314 1974
3313 1974
3312 1974
3311 1974
3310 1974
3309 1974
3308 1974
3307 1974
3306 1975
3305 1975
3304 1975
3303 1976
3302 1976
3301 1976
3300 1976
3299 1976
3298 1976
3297 1976
3296 1976
3295 1976
3294 1976
3293 1976
3292 1976
3291 1976
3290 1977
3289 1977
3288 1978
3287 1978
3286 1979
3285 1979
3284 1980
3283 1980
3282 1981
3281 1981
3280 1981
3279 1981
3278 1982
3277 1982
3276 1982
3275 1982
3274 1983
3273 1983
3272 1983
3271 1983
3270 1984
3269 1984
3268 1985
3267 1985
3266 1986
3265 1986
3264 1987
3263 1987
3262 1988
3261 1988
3260 1989
3259 1989
3258 1990
3257 1991
3256 1991
3255 1992
3254 1993
3254 1994
3253 1995
3252 1995
3251 1996
3251 1997
3250 1998
3249 1999
3248 2000
3247 2000
3246 2001
3245 2002
3244 2002
3243 2003
3242 2004
3241 2005
3240 2005
3239 2005
3238 2006
3237 2007
3236 2008
3235 2008
3234 2009
3233 2010
3232 2011
3231 2011
3231 2012
3230 2013
3229 2013
3228 2013
3227 2013
3226 2014
3225 2014
3224 2015
3223 2015
3222 2015
3222 2016
3221 2017
3220 2018
3219 2018
3219 2019
3218 2020
3217 2020
3216 2021
3215 2022
3214 2023
3213 2024
3213 2025
3212 2026
3211 2027
3211 2028
3210 2029
3209 2030
3208 2031
3208 2032
3207 2033
3206 2033
3206 2034
3205 2035
3205 2036
3204 2037
3203 2038
3202 2039
3201 2040
3200 2041
3200 2042
3199 2043
3198 2044
3198 2045
3198 2046
3197 2047
3197 2048
3196 2049
3196 2050
3195 2051
3194 2052
3194 2053
3194 2054
3193 2055
3193 2056
3192 2057
3192 2058
3191 2059
3191 2060
3191 2061
3191 2062
3191 2063
3190 2064
3190 2065
3190 2066
3189 2067
3188 2068
3188 2069
3187 2070
3187 2071
3186 2072
3186 2073
3185 2074
3185 2075
3185 2076
3185 2077
3184 2078
3184 2079
3184 2080
3183 2081
3183 2082
3183 2083
3183 2084
3183 2085
3183 2086
3183 2087
3183 2088
3183 2089
3183 2090
3183 2091
3183 2092
3183 2093
3183 2094
3183 2095
3183 2096
3183 2097
3183 2098
3183 2099
3183 2100
3183 2101
3183 2102
3183 2103
3183 2104
3183 2105
3183 2106
3183 2107
3183 2108
3183 2109
3183 2110
3183 2111
3182 2112
3182 2113
3182 2114
3182 2115
3181 2116
3181 2117
3180 2118
3180 2119
3180 2120
3179 2121
3178 2121
3177 2122
3177 2123
3177 2124
3177 2125
3178 2125
3179 2125
3180 2125
3181 2126
3181 2127
3180 2128
3179 2128
3178 2128
3177 2128
3176 2128
3175 2128
3175 2129
3175 2130
3175 2131
3175 2132
3175 2133
3175 2134
3175 2135
3175 2136
3175 2137
3175 2138
3175 2139
3175 2140
3175 2141
3175 2142
3175 2143
3175 2144
3175 2145
3175 2146
3175 2147
3175 2148
3175 2149
3175 2150
3175 2151
3175 2152
3175 2153
3176 2154
3176 2155
3176 2156
3176 2157
3177 2158
3177 2159
3177 2160
3178 2161
3178 2162
3178 2163
3179 2164
3179 2165
3179 2166
3179 2167
3179 2168
3179 2169
3179 2170
3179 2171
3179 2172
3179 2173
3180 2174
3180 2175
3180 2176
3180 2177
3181 2178
3181 2179
3181 2180
3181 2181
3182 2182
3182 2183
3182 2184
3183 2185
3184 2186
3184 2187
3185 2188
3185 2189
3186 2190
3186 2191
3186 2192
3187 2193
3187 2194
3187 2195
3188 2196
3188 2197
3188 2198
3188 2199
3189 2200
3189 2201
3189 2202
3190 2203
3191 2204
3191 2205
3192 2206
3192 2207
3193 2208
3193 2209
3193 2210
3194 2211
3195 2212
3195 2213
3196 2214
3196 2215
3197 2216
3197 2217
3198 2218
3198 2219
3198 2220
3199 2221
3199 2222
3200 2223
3200 2224
3201 2225
3201 2226
3202 2227
3203 2228
3203 2229
3204 2230
3205 2230
3206 2231
3206 2232
3207 2233
3208 2234
3209 2235
3209 2236
3210 2237
3211 2238
3211 2239
3212 2239
3213 2240
3213 2241
3214 2241
3215 2242
3215 2243
3216 2244
3217 2245
3217 2246
3218 2247
3219 2248
3219 2249
3220 2250
3221 2251
3222 2252
3222 2253
3223 2254
3224 2255
3225 2256
3226 2257
3226 2258
3227 2258
3228 2259
3228 2260
3229 2260
3230 2261
3230 2262
3231 2262
3232 2263
3232 2264
3233 2264
3234 2265
3235 2266
3235 2267
3236 2267
3237 2268
3238 2269
3239 2269
3240 2270
3241 2270
3242 2271
3243 2271
3244 2272
3245 2272
3246 2273
3247 2273
3248 2274
3249 2274
3250 2275
3251 2276
3252 2276
3253 2277
3254 2277
3255 2278
3255 2279
3256 2280
3257 2281
3258 2282
3259 2283
3260 2284
3260 2285
3260 2286
3261 2286
3262 2287
3263 2288
3263 2289
3264 2289
3265 2290
3266 2291
3267 2292
3268 2292
3269 2293
3270 2294
3271 2295
3272 2295
3273 2296
3274 2296
3275 2297
3276 2297
3277 2298
3278 2298
3279 2299
3280 2299
3281 2300
3282 2301
3283 2302
3284 2302
3285 2303
3286 2303
3287 2304
3287 2305
3288 2306
3289 2306
3290 2307
3291 2308
3292 2308
3293 2309
3294 2309
3295 2310
3296 2310
3297 2311
3298 2311
3299 2312
3300 2313
3301 2314
3302 2314
3303 2314
3304 2314
3305 2315
3306 2315
3307 2316
3308 2316
3309 2316
3310 2317
3311 2317
3312 2318
3313 2318
3314 2318
3315 2319
3316 2319
3317 2319
3318 2319
3319 2320
3320 2320
3321 2320
3322 2320
3323 2321
3324 2321
3325 2321
3326 2321
3327 2321
3328 2321
3329 2321
3330 2321
3331 2322
3332 2322
3333 2322
3334 2322
3335 2323
3336 2323
3337 2323
3338 2323
3339 2323
3340 2323
3341 2323
3342 2323
3343 2322
3344 2322
3345 2322
3346 2321
3347 2321
3348 2321
3349 2321
3350 2321
3351 2321
3352 2321
3353 2321
3354 2321
3355 2321
3356 2321
3357 2321
3358 2321
3359 2321
3360 2321
3361 2320
3362 2320
3363 2320
3364 2320
3365 2319
3366 2319
3367 2319
3368 2319
3369 2318
3370 2318
3371 2318
3372 2318
3373 2317
3374 2317
3375 2317
3376 2317
3377 2317
3378 2317
3379 2317
3380 2317
3381 2317
3382 2317
3383 2317
3384 2317
3385 2317
3386 2317
3387 2317
3388 2317
3389 2317
3390 2317
3391 2317
3392 2317
3393 2316
3394 2316
3395 2316
3396 2316
3397 2315
3398 2315
3399 2314
3400 2314
3401 2314
3402 2314
3403 2313
3404 2313
3405 2313
3406 2313
3407 2312
3408 2312
3409 2312
3410 2312
3411 2311
3412 2311
3413 2311
3414 2311
3415 2310
3416 2310
3417 2310
3418 2310
3419 2309
3420 2309
3421 2309
3422 2309
3423 2308
3424 2308
3425 2308
3426 2308
3427 2307
3428 2306
3429 2306
3430 2306
3431 2305
3432 2304
3433 2304
3434 2303
3435 2302
3436 2302
3437 2302
3438 2302
3439 2301
3440 2300
3441 2300
3442 2300
3443 2299
3444 2299
3445 2298
3446 2298
3447 2297
3448 2297
3449 2296
3450 2296
3451 2295
3452 2295
3453 2294
3454 2294
3455 2294
3456 2294
3457 2293
3458 2292
3459 2291
3460 2291
3461 2290
3462 2289
3462 2288
3463 2287
3464 2286
3464 2285
3465 2284
3466 2283
3466 2282
3467 2281
3468 2281
3469 2280
3470 2279
3471 2278
3471 2277
3472 2276
3473 2275
3474 2274
3474 2273
3475 2272
3476 2271
3476 2270
3477 2269
3478 2269
3478 2268
3479 2267
3480 2267
3481 2266
3482 2265
3483 2264
3483 2263
3483 2262
3484 2261
3484 2260
3485 2259
3485 2258
3485 2257
3486 2256
3487 2256
3487 2255
3488 2254
3489 2253
3490 2253
3490 2252
3491 2251
3492 2250
3492 2249
3493 2248
3493 2247
3493 2246
3494 2245
3494 2244
3495 2243
3495 2242
3496 2241
3496 2240
3497 2239
3498 2238
3499 2237
3499 2236
3499 2235
3499 2234
3500 2233
3500 2232
3501 2231
3501 2230
3501 2229
3501 2228
3502 2227
3502 2226
3502 2225
3503 2224
3503 2223
3503 2222
3504 2221
3504 2220
3504 2219
3504 2218
3504 2217
3504 2216
3505 2215
3505 2214
3505 2213
3505 2212
3506 2211
3507 2211
3507 2210
3507 2209
3507 2208
3508 2207
3508 2206
3508 2205
3508 2204
3508 2203
3508 2202
3509 2201
3509 2200
3509 2199
3509 2198
3510 2197
3510 2196
3510 2195
3510 2194
3510 2193
3510 2192
3510 2191
3510 2190
3511 2189
3511 2188
3511 2187
3511 2186
3512 2185
3512 2184
3512 2183
3512 2182
3512 2181
3512 2180
3512 2179
3512 2178
3512 2177
3512 2176
3512 2175
3512 2174
3512 2173
3512 2172
3512 2171
3512 2170
3512 2169
3512 2168
3512 2167
3512 2166
3512 2165
3512 2164
3512 2163
3512 2162
3512 2161
3512 2160
3512 2159
3512 2158
3512 2157
3512 2156
3511 2155
3511 2154
3511 2153
3510 2152
3510 2151
3510 2150
3510 2149
3510 2148
3510 2147
3510 2146
3510 2145
3510 2144
3510 2143
3510 2142
3510 2141
3510 2140
3510 2139
3510 2138
3510 2137
3510 2136
3510 2135
3510 2134
3510 2133
3510 2132
3510 2131
3510 2130
3510 2129
3510 2128
3510 2127
3510 2126
3510 2125
3510 2124
3510 2123
3510 2122
3509 2121
3509 2120
3508 2119
3508 2118
3507 2117
3507 2116
3506 2115
3505 2114
3505 2113
3505 2112
3504 2111
3504 2110
3504 2109
3504 2108
3504 2107
3504 2106
3504 2105
3504 2104
3503 2103
3503 2102
3503 2101
3503 2100
3502 2099
3501 2098
3501 2097
3501 2096
3500 2095
3500 2094
3500 2093
3500 2092
3500 2091
3500 2090
3499 2089
3499 2088
3499 2087
3499 2086
3498 2085
3498 2084
3498 2083
3498 2082
3497 2081
3497 2080
3497 2079
3497 2078
3496 2077
3496 2076
3496 2075
3496 2074
3495 2073
3495 2072
3495 2071
3495 2070
3494 2069
3494 2068
3494 2067
3494 2066
3494 2065
3494 2064
3493 2063
3493 2062
3492 2061
3492 2060
3491 2059
3490 2058
3489 2057
3488 2056
3488 2055
3488 2054
3487 2053
3487 2052
3487 2051
3487 2050
3486 2049
3485 2048
3484 2047
3484 2046
3483 2045
3483 2044
3482 2043
3481 2042
3480 2041
3479 2040
3479 2039
3478 2039
3477 2038
3477 2037
3476 2037
3475 2036
3475 2035
3474 2035
3473 2034
3473 2033
3472 2033
3471 2032
3471 2031
3470 2030
3469 2030
3468 2029
3468 2028
3467 2028
3466 2027
3465 2026
3465 2025
3464 2025
3463 2025
3462 2024
3462 2023
3461 2023
3460 2022
3459 2021
3458 2020
3457 2020
3456 2019
3455 2018
3454 2017
3453 2016
3452 2016
3451 2015
3450 2014
3449 2013
3448 2012
3447 2011
3446 2010
3445 2010
3444 2009
3443 2008
3442 2008
3441 2007
3440 2007
3439 2006
3438 2006
3437 2005
3436 2004
3435 2003
3434 2003
3433 2003
3432 2002
3432 2001
3431 2001
3430 2001
3429 2000
3428 2000
3427 1999
3426 1998
3425 1997
3424 1996
3423 1996
3422 1995
3421 1995
3420 1994
3419 1994
3418 1993
3417 1993
3416 1993
3415 1992
3414 1991
3413 1991
3412 1990
3411 1990
3410 1989
3409 1989
3408 1988
3408 1987
3407 1987
3406 1987
3405 1986
3404 1985
3403 1985
3402 1985
3401 1985
3400 1984
3400 1983
3399 1983
3398 1983
3397 1983
3396 1982
3395 1982
3394 1981
3393 1981
3392 1981
3391 1980
3390 1979
3389 1979
3388 1979
3387 1979
3386 1978
3385 1977
3384 1977
3383 1977
3382 1976
3381 1976
3380 1976
3379 1976
3378 1976
3377 1976
3376 1976
3375 1976
3374 1976
3373 1976
3372 1976
3371 1976
3370 1976
3369 1975
3368 1975
3367 1975
3366 1974
3365 1974
3364 1974
3363 1974
3362 1974
3361 1974
3360 1974
3359 1974
3358 1974
3357 1974
3356 1974
3355 1974
3354 1973
3353 1973
3352 1973
3351 1973
3350 1972
3349 1972
3348 1972
3347 1972
3346 1971
3345 1971
3344 1971
3343 1970
3342 1970
3341 1970
3340 1970
3339 1970
3338 1970
3337 1970
3336 1970
3335 1970
