1404 5455
1403 5456
1402 5456
1401 5456
1400 5457
1399 5457
1398 5457
1397 5457
1396 5457
1395 5457
1394 5457
1393 5457
1392 5457
1391 5457
1390 5457
1389 5457
1388 5457
1387 5457
1386 5457
1385 5457
1384 5457
1383 5457
1382 5457
1381 5457
1380 5457
1379 5457
1378 5457
1377 5457
1376 5457
1375 5457
1374 5457
1373 5457
1372 5457
1371 5457
1370 5457
1369 5457
1368 5457
1367 5457
1366 5458
1365 5458
1364 5459
1363 5460
1362 5461
1361 5462
1360 5463
1359 5463
1358 5463
1357 5463
1356 5463
1355 5463
1354 5463
1353 5463
1352 5463
1351 5463
1350 5463
1349 5463
1348 5463
1347 5463
1346 5463
1345 5463
1344 5463
1343 5463
1342 5463
1341 5463
1340 5463
1339 5463
1338 5463
1337 5464
1336 5464
1335 5465
1334 5465
1333 5466
1332 5466
1331 5466
1330 5467
1329 5467
1328 5468
1327 5468
1326 5468
1325 5468
1324 5469
1323 5469
1322 5470
1321 5470
1320 5471
1319 5471
1318 5472
1317 5472
1316 5473
1315 5473
1314 5474
1313 5474
1312 5474
1311 5475
1310 5475
1309 5475
1308 5475
1307 5475
1306 5475
1305 5475
1304 5475
1303 5475
1302 5476
1301 5476
1300 5476
1299 5476
1298 5477
1297 5477
1296 5478
1295 5478
1294 5479
1293 5479
1292 5480
1291 5480
1290 5481
1289 5481
1288 5481
1287 5481
1286 5481
1285 5481
1284 5482
1283 5482
1282 5483
1281 5484
1280 5484
1279 5485
1279 5486
1278 5487
1277 5487
1276 5488
1275 5489
1275 5490
1274 5491
1273 5491
1272 5492
1271 5493
1271 5494
1270 5495
1269 5495
1268 5496
1267 5497
1267 5498
1266 5499
1265 5499
1264 5500
1263 5501
1262 5502
1261 5503
1260 5504
1259 5505
1258 5505
1257 5506
1256 5506
1255 5507
1254 5507
1253 5508
1252 5509
1251 5509
1251 5510
1250 5511
1249 5511
1249 5512
1248 5513
1247 5513
1247 5514
1246 5515
1245 5515
1244 5516
1243 5517
1243 5518
1242 5519
1241 5519
1241 5520
1240 5521
1239 5521
1239 5522
1238 5523
1237 5523
1236 5524
1235 5525
1235 5526
1234 5527
1233 5527
1233 5528
1232 5529
1231 5529
1231 5530
1230 5531
1229 5532
1229 5533
1228 5534
1228 5535
1228 5536
1227 5537
1226 5537
1226 5538
1225 5539
1225 5540
1224 5541
1223 5542
1223 5543
1222 5544
1221 5545
1221 5546
1220 5547
1219 5548
1218 5549
1218 5550
1218 5551
1218 5552
1217 5553
1216 5553
1216 5554
1215 5555
1215 5556
1214 5557
1213 5558
1213 5559
1212 5560
1212 5561
1211 5562
1210 5563
1210 5564
1210 5565
1209 5566
1209 5567
1208 5568
1207 5569
1207 5570
1206 5571
1205 5571
1204 5572
1203 5573
1203 5574
1202 5575
1201 5575
1201 5576
1200 5577
1199 5578
1198 5579
1198 5580
1197 5581
1197 5582
1196 5583
1196 5584
1195 5585
1195 5586
1195 5587
1195 5588
1194 5589
1194 5590
1194 5591
1194 5592
1193 5593
1192 5593
1192 5594
1192 5595
1191 5596
1190 5597
1190 5598
1190 5599
1190 5600
1189 5601
1189 5602
1188 5603
1188 5604
1188 5605
1188 5606
1187 5607
1186 5608
1186 5609
1186 5610
1185 5611
1185 5612
1184 5613
1184 5614
1184 5615
1184 5616
1183 5617
1183 5618
1182 5619
1182 5620
1182 5621
1181 5622
1181 5623
1180 5624
1180 5625
1179 5626
1178 5627
1178 5628
1178 5629
1177 5630
1177 5631
1176 5632
1175 5633
1175 5634
1174 5635
1174 5636
1173 5637
1172 5638
1172 5639
1172 5640
1171 5641
1170 5641
1170 5642
1170 5643
1169 5644
1169 5645
1168 5646
1168 5647
1168 5648
1167 5649
1167 5650
1166 5651
1166 5652
1166 5653
1166 5654
1165 5655
1165 5656
1164 5657
1164 5658
1164 5659
1163 5660
1162 5661
1162 5662
1162 5663
1162 5664
1161 5665
1161 5666
1160 5667
1160 5668
1160 5669
1160 5670
1159 5671
1159 5672
1159 5673
1159 5674
1159 5675
1159 5676
1158 5677
1158 5678
1158 5679
1158 5680
1157 5681
1156 5681
1156 5682
1156 5683
1156 5684
1155 5685
1155 5686
1155 5687
1155 5688
1155 5689
1155 5690
1155 5691
1155 5692
1154 5693
1154 5694
1154 5695
1154 5696
1153 5697
1153 5698
1153 5699
1153 5700
1153 5701
1153 5702
1153 5703
1153 5704
1153 5705
1153 5706
1153 5707
1153 5708
1153 5709
1153 5710
1153 5711
1153 5712
1153 5713
1153 5714
1153 5715
1153 5716
1153 5717
1153 5718
1153 5719
1153 5720
1153 5721
1153 5722
1152 5723
1152 5724
1152 5725
1152 5726
1151 5727
1151 5728
1150 5729
1150 5730
1150 5731
1150 5732
1149 5733
1149 5734
1149 5735
1149 5736
1149 5737
1149 5738
1149 5739
1149 5740
1149 5741
1149 5742
1149 5743
1149 5744
1149 5745
1149 5746
1149 5747
1149 5748
1149 5749
1149 5750
1148 5751
1148 5752
1147 5753
1147 5754
1146 5755
1145 5756
1145 5757
1145 5758
1144 5759
1144 5760
1144 5761
1143 5762
1143 5763
1143 5764
1143 5765
1143 5766
1142 5767
1142 5768
1142 5769
1141 5770
1140 5771
1140 5772
1140 5773
1140 5774
1139 5775
1139 5776
1139 5777
1139 5778
1139 5779
1139 5780
1139 5781
1139 5782
1139 5783
1139 5784
1139 5785
1139 5786
1139 5787
1139 5788
1139 5789
1139 5790
1139 5791
1139 5792
1139 5793
1139 5794
1139 5795
1139 5796
1139 5797
1139 5798
1139 5799
1139 5800
1139 5801
1139 5802
1139 5803
1139 5804
1139 5805
1139 5806
1139 5807
1139 5808
1139 5809
1139 5810
1139 5811
1139 5812
1139 5813
1139 5814
1139 5815
1139 5816
1139 5817
1139 5818
1139 5819
1139 5820
1139 5821
1139 5822
1139 5823
1139 5824
1139 5825
1139 5826
1139 5827
1139 5828
1139 5829
1139 5830
1139 5831
1139 5832
1139 5833
1139 5834
1139 5835
1139 5836
1139 5837
1139 5838
1139 5839
1139 5840
1139 5841
1139 5842
1139 5843
1139 5844
1139 5845
1139 5846
1139 5847
1139 5848
1139 5849
1139 5850
1139 5851
1139 5852
1139 5853
1139 5854
1139 5855
1139 5856
1139 5857
1139 5858
1139 5859
1139 5860
1139 5861
1139 5862
1139 5863
1139 5864
1139 5865
1139 5866
1139 5867
1139 5868
1139 5869
1139 5870
1139 5871
1140 5872
1140 5873
1140 5874
1141 5875
1141 5876
1141 5877
1141 5878
1142 5878
1143 5878
1144 5878
1145 5878
1146 5879
1147 5880
1146 5881
1145 5881
1144 5881
1143 5881
1142 5881
1141 5881
1141 5882
1141 5883
1141 5884
1142 5885
1142 5886
1142 5887
1142 5888
1143 5889
1143 5890
1143 5891
1143 5892
1143 5893
1143 5894
1143 5895
1143 5896
1143 5897
1143 5898
1143 5899
1143 5900
1143 5901
1143 5902
1143 5903
1143 5904
1143 5905
1143 5906
1143 5907
1143 5908
1143 5909
1143 5910
1143 5911
1143 5912
1143 5913
1143 5914
1143 5915
1143 5916
1143 5917
1143 5918
1143 5919
1143 5920
1143 5921
1143 5922
1143 5923
1143 5924
1143 5925
1143 5926
1143 5927
1143 5928
1144 5929
1144 5930
1144 5931
1144 5932
1145 5933
1145 5934
1145 5935
1145 5936
1146 5937
1146 5938
1146 5939
1146 5940
1147 5941
1147 5942
1147 5943
1147 5944
1147 5945
1147 5946
1147 5947
1147 5948
1147 5949
1147 5950
1147 5951
1147 5952
1148 5953
1148 5954
1148 5955
1148 5956
1149 5956
1150 5957
1150 5958
1150 5959
1150 5960
1151 5961
1151 5962
1152 5963
1152 5964
1152 5965
1152 5966
1153 5967
1153 5968
1153 5969
1153 5970
1154 5971
1154 5972
1154 5973
1154 5974
1155 5975
1155 5976
1156 5977
1156 5978
1156 5979
1156 5980
1157 5981
1157 5982
1157 5983
1157 5984
1157 5985
1157 5986
1157 5987
1157 5988
1158 5989
1158 5990
1158 5991
1158 5992
1159 5993
1159 5994
1160 5995
1160 5996
1161 5997
1161 5998
1162 5999
1162 6000
1163 6001
1163 6002
1164 6003
1164 6004
1165 6005
1165 6006
1166 6007
1166 6008
1167 6008
1168 6009
1168 6010
1168 6011
1168 6012
1169 6013
1169 6014
1170 6015
1170 6016
1170 6017
1171 6018
1171 6019
1171 6020
1171 6021
1171 6022
1172 6023
1172 6024
1172 6025
1172 6026
1173 6027
1173 6028
1173 6029
1173 6030
1174 6031
1174 6032
1174 6033
1175 6034
1175 6035
1176 6036
1176 6037
1177 6038
1177 6039
1178 6040
1179 6041
1179 6042
1180 6042
1181 6043
1181 6044
1182 6045
1183 6046
1183 6047
1184 6048
1185 6049
1185 6050
1186 6051
1187 6052
1187 6053
1188 6054
1188 6055
1188 6056
1189 6057
1189 6058
1189 6059
1190 6060
1191 6061
1191 6062
1192 6063
1192 6064
1193 6064
1194 6065
1194 6066
1194 6067
1194 6068
1195 6069
1196 6070
1197 6071
1197 6072
1198 6073
1198 6074
1199 6075
1199 6076
1200 6077
1200 6078
1200 6079
1200 6080
1201 6080
1202 6081
1202 6082
1202 6083
1202 6084
1203 6085
1203 6086
1204 6087
1204 6088
1204 6089
1205 6090
1205 6091
1206 6092
1207 6093
1207 6094
1208 6095
1208 6096
1209 6096
1210 6097
1210 6098
1211 6099
1211 6100
1212 6101
1213 6102
1213 6103
1214 6104
1214 6105
1215 6106
1215 6107
1216 6108
1217 6109
1217 6110
1218 6110
1219 6111
1219 6112
1220 6113
1221 6114
1222 6114
1223 6115
1223 6116
1224 6117
1225 6118
1226 6118
1227 6119
1227 6120
1228 6121
1229 6122
1230 6122
1231 6123
1232 6124
1233 6125
1234 6125
1235 6126
1236 6126
1237 6127
1238 6128
1238 6129
1239 6130
1240 6131
1241 6132
1242 6132
1243 6133
1244 6134
1245 6135
1246 6136
1247 6136
1248 6137
1249 6138
1250 6138
1251 6139
1251 6140
1252 6141
1253 6142
1254 6142
1255 6143
1255 6144
1256 6144
1257 6145
1257 6146
1258 6146
1259 6147
1259 6148
1260 6148
1261 6149
1262 6150
1263 6150
1264 6151
1265 6152
1266 6153
1267 6154
1268 6155
1269 6155
1270 6156
1271 6157
1271 6158
1272 6158
1273 6159
1273 6160
1274 6160
1275 6161
1275 6162
1276 6162
1277 6163
1278 6164
1279 6165
1279 6166
1280 6166
1281 6167
1282 6168
1283 6168
1284 6169
1285 6169
1286 6170
1287 6170
1288 6171
1289 6171
1290 6172
1291 6172
1292 6173
1293 6174
1294 6174
1295 6175
1296 6175
1297 6176
1297 6177
1298 6177
1299 6178
1300 6178
1301 6179
1302 6180
1303 6180
1304 6180
1305 6181
1306 6181
1307 6182
1308 6182
1309 6183
1310 6184
1311 6184
1312 6185
1313 6185
1314 6186
1315 6187
1316 6187
1317 6188
1318 6188
1319 6189
1319 6190
1320 6190
1321 6191
1322 6192
1323 6192
1324 6193
1325 6194
1326 6194
1327 6195
1328 6196
1329 6197
1330 6197
1331 6198
1332 6198
1333 6199
1334 6200
1335 6201
1336 6201
1337 6202
1338 6202
1339 6203
1340 6203
1341 6204
1342 6204
1343 6205
1344 6205
1345 6206
1346 6206
1347 6207
1348 6207
1349 6207
1350 6207
1351 6208
1352 6208
1353 6208
1354 6208
1355 6208
1356 6208
1357 6208
1358 6208
1359 6208
1360 6208
1361 6208
1362 6208
1363 6208
1364 6208
1365 6208
1366 6208
1367 6208
1368 6208
1369 6208
1370 6208
1371 6208
1372 6208
1373 6208
1374 6208
1375 6208
1376 6208
1377 6208
1378 6208
1379 6208
1380 6208
1381 6208
1382 6208
1383 6208
1384 6208
1385 6209
1386 6209
1387 6209
1388 6210
1389 6210
1390 6210
1391 6210
1392 6210
1393 6210
1394 6210
1395 6211
1396 6211
1397 6211
1398 6211
1399 6212
1400 6212
1401 6212
1402 6212
1403 6212
1404 6212
1405 6212
1406 6212
1407 6212
1408 6212
1409 6211
1410 6211
1411 6210
1412 6210
1413 6210
1414 6211
1415 6212
1416 6212
1417 6211
1418 6211
1419 6211
1420 6211
1421 6210
1422 6210
1423 6210
1424 6210
1425 6209
1426 6209
1427 6209
1428 6208
1429 6208
1430 6207
1431 6207
1432 6207
1432 6206
1433 6205
1434 6205
1435 6205
1436 6205
1437 6204
1438 6204
1439 6204
1440 6204
1441 6204
1442 6204
1443 6204
1444 6204
1445 6204
1446 6204
1447 6204
1448 6204
1449 6204
1450 6204
1451 6204
1452 6204
1453 6204
1454 6204
1455 6204
1456 6204
1457 6204
1458 6204
1459 6204
1460 6204
1461 6204
1462 6204
1463 6204
1464 6204
1465 6204
1466 6204
1467 6204
1468 6204
1469 6203
1470 6203
1471 6203
1472 6203
1473 6202
1474 6202
1475 6201
1476 6201
1477 6201
1478 6200
1479 6200
1480 6199
1481 6199
1482 6198
1483 6198
1484 6198
1485 6198
1486 6198
1487 6197
1488 6197
1489 6197
1490 6197
1491 6196
1492 6196
1493 6196
1494 6196
1495 6196
1496 6196
1497 6196
1498 6196
1499 6196
1500 6196
1501 6195
1502 6195
1503 6195
1504 6195
1505 6194
1506 6194
1507 6194
1508 6194
1509 6193
1510 6193
1511 6193
1512 6193
1513 6192
1514 6191
1515 6190
1516 6190
1516 6189
1517 6188
1518 6187
1519 6187
1520 6187
1521 6186
1522 6186
1523 6185
1524 6185
1525 6184
1526 6184
1526 6183
1527 6182
1528 6182
1529 6181
1530 6180
1530 6179
1531 6178
1532 6178
1533 6177
1534 6176
1534 6175
1535 6174
1536 6174
1537 6173
1538 6172
1538 6171
1539 6170
1540 6170
1541 6169
1542 6168
1542 6167
1543 6166
1544 6166
1544 6165
1545 6164
1546 6163
1546 6162
1547 6161
1548 6160
1548 6159
1549 6158
1550 6158
1550 6157
1551 6156
1552 6155
1553 6155
1554 6154
1555 6153
1555 6152
1556 6151
1557 6150
1558 6149
1558 6148
1559 6147
1560 6146
1560 6145
1561 6144
1562 6143
1562 6142
1563 6141
1563 6140
1564 6139
1565 6138
1565 6137
1566 6136
1566 6135
1567 6134
1568 6133
1569 6133
1570 6132
1571 6131
1572 6130
1572 6129
1573 6128
1574 6127
1575 6126
1575 6125
1576 6124
1577 6123
1578 6122
1579 6121
1579 6120
1580 6119
1581 6118
1582 6118
1582 6117
1583 6116
1584 6115
1584 6114
1585 6113
1585 6112
1586 6111
1587 6110
1587 6109
1588 6108
1588 6107
1589 6106
1589 6105
1590 6104
1590 6103
1591 6102
1591 6101
1591 6100
1592 6099
1592 6098
1593 6097
1593 6096
1594 6095
1595 6094
1596 6093
1596 6092
1597 6091
1598 6090
1599 6089
1600 6088
1600 6087
1601 6086
1602 6085
1603 6084
1603 6083
1603 6082
1603 6081
1604 6080
1605 6080
1605 6079
1606 6078
1606 6077
1607 6076
1608 6075
1608 6074
1609 6073
1609 6072
1610 6071
1611 6070
1611 6069
1612 6068
1613 6067
1614 6066
1614 6065
1615 6064
1616 6064
1616 6063
1617 6062
1617 6061
1618 6060
1618 6059
1619 6058
1619 6057
1619 6056
1620 6055
1620 6054
1621 6053
1622 6052
1622 6051
1623 6050
1624 6050
1624 6049
1625 6048
1626 6047
1627 6046
1627 6045
1628 6044
1629 6043
1630 6042
1630 6041
1631 6040
1632 6040
1633 6039
1634 6038
1634 6037
1635 6036
1636 6035
1637 6034
1638 6034
1639 6033
1640 6032
1641 6031
1642 6030
1642 6029
1643 6028
1644 6027
1645 6026
1646 6026
1647 6025
1648 6024
1649 6023
1650 6022
1650 6021
1651 6020
1652 6019
1653 6018
1654 6018
1655 6017
1656 6016
1657 6015
1658 6014
1658 6013
1659 6012
1660 6011
1661 6010
1662 6010
1663 6009
1664 6008
1664 6007
1665 6006
1666 6006
1666 6005
1667 6004
1668 6003
1669 6003
1670 6002
1671 6001
1672 6000
1673 5999
1674 5998
1675 5998
1676 5997
1677 5996
1678 5996
1678 5995
1679 5994
1680 5994
1680 5993
1681 5992
1682 5992
1682 5991
1683 5990
1684 5990
1685 5989
1686 5988
1686 5987
1687 5986
1688 5986
1688 5985
1689 5984
1690 5984
1690 5983
1691 5982
1692 5982
1693 5981
1694 5980
1694 5979
1695 5978
1696 5978
1696 5977
1697 5976
1698 5976
1698 5975
1699 5974
1700 5974
1701 5973
1702 5973
1703 5972
1704 5971
1705 5970
1706 5970
1707 5969
1708 5968
1709 5967
1710 5967
1711 5966
1712 5965
1713 5964
1714 5964
1715 5963
1716 5962
1716 5961
1717 5960
1717 5959
1718 5958
1718 5957
1719 5956
1719 5955
1719 5954
1719 5953
1720 5952
1721 5952
1721 5951
1722 5950
1722 5949
1723 5948
1724 5947
1725 5947
1726 5946
1726 5945
1727 5944
1728 5944
1728 5943
1729 5942
1730 5941
1731 5940
1731 5939
1732 5938
1733 5937
1733 5936
1734 5935
1735 5934
1736 5934
1737 5933
1738 5932
1738 5931
1739 5930
1740 5930
1741 5929
1742 5928
1742 5927
1743 5926
1744 5926
1745 5925
1746 5924
1746 5923
1747 5922
1748 5921
1749 5920
1749 5919
1750 5918
1750 5917
1751 5916
1752 5915
1753 5915
1754 5914
1754 5913
1755 5912
1756 5911
1757 5910
1757 5909
1758 5908
1758 5907
1759 5906
1760 5906
1760 5905
1761 5904
1762 5904
1763 5903
1764 5903
1764 5902
1765 5901
1766 5900
1767 5900
1767 5899
1767 5898
1767 5897
1768 5896
1768 5895
1768 5894
1768 5893
1768 5892
1768 5891
1768 5890
1768 5889
1769 5888
1769 5887
1769 5886
1770 5885
1770 5884
1770 5883
1770 5882
1770 5881
1770 5880
1770 5879
1770 5878
1770 5877
1770 5876
1770 5875
1770 5874
1770 5873
1769 5872
1768 5871
1767 5870
1766 5869
1765 5868
1764 5867
1763 5866
1763 5865
1762 5865
1761 5864
1761 5863
1761 5862
1761 5861
1760 5860
1760 5859
1759 5858
1759 5857
1759 5856
1758 5855
1757 5854
1756 5853
1756 5852
1755 5851
1754 5850
1754 5849
1754 5848
1754 5847
1754 5846
1754 5845
1754 5844
1754 5843
1754 5842
1754 5841
1754 5840
1754 5839
1754 5838
1754 5837
1754 5836
1754 5835
1754 5834
1754 5833
1753 5832
1753 5831
1752 5830
1752 5829
1751 5828
1751 5827
1750 5826
1750 5825
1749 5824
1749 5823
1749 5822
1749 5821
1748 5820
1748 5819
1748 5818
1748 5817
1748 5816
1748 5815
1748 5814
1748 5813
1748 5812
1748 5811
1748 5810
1747 5809
1747 5808
1746 5807
1746 5806
1745 5805
1745 5804
1745 5803
1744 5802
1743 5801
1743 5800
1743 5799
1742 5798
1742 5797
1741 5796
1741 5795
1741 5794
1741 5793
1740 5792
1740 5791
1740 5790
1739 5789
1738 5788
1738 5787
1737 5786
1737 5785
1736 5784
1736 5783
1736 5782
1736 5781
1736 5780
1736 5779
1736 5778
1736 5777
1737 5776
1737 5775
1737 5774
1738 5773
1738 5772
1738 5771
1738 5770
1738 5769
1738 5768
1738 5767
1738 5766
1738 5765
1738 5764
1738 5763
1738 5762
1737 5761
1736 5760
1735 5759
1734 5758
1734 5757
1733 5757
1732 5756
1732 5755
1731 5754
1731 5753
1730 5752
1729 5751
1729 5750
1728 5749
1728 5748
1727 5747
1726 5746
1726 5745
1725 5744
1725 5743
1724 5742
1723 5741
1723 5740
1722 5739
1722 5738
1721 5737
1720 5736
1720 5735
1719 5734
1719 5733
1718 5732
1718 5731
1718 5730
1718 5729
1717 5728
1717 5727
1716 5726
1715 5725
1715 5724
1714 5723
1713 5723
1712 5722
1712 5721
1711 5720
1710 5719
1710 5718
1709 5717
1709 5716
1708 5715
1707 5715
1706 5714
1706 5713
1705 5712
1705 5711
1704 5710
1704 5709
1704 5708
1703 5707
1702 5706
1702 5705
1701 5704
1700 5703
1699 5703
1698 5702
1698 5701
1697 5700
1696 5699
1695 5699
1694 5698
1694 5697
1693 5696
1692 5695
1691 5695
1690 5694
1690 5693
1689 5692
1688 5691
1687 5691
1686 5690
1686 5689
1685 5688
1684 5687
1683 5686
1682 5685
1682 5684
1681 5683
1680 5682
1680 5681
1679 5681
1678 5680
1678 5679
1677 5678
1676 5677
1675 5676
1675 5675
1674 5674
1674 5673
1673 5672
1673 5671
1673 5670
1672 5669
1672 5668
1671 5667
1670 5666
1670 5665
1669 5664
1668 5663
1668 5662
1667 5661
1666 5660
1666 5659
1665 5659
1664 5658
1664 5657
1663 5656
1662 5655
1661 5655
1660 5654
1659 5653
1658 5652
1658 5651
1657 5650
1656 5649
1655 5648
1654 5647
1653 5647
1652 5646
1651 5645
1650 5644
1650 5643
1649 5642
1648 5641
1647 5641
1646 5640
1646 5639
1645 5638
1644 5637
1643 5636
1643 5635
1642 5634
1641 5633
1640 5632
1640 5631
1639 5631
1638 5630
1638 5629
1637 5628
1636 5627
1635 5627
1634 5626
1634 5625
1633 5624
1632 5623
1632 5622
1631 5621
1630 5620
1629 5619
1628 5618
1628 5617
1627 5616
1626 5615
1625 5615
1624 5614
1623 5613
1622 5612
1621 5611
1620 5610
1619 5609
1618 5608
1618 5607
1617 5606
1616 5605
1616 5604
1615 5603
1615 5602
1615 5601
1614 5601
1613 5600
1613 5599
1613 5598
1613 5597
1612 5597
1611 5596
1611 5595
1611 5594
1611 5593
1610 5592
1609 5591
1609 5590
1608 5589
1608 5588
1607 5587
1606 5586
1606 5585
1605 5584
1604 5583
1603 5583
1602 5582
1602 5581
1601 5580
1600 5579
1599 5578
1599 5577
1598 5576
1597 5575
1596 5574
1595 5573
1594 5572
1594 5571
1593 5570
1592 5569
1591 5568
1591 5567
1591 5566
1591 5565
1590 5564
1589 5563
1588 5562
1588 5561
1587 5560
1586 5559
1586 5558
1585 5557
1584 5556
1584 5555
1583 5555
1582 5554
1582 5553
1581 5552
1580 5551
1580 5550
1579 5549
1578 5548
1578 5547
1577 5547
1576 5546
1576 5545
1575 5545
1574 5544
1574 5543
1573 5542
1572 5542
1571 5541
1570 5540
1570 5539
1569 5538
1569 5537
1568 5537
1567 5536
1567 5535
1566 5534
1566 5533
1565 5532
1564 5531
1564 5530
1563 5529
1562 5528
1562 5527
1561 5526
1560 5526
1559 5525
1558 5524
1558 5523
1557 5523
1556 5522
1555 5521
1554 5521
1553 5520
1552 5520
1551 5519
1550 5519
1549 5519
1548 5519
1547 5519
1546 5518
1545 5518
1544 5518
1543 5517
1542 5516
1541 5516
1540 5516
1539 5516
1538 5515
1537 5515
1536 5514
1535 5514
1534 5514
1533 5513
1532 5513
1531 5513
1530 5513
1529 5513
1528 5513
1527 5513
1526 5513
1525 5513
1524 5512
1523 5512
1522 5511
1521 5510
1520 5510
1519 5509
1518 5508
1517 5507
1516 5507
1515 5506
1514 5505
1513 5505
1512 5504
1512 5503
1511 5503
1510 5502
1510 5501
1509 5501
1508 5500
1507 5499
1506 5499
1505 5498
1504 5497
1503 5497
1502 5496
1502 5495
1501 5494
1500 5493
1499 5492
1499 5491
1498 5490
1498 5489
1498 5488
1498 5487
1497 5486
1497 5485
1497 5484
1497 5483
1496 5482
1496 5481
1495 5480
1495 5479
1494 5478
1493 5477
1492 5477
1491 5476
1490 5475
1489 5474
1488 5474
1487 5474
1486 5473
1485 5473
1484 5473
1483 5473
1482 5473
1481 5473
1480 5473
1479 5473
1478 5473
1477 5473
1476 5472
1475 5472
1474 5472
1473 5472
1472 5471
1471 5471
1470 5471
1469 5471
1468 5471
1467 5471
1466 5471
1465 5471
1464 5471
1463 5471
1462 5470
1461 5470
1460 5470
1459 5470
1458 5469
1457 5469
1456 5468
1455 5468
1454 5468
1453 5467
1452 5466
1451 5466
1450 5466
1449 5466
1448 5465
1447 5465
1446 5465
1445 5465
1444 5465
1443 5465
1442 5465
1441 5465
1440 5465
1439 5465
1438 5465
1437 5465
1436 5464
1435 5464
1434 5463
1433 5463
1432 5462
1431 5462
1430 5461
1429 5461
1428 5461
1427 5461
1426 5460
1425 5460
1424 5459
1423 5459
1422 5458
1421 5457
1420 5457
1419 5456
1418 5456
1417 5456
1416 5455
1415 5455
1414 5455
1413 5455
1412 5455
1411 5455
1410 5455
1409 5455
1408 5455
1407 5455
1406 5455
1405 5455
1404 5455
