907 5096
906 5097
905 5097
904 5097
903 5097
902 5098
901 5098
900 5098
899 5098
898 5098
897 5098
896 5098
895 5098
894 5098
893 5098
892 5098
891 5098
890 5098
889 5098
888 5099
887 5099
886 5099
885 5099
884 5100
883 5100
882 5100
881 5100
880 5100
879 5100
878 5100
877 5100
876 5100
875 5100
874 5100
873 5101
872 5101
871 5101
870 5102
869 5102
868 5102
867 5102
866 5102
865 5102
864 5103
863 5103
862 5103
861 5103
860 5104
859 5104
858 5104
857 5104
856 5104
855 5104
854 5104
853 5104
852 5104
851 5104
850 5104
849 5104
848 5104
847 5104
846 5104
845 5104
844 5105
843 5105
842 5105
841 5105
840 5106
839 5106
838 5106
837 5106
836 5107
835 5107
834 5107
833 5107
833 5108
832 5109
831 5109
830 5109
829 5109
828 5110
827 5111
826 5111
826 5112
825 5113
824 5113
823 5114
822 5115
821 5115
820 5116
819 5117
818 5117
817 5117
817 5118
816 5119
815 5119
814 5119
813 5119
813 5120
812 5121
811 5121
810 5121
809 5121
808 5122
807 5122
806 5123
805 5123
804 5123
803 5124
802 5124
801 5125
800 5126
799 5126
798 5127
797 5128
796 5129
796 5130
795 5131
794 5132
793 5132
792 5133
791 5133
790 5134
789 5135
788 5136
787 5136
786 5137
785 5138
784 5139
783 5140
782 5140
781 5141
780 5142
779 5142
778 5143
778 5144
777 5145
776 5145
776 5146
775 5147
774 5147
774 5148
773 5149
772 5149
772 5150
771 5151
770 5151
770 5152
769 5153
768 5153
767 5154
766 5155
765 5156
764 5156
763 5157
762 5158
761 5159
760 5160
759 5160
758 5161
757 5162
756 5162
755 5163
754 5164
753 5165
753 5166
752 5167
751 5168
751 5169
750 5170
749 5171
748 5171
748 5172
748 5173
747 5174
746 5175
745 5176
744 5177
744 5178
743 5179
742 5179
742 5180
741 5181
740 5181
740 5182
739 5183
738 5183
738 5184
737 5185
736 5186
735 5187
734 5188
734 5189
734 5190
734 5191
733 5192
733 5193
732 5194
732 5195
732 5196
731 5197
731 5198
730 5199
730 5200
729 5201
729 5202
728 5203
727 5204
727 5205
726 5206
726 5207
725 5208
724 5208
724 5209
724 5210
723 5211
723 5212
722 5213
721 5214
721 5215
720 5216
719 5217
719 5218
718 5219
718 5220
717 5221
717 5222
716 5223
716 5224
715 5225
714 5226
714 5227
714 5228
714 5229
713 5230
713 5231
713 5232
712 5233
712 5234
711 5235
711 5236
710 5237
710 5238
710 5239
709 5240
709 5241
709 5242
709 5243
709 5244
709 5245
708 5246
708 5247
708 5248
707 5249
706 5250
706 5251
706 5252
706 5253
705 5254
705 5255
705 5256
704 5257
704 5258
703 5259
703 5260
703 5261
703 5262
703 5263
702 5264
702 5265
702 5266
702 5267
701 5268
701 5269
701 5270
701 5271
700 5272
700 5273
700 5274
700 5275
699 5276
699 5277
699 5278
699 5279
698 5280
698 5281
698 5282
698 5283
697 5284
697 5285
697 5286
697 5287
697 5288
697 5289
697 5290
697 5291
697 5292
697 5293
696 5294
696 5295
696 5296
695 5297
695 5298
695 5299
695 5300
695 5301
695 5302
695 5303
695 5304
695 5305
695 5306
695 5307
695 5308
695 5309
695 5310
695 5311
694 5312
694 5313
694 5314
694 5315
693 5316
693 5317
693 5318
693 5319
693 5320
693 5321
693 5322
693 5323
693 5324
693 5325
693 5326
693 5327
693 5328
693 5329
693 5330
693 5331
693 5332
693 5333
693 5334
693 5335
693 5336
693 5337
693 5338
693 5339
693 5340
693 5341
693 5342
693 5343
693 5344
693 5345
693 5346
693 5347
693 5348
693 5349
693 5350
693 5351
693 5352
693 5353
693 5354
693 5355
693 5356
693 5357
693 5358
693 5359
693 5360
693 5361
693 5362
693 5363
693 5364
693 5365
693 5366
693 5367
693 5368
693 5369
693 5370
693 5371
693 5372
693 5373
693 5374
693 5375
693 5376
693 5377
693 5378
693 5379
693 5380
693 5381
693 5382
693 5383
693 5384
693 5385
693 5386
693 5387
693 5388
693 5389
693 5390
693 5391
693 5392
693 5393
694 5394
694 5395
694 5396
694 5397
695 5398
695 5399
695 5400
695 5401
695 5402
695 5403
695 5404
695 5405
695 5406
695 5407
695 5408
696 5409
696 5410
696 5411
697 5412
697 5413
697 5414
697 5415
697 5416
697 5417
697 5418
697 5419
698 5420
698 5421
698 5422
698 5423
699 5424
699 5425
699 5426
699 5427
699 5428
699 5429
700 5430
700 5431
700 5432
700 5433
701 5434
701 5435
701 5436
701 5437
702 5438
702 5439
702 5440
702 5441
703 5442
703 5443
703 5444
703 5445
703 5446
704 5447
704 5448
704 5449
705 5450
705 5451
705 5452
705 5453
706 5454
706 5455
706 5456
706 5457
707 5458
707 5459
707 5460
707 5461
708 5462
708 5463
708 5464
709 5465
709 5466
709 5467
710 5468
710 5469
710 5470
710 5471
711 5472
711 5473
711 5474
711 5475
712 5476
712 5477
712 5478
713 5479
713 5480
714 5481
714 5482
715 5483
715 5484
716 5485
716 5486
716 5487
717 5488
717 5489
717 5490
717 5491
718 5492
718 5493
718 5494
719 5495
719 5496
720 5497
720 5498
721 5499
721 5500
722 5501
722 5502
722 5503
723 5504
723 5505
724 5506
724 5507
724 5508
724 5509
725 5509
726 5510
726 5511
726 5512
726 5513
727 5514
727 5515
728 5516
728 5517
729 5518
729 5519
730 5520
731 5521
731 5522
732 5523
732 5524
732 5525
733 5526
734 5527
734 5528
735 5529
736 5530
737 5531
737 5532
738 5533
739 5534
739 5535
740 5535
741 5536
741 5537
742 5538
743 5539
743 5540
744 5541
744 5542
745 5542
746 5543
746 5544
747 5545
748 5545
749 5546
749 5547
750 5548
751 5549
752 5550
752 5551
752 5552
753 5553
753 5554
754 5555
755 5556
755 5557
756 5558
757 5558
758 5559
758 5560
759 5561
760 5562
761 5562
762 5563
763 5564
763 5565
764 5566
765 5566
766 5567
766 5568
767 5568
768 5569
768 5570
769 5571
770 5572
771 5573
771 5574
772 5575
773 5576
773 5577
774 5578
775 5579
776 5580
777 5581
778 5582
779 5583
780 5583
781 5584
782 5585
783 5586
784 5586
785 5587
786 5587
787 5588
788 5589
789 5590
790 5591
791 5591
792 5592
793 5592
794 5593
794 5594
795 5594
796 5595
797 5595
798 5596
799 5597
800 5598
801 5598
802 5599
803 5600
804 5600
805 5601
806 5601
807 5602
808 5602
809 5603
810 5603
811 5604
812 5604
813 5605
813 5606
814 5606
815 5606
816 5606
817 5607
818 5607
819 5608
820 5608
821 5609
822 5610
823 5610
824 5610
825 5611
826 5611
827 5612
828 5612
829 5612
830 5612
831 5613
832 5613
833 5614
834 5614
835 5614
836 5615
837 5616
838 5616
839 5616
840 5616
841 5617
842 5617
843 5618
844 5618
845 5618
846 5618
847 5619
848 5619
849 5620
850 5620
851 5620
852 5620
853 5621
854 5621
855 5621
856 5621
857 5622
858 5622
859 5622
860 5622
861 5623
862 5623
863 5623
864 5623
865 5623
866 5623
867 5623
868 5623
869 5624
870 5624
871 5624
872 5624
873 5625
874 5625
875 5625
876 5625
877 5625
878 5625
879 5625
880 5625
881 5625
882 5625
883 5625
884 5625
885 5625
886 5625
887 5625
888 5625
889 5625
890 5625
891 5625
892 5625
893 5626
894 5626
895 5626
896 5626
897 5627
898 5627
899 5627
900 5627
901 5627
902 5627
903 5627
904 5627
905 5627
906 5627
907 5627
908 5627
909 5627
910 5627
911 5627
912 5627
913 5627
914 5627
915 5627
916 5627
917 5627
918 5627
919 5627
920 5627
921 5627
922 5627
923 5626
924 5626
925 5626
926 5626
927 5625
928 5625
929 5625
930 5625
931 5625
932 5625
933 5625
934 5625
935 5625
936 5625
937 5624
938 5624
939 5624
940 5624
941 5623
942 5623
943 5623
944 5623
945 5623
946 5623
947 5623
948 5623
949 5622
950 5622
951 5622
952 5622
953 5621
954 5621
955 5621
956 5621
957 5620
958 5620
959 5619
960 5619
961 5618
962 5618
963 5617
964 5617
965 5616
966 5616
967 5616
968 5616
969 5615
970 5615
971 5615
972 5615
973 5614
974 5614
975 5614
976 5614
976 5613
977 5612
978 5612
979 5612
980 5612
981 5611
982 5611
983 5610
984 5610
985 5609
986 5609
987 5608
988 5608
988 5607
989 5606
990 5606
991 5606
992 5605
993 5604
994 5604
995 5604
996 5604
997 5603
998 5603
999 5602
1000 5602
1001 5601
1002 5601
1002 5600
1003 5599
1004 5598
1005 5598
1006 5597
1007 5596
1008 5595
1009 5594
1010 5594
1011 5593
1012 5592
1013 5591
1014 5591
1015 5590
1016 5589
1017 5588
1018 5587
1019 5586
1020 5585
1020 5584
1021 5583
1022 5582
1023 5581
1023 5580
1023 5579
1024 5578
1024 5577
1025 5576
1026 5575
1027 5574
1028 5573
1028 5572
1029 5571
1030 5570
1031 5569
1031 5568
1032 5567
1032 5566
1033 5565
1034 5564
1034 5563
1035 5562
1035 5561
1035 5560
1036 5559
1037 5559
1037 5558
1037 5557
1037 5556
1038 5555
1038 5554
1039 5553
1039 5552
1039 5551
1040 5550
1040 5549
1041 5548
1041 5547
1041 5546
1042 5545
1042 5544
1042 5543
1042 5542
1043 5541
1043 5540
1043 5539
1043 5538
1044 5537
1044 5536
1045 5535
1045 5534
1045 5533
1045 5532
1046 5531
1046 5530
1046 5529
1046 5528
1047 5527
1047 5526
1047 5525
1048 5524
1048 5523
1049 5522
1049 5521
1050 5520
1050 5519
1050 5518
1050 5517
1050 5516
1050 5515
1050 5514
1050 5513
1050 5512
1050 5511
1050 5510
1050 5509
1050 5508
1051 5507
1051 5506
1051 5505
1051 5504
1052 5503
1052 5502
1052 5501
1052 5500
1052 5499
1052 5498
1052 5497
1052 5496
1053 5495
1053 5494
1053 5493
1053 5492
1054 5491
1054 5490
1054 5489
1054 5488
1054 5487
1054 5486
1055 5485
1055 5484
1055 5483
1055 5482
1056 5481
1056 5480
1056 5479
1056 5478
1056 5477
1056 5476
1057 5475
1057 5474
1057 5473
1057 5472
1058 5471
1058 5470
1058 5469
1058 5468
1059 5467
1059 5466
1059 5465
1059 5464
1060 5463
1060 5462
1060 5461
1060 5460
1060 5459
1060 5458
1061 5457
1061 5456
1061 5455
1061 5454
1062 5453
1062 5452
1062 5451
1062 5450
1063 5449
1063 5448
1063 5447
1063 5446
1064 5445
1064 5444
1064 5443
1064 5442
1065 5441
1065 5440
1065 5439
1065 5438
1066 5437
1066 5436
1066 5435
1066 5434
1066 5433
1066 5432
1066 5431
1066 5430
1066 5429
1066 5428
1066 5427
1066 5426
1066 5425
1066 5424
1066 5423
1066 5422
1066 5421
1066 5420
1066 5419
1066 5418
1066 5417
1066 5416
1066 5415
1066 5414
1066 5413
1066 5412
1066 5411
1066 5410
1066 5409
1066 5408
1066 5407
1066 5406
1066 5405
1066 5404
1066 5403
1066 5402
1066 5401
1066 5400
1066 5399
1066 5398
1066 5397
1066 5396
1066 5395
1066 5394
1066 5393
1066 5392
1065 5391
1065 5390
1065 5389
1065 5388
1064 5387
1064 5386
1064 5385
1064 5384
1064 5383
1064 5382
1064 5381
1064 5380
1064 5379
1064 5378
1064 5377
1064 5376
1064 5375
1064 5374
1064 5373
1064 5372
1064 5371
1064 5370
1064 5369
1064 5368
1064 5367
1064 5366
1064 5365
1064 5364
1063 5363
1063 5362
1063 5361
1062 5360
1062 5359
1062 5358
1062 5357
1062 5356
1062 5355
1062 5354
1062 5353
1062 5352
1062 5351
1062 5350
1062 5349
1062 5348
1062 5347
1062 5346
1062 5345
1062 5344
1062 5343
1062 5342
1062 5341
1062 5340
1062 5339
1062 5338
1062 5337
1062 5336
1062 5335
1062 5334
1062 5333
1062 5332
1062 5331
1062 5330
1062 5329
1062 5328
1062 5327
1062 5326
1062 5325
1062 5324
1062 5323
1062 5322
1062 5321
1062 5320
1062 5319
1062 5318
1062 5317
1062 5316
1062 5315
1062 5314
1062 5313
1062 5312
1062 5311
1062 5310
1062 5309
1062 5308
1063 5307
1063 5306
1063 5305
1063 5304
1064 5303
1064 5302
1064 5301
1064 5300
1064 5299
1064 5298
1064 5297
1064 5296
1063 5295
1063 5294
1063 5293
1063 5292
1062 5291
1062 5290
1062 5289
1062 5288
1062 5287
1062 5286
1062 5285
1062 5284
1061 5283
1061 5282
1061 5281
1061 5280
1060 5279
1060 5278
1060 5277
1060 5276
1060 5275
1060 5274
1060 5273
1060 5272
1060 5271
1060 5270
1059 5269
1059 5268
1059 5267
1059 5266
1058 5265
1058 5264
1058 5263
1058 5262
1058 5261
1058 5260
1058 5259
1058 5258
1058 5257
1058 5256
1058 5255
1058 5254
1058 5253
1058 5252
1058 5251
1058 5250
1058 5249
1058 5248
1058 5247
1058 5246
1058 5245
1058 5244
1058 5243
1058 5242
1058 5241
1058 5240
1057 5239
1057 5238
1057 5237
1057 5236
1056 5235
1056 5234
1056 5233
1056 5232
1056 5231
1056 5230
1055 5229
1055 5228
1055 5227
1054 5226
1054 5225
1053 5224
1053 5223
1053 5222
1052 5221
1052 5220
1051 5219
1051 5218
1051 5217
1051 5216
1050 5215
1049 5214
1049 5213
1048 5212
1048 5211
1047 5210
1047 5209
1046 5208
1046 5207
1046 5206
1045 5205
1045 5204
1045 5203
1045 5202
1044 5201
1044 5200
1044 5199
1044 5198
1044 5197
1044 5196
1043 5195
1043 5194
1043 5193
1043 5192
1042 5191
1042 5190
1042 5189
1042 5188
1042 5187
1042 5186
1042 5185
1042 5184
1041 5183
1041 5182
1041 5181
1041 5180
1040 5179
1040 5178
1040 5177
1039 5176
1039 5175
1038 5174
1037 5173
1037 5172
1037 5171
1036 5170
1035 5169
1035 5168
1035 5167
1035 5166
1034 5165
1033 5164
1033 5163
1032 5162
1032 5161
1031 5160
1031 5159
1031 5158
1030 5157
1029 5156
1028 5155
1028 5154
1027 5154
1026 5153
1026 5152
1025 5151
1024 5150
1024 5149
1023 5148
1022 5147
1022 5146
1021 5146
1020 5145
1020 5144
1019 5143
1018 5142
1017 5141
1016 5141
1015 5140
1014 5139
1013 5138
1012 5137
1012 5136
1011 5135
1010 5134
1009 5133
1008 5132
1007 5132
1006 5131
1006 5130
1005 5130
1004 5129
1004 5128
1003 5127
1002 5126
1001 5125
1000 5124
999 5123
998 5122
997 5122
996 5121
995 5121
994 5120
993 5119
992 5119
991 5118
990 5117
989 5117
988 5117
987 5117
986 5116
985 5115
984 5115
983 5114
982 5114
981 5113
980 5113
979 5112
978 5112
977 5111
976 5110
975 5110
974 5109
974 5108
973 5108
972 5107
971 5106
970 5105
969 5105
968 5104
967 5104
966 5104
965 5104
964 5104
963 5104
962 5103
961 5103
960 5102
959 5102
958 5101
957 5100
956 5100
955 5100
954 5100
953 5100
952 5100
951 5100
950 5100
949 5100
948 5100
947 5100
946 5100
945 5100
944 5099
943 5099
942 5099
941 5099
940 5098
939 5098
938 5098
937 5098
936 5098
935 5098
934 5098
933 5098
932 5098
931 5098
930 5098
929 5098
928 5098
927 5098
926 5098
925 5098
924 5098
923 5098
922 5098
921 5098
920 5097
919 5097
918 5097
917 5097
916 5096
915 5096
914 5096
913 5096
912 5096
911 5096
910 5096
909 5096
908 5096
907 5096
