2107 5900
2106 5901
2105 5901
2104 5902
2103 5902
2102 5903
2101 5904
2100 5905
2099 5905
2098 5906
2097 5906
2096 5906
2095 5906
2094 5906
2093 5906
2092 5906
2091 5906
2090 5905
2089 5905
2088 5905
2087 5905
2086 5904
2085 5904
2084 5904
2083 5904
2082 5904
2081 5904
2080 5904
2079 5904
2078 5905
2077 5905
2076 5905
2075 5906
2074 5906
2073 5907
2072 5907
2071 5907
2070 5908
2069 5908
2068 5908
2067 5908
2066 5908
2065 5908
2064 5908
2063 5908
2062 5909
2061 5909
2060 5909
2059 5909
2058 5910
2057 5910
2056 5910
2055 5910
2054 5910
2053 5910
2052 5910
2051 5911
2050 5912
2049 5912
2048 5913
2047 5914
2046 5915
2045 5915
2044 5915
2043 5915
2042 5916
2041 5916
2040 5917
2039 5917
2038 5917
2037 5918
2036 5918
2035 5919
2034 5919
2033 5919
2032 5920
2031 5920
2030 5921
2029 5921
2028 5922
2027 5922
2026 5923
2025 5924
2024 5925
2023 5926
2022 5927
2021 5928
2020 5929
2019 5930
2018 5931
2017 5931
2017 5932
2016 5933
2015 5933
2014 5933
2013 5933
2012 5934
2011 5935
2010 5935
2010 5936
2009 5937
2008 5937
2007 5938
2006 5938
2005 5939
2004 5940
2003 5941
2002 5942
2001 5942
2000 5943
1999 5943
1998 5944
1997 5945
1996 5946
1995 5946
1994 5947
1993 5948
1992 5949
1991 5950
1990 5951
1989 5952
1989 5953
1988 5954
1987 5955
1987 5956
1987 5957
1987 5958
1987 5959
1987 5960
1987 5961
1987 5962
1987 5963
1986 5964
1986 5965
1985 5966
1984 5967
1984 5968
1983 5969
1982 5969
1982 5970
1981 5971
1980 5972
1980 5973
1980 5974
1979 5975
1979 5976
1978 5977
1977 5978
1976 5979
1975 5980
1975 5981
1974 5982
1973 5982
1972 5983
1972 5984
1971 5985
1971 5986
1970 5987
1969 5988
1969 5989
1968 5990
1967 5991
1967 5992
1966 5993
1966 5994
1965 5995
1964 5996
1964 5997
1963 5998
1963 5999
1962 6000
1961 6001
1961 6002
1961 6003
1960 6004
1960 6005
1959 6006
1958 6007
1957 6008
1957 6009
1956 6010
1955 6011
1954 6011
1954 6012
1954 6013
1953 6014
1953 6015
1953 6016
1952 6017
1952 6018
1951 6019
1951 6020
1950 6021
1950 6022
1950 6023
1949 6024
1949 6025
1949 6026
1949 6027
1948 6028
1947 6028
1946 6027
1945 6026
1944 6026
1943 6026
1942 6026
1941 6027
1940 6028
1940 6029
1940 6030
1940 6031
1939 6032
1939 6033
1939 6034
1939 6035
1938 6036
1938 6037
1938 6038
1937 6039
1937 6040
1936 6041
1936 6042
1936 6043
1935 6044
1935 6045
1935 6046
1935 6047
1935 6048
1935 6049
1934 6050
1934 6051
1934 6052
1934 6053
1933 6054
1933 6055
1933 6056
1933 6057
1933 6058
1933 6059
1933 6060
1933 6061
1933 6062
1933 6063
1933 6064
1933 6065
1933 6066
1933 6067
1933 6068
1933 6069
1933 6070
1933 6071
1933 6072
1933 6073
1933 6074
1933 6075
1933 6076
1933 6077
1933 6078
1933 6079
1933 6080
1933 6081
1932 6082
1932 6083
1932 6084
1931 6085
1931 6086
1930 6087
1930 6088
1930 6089
1929 6090
1929 6091
1929 6092
1929 6093
1929 6094
1929 6095
1929 6096
1929 6097
1929 6098
1929 6099
1929 6100
1929 6101
1929 6102
1929 6103
1929 6104
1929 6105
1929 6106
1929 6107
1930 6108
1930 6109
1930 6110
1930 6111
1931 6112
1931 6113
1931 6114
1931 6115
1931 6116
1931 6117
1932 6118
1932 6119
1932 6120
1933 6121
1933 6122
1934 6123
1935 6124
1935 6125
1936 6126
1936 6127
1937 6128
1937 6129
1937 6130
1937 6131
1938 6132
1938 6133
1938 6134
1938 6135
1939 6136
1939 6137
1939 6138
1939 6139
1940 6140
1940 6141
1940 6142
1941 6143
1941 6144
1942 6145
1942 6146
1942 6147
1943 6148
1943 6149
1943 6150
1943 6151
1943 6152
1943 6153
1943 6154
1943 6155
1943 6156
1943 6157
1943 6158
1943 6159
1943 6160
1943 6161
1943 6162
1943 6163
1943 6164
1943 6165
1943 6166
1943 6167
1943 6168
1944 6169
1944 6170
1945 6171
1945 6172
1946 6173
1947 6174
1947 6175
1948 6175
1949 6176
1950 6177
1951 6178
1951 6179
1952 6180
1953 6181
1954 6182
1955 6183
1955 6184
1956 6185
1956 6186
1957 6187
1957 6188
1958 6189
1958 6190
1959 6191
1959 6192
1960 6193
1960 6194
1961 6195
1961 6196
1962 6197
1962 6198
1962 6199
1963 6200
1963 6201
1964 6202
1964 6203
1964 6204
1964 6205
1965 6205
1966 6206
1966 6207
1966 6208
1967 6209
1967 6210
1967 6211
1968 6212
1968 6213
1968 6214
1968 6215
1969 6216
1969 6217
1970 6218
1970 6219
1970 6220
1970 6221
1971 6222
1971 6223
1971 6224
1972 6225
1972 6226
1972 6227
1973 6228
1973 6229
1973 6230
1973 6231
1974 6232
1974 6233
1975 6234
1975 6235
1976 6236
1976 6237
1977 6238
1977 6239
1977 6240
1977 6241
1978 6242
1978 6243
1978 6244
1978 6245
1979 6246
1979 6247
1979 6248
1980 6249
1980 6250
1980 6251
1981 6251
1982 6252
1982 6253
1982 6254
1982 6255
1983 6256
1983 6257
1983 6258
1983 6259
1984 6260
1984 6261
1985 6262
1985 6263
1986 6264
1987 6265
1987 6266
1987 6267
1987 6268
1987 6269
1987 6270
1987 6271
1987 6272
1987 6273
1988 6274
1988 6275
1989 6276
1989 6277
1990 6278
1991 6279
1992 6280
1993 6281
1993 6282
1994 6283
1995 6284
1995 6285
1996 6286
1996 6287
1997 6287
1998 6288
1998 6289
1999 6290
1999 6291
2000 6292
2001 6293
2001 6294
2002 6295
2003 6296
2004 6297
2004 6298
2005 6299
2006 6300
2006 6301
2007 6302
2007 6303
2007 6304
2008 6305
2009 6306
2010 6307
2010 6308
2011 6309
2012 6310
2013 6311
2013 6312
2013 6313
2013 6314
2013 6315
2013 6316
2013 6317
2014 6318
2014 6319
2014 6320
2015 6321
2015 6322
2016 6323
2016 6324
2016 6325
2017 6326
2017 6327
2017 6328
2018 6329
2019 6330
2019 6331
2020 6332
2021 6333
2022 6334
2023 6335
2023 6336
2024 6337
2025 6338
2026 6339
2027 6340
2027 6341
2028 6341
2029 6342
2030 6343
2030 6344
2031 6345
2031 6346
2032 6347
2033 6348
2033 6349
2034 6350
2035 6351
2036 6351
2037 6352
2038 6353
2039 6353
2040 6354
2041 6354
2042 6354
2043 6355
2043 6356
2044 6356
2045 6356
2046 6356
2047 6357
2048 6357
2049 6357
2050 6357
2051 6358
2052 6358
2053 6358
2054 6358
2055 6359
2056 6359
2057 6360
2058 6360
2059 6360
2060 6360
2061 6361
2062 6361
2063 6362
2064 6362
2065 6363
2066 6363
2067 6364
2068 6365
2069 6366
2070 6366
2071 6366
2072 6367
2073 6368
2074 6368
2075 6369
2076 6369
2077 6370
2078 6371
2079 6371
2080 6372
2081 6372
2082 6373
2083 6373
2084 6373
2085 6373
2086 6373
2087 6373
2088 6373
2089 6373
2090 6373
2091 6373
2092 6373
2093 6373
2094 6373
2095 6373
2096 6373
2097 6373
2098 6373
2099 6373
2100 6373
2101 6373
2102 6373
2103 6373
2104 6373
2105 6373
2106 6373
2107 6373
2108 6373
2109 6373
2110 6373
2111 6373
2112 6373
2113 6373
2114 6373
2115 6373
2116 6373
2117 6373
2118 6373
2119 6373
2120 6373
2121 6372
2122 6372
2123 6372
2124 6372
2125 6371
2126 6371
2127 6371
2128 6371
2129 6371
2130 6371
2131 6371
2132 6371
2133 6371
2134 6371
2135 6370
2136 6370
2137 6370
2138 6370
2139 6369
2140 6369
2141 6368
2142 6368
2143 6368
2144 6368
2145 6367
2146 6367
2147 6367
2148 6367
2149 6367
2150 6367
2151 6367
2152 6367
2153 6367
2154 6367
2155 6366
2156 6366
2157 6366
2158 6366
2159 6365
2160 6365
2161 6364
2162 6364
2163 6363
2164 6363
2165 6362
2166 6362
2167 6361
2168 6360
2169 6360
2170 6359
2171 6358
2171 6357
2172 6356
2173 6355
2174 6354
2174 6353
2175 6352
2176 6351
2177 6350
2177 6349
2178 6348
2179 6347
2180 6346
2180 6345
2180 6344
2180 6343
2180 6342
2180 6341
2180 6340
2180 6339
2180 6338
2180 6337
2180 6336
2181 6335
2181 6334
2181 6333
2181 6332
2182 6331
2182 6330
2182 6329
2182 6328
2182 6327
2182 6326
2183 6325
2183 6324
2184 6323
2185 6322
2185 6321
2186 6320
2187 6320
2187 6319
2187 6318
2188 6317
2188 6316
2189 6315
2189 6314
2189 6313
2190 6312
2190 6311
2190 6310
2191 6309
2191 6308
2191 6307
2192 6306
2192 6305
2193 6304
2193 6303
2193 6302
2194 6301
2194 6300
2194 6299
2194 6298
2194 6297
2194 6296
2195 6295
2195 6294
2195 6293
2195 6292
2196 6291
2196 6290
2196 6289
2196 6288
2196 6287
2196 6286
2197 6285
2197 6284
2197 6283
2197 6282
2198 6281
2198 6280
2198 6279
2198 6278
2199 6277
2199 6276
2199 6275
2199 6274
2200 6273
2200 6272
2201 6271
2201 6270
2201 6269
2201 6268
2202 6267
2202 6266
2202 6265
2203 6264
2203 6263
2203 6262
2204 6261
2205 6261
2205 6260
2205 6259
2205 6258
2206 6257
2206 6256
2206 6255
2206 6254
2207 6253
2207 6252
2207 6251
2207 6250
2208 6249
2208 6248
2208 6247
2208 6246
2208 6245
2208 6244
2208 6243
2208 6242
2208 6241
2208 6240
2208 6239
2208 6238
2208 6237
2208 6236
2209 6235
2209 6234
2209 6233
2210 6232
2210 6231
2210 6230
2210 6229
2210 6228
2210 6227
2210 6226
2210 6225
2210 6224
2210 6223
2210 6222
2210 6221
2210 6220
2210 6219
2210 6218
2210 6217
2210 6216
2210 6215
2210 6214
2210 6213
2210 6212
2211 6211
2211 6210
2211 6209
2211 6208
2212 6207
2212 6206
2212 6205
2212 6204
2213 6203
2213 6202
2213 6201
2214 6200
2214 6199
2215 6198
2216 6197
2217 6196
2217 6195
2217 6194
2218 6193
2218 6192
2218 6191
2218 6190
2218 6189
2218 6188
2218 6187
2218 6186
2218 6185
2218 6184
2218 6183
2218 6182
2218 6181
2218 6180
2218 6179
2218 6178
2218 6177
2218 6176
2218 6175
2218 6174
2218 6173
2218 6172
2218 6171
2218 6170
2218 6169
2218 6168
2218 6167
2218 6166
2218 6165
2218 6164
2219 6163
2219 6162
2219 6161
2219 6160
2220 6159
2220 6158
2220 6157
2220 6156
2220 6155
2220 6154
2220 6153
2220 6152
2220 6151
2220 6150
2220 6149
2220 6148
2220 6147
2220 6146
2220 6145
2220 6144
2220 6143
2220 6142
2221 6141
2221 6140
2221 6139
2221 6138
2222 6137
2222 6136
2222 6135
2222 6134
2222 6133
2222 6132
2222 6131
2222 6130
2222 6129
2222 6128
2222 6127
2222 6126
2222 6125
2222 6124
2222 6123
2222 6122
2222 6121
2222 6120
2222 6119
2222 6118
2222 6117
2222 6116
2221 6115
2221 6114
2221 6113
2221 6112
2220 6111
2220 6110
2220 6109
2220 6108
2220 6107
2220 6106
2220 6105
2220 6104
2220 6103
2220 6102
2220 6101
2220 6100
2220 6099
2220 6098
2220 6097
2220 6096
2220 6095
2220 6094
2219 6093
2219 6092
2219 6091
2219 6090
2218 6089
2218 6088
2218 6087
2218 6086
2218 6085
2218 6084
2218 6083
2218 6082
2218 6081
2218 6080
2218 6079
2218 6078
2217 6077
2217 6076
2217 6075
2217 6074
2216 6073
2216 6072
2215 6071
2215 6070
2215 6069
2215 6068
2214 6067
2213 6066
2213 6065
2213 6064
2212 6063
2212 6062
2212 6061
2212 6060
2212 6059
2212 6058
2212 6057
2212 6056
2212 6055
2212 6054
2211 6053
2211 6052
2211 6051
2210 6050
2210 6049
2209 6048
2209 6047
2209 6046
2208 6045
2208 6044
2208 6043
2208 6042
2208 6041
2208 6040
2208 6039
2208 6038
2208 6037
2208 6036
2208 6035
2208 6034
2208 6033
2208 6032
2207 6031
2207 6030
2207 6029
2207 6028
2206 6027
2206 6026
2206 6025
2206 6024
2206 6023
2206 6022
2205 6021
2205 6020
2205 6019
2205 6018
2204 6017
2204 6016
2203 6015
2203 6014
2203 6013
2203 6012
2202 6011
2202 6010
2202 6009
2202 6008
2202 6007
2202 6006
2202 6005
2202 6004
2202 6003
2202 6002
2202 6001
2202 6000
2201 5999
2201 5998
2201 5997
2201 5996
2200 5995
2200 5994
2200 5993
2199 5992
2199 5991
2199 5990
2198 5989
2198 5988
2198 5987
2198 5986
2198 5985
2198 5984
2197 5983
2197 5982
2197 5981
2197 5980
2196 5980
2195 5979
2195 5978
2195 5977
2195 5976
2194 5975
2193 5974
2193 5973
2192 5972
2192 5971
2191 5970
2191 5969
2191 5968
2190 5968
2189 5967
2189 5966
2189 5965
2189 5964
2188 5963
2188 5962
2187 5961
2187 5960
2187 5959
2187 5958
2186 5957
2186 5956
2186 5955
2186 5954
2185 5953
2185 5952
2185 5951
2185 5950
2184 5949
2184 5948
2183 5947
2183 5946
2183 5945
2182 5944
2182 5943
2181 5942
2180 5941
2180 5940
2179 5939
2178 5939
2177 5938
2177 5937
2176 5936
2175 5936
2174 5935
2173 5935
2172 5934
2171 5934
2170 5933
2169 5933
2168 5932
2167 5932
2166 5931
2165 5930
2165 5929
2164 5928
2163 5928
2162 5927
2162 5926
2161 5925
2160 5924
2160 5923
2159 5922
2158 5921
2158 5920
2157 5919
2156 5919
2155 5918
2154 5917
2154 5916
2153 5915
2152 5914
2151 5913
2150 5912
2150 5911
2149 5910
2148 5909
2147 5908
2147 5907
2146 5906
2145 5905
2144 5905
2143 5904
2142 5903
2141 5903
2140 5902
2139 5902
2138 5901
2137 5901
2136 5900
2135 5900
2134 5900
2133 5900
2132 5900
2131 5900
2130 5900
2129 5900
2128 5900
2127 5900
2126 5900
2125 5900
2124 5900
2123 5900
2122 5900
2121 5900
2120 5900
2119 5900
2118 5900
2117 5900
2116 5900
2115 5900
2114 5900
2113 5900
2112 5900
2111 5900
2110 5900
2109 5900
2108 5900
2107 5900
