400 2995
399 2996
398 2996
397 2996
396 2996
395 2997
394 2997
393 2997
392 2997
391 2997
390 2997
389 2997
388 2997
387 2997
386 2997
385 2998
384 2998
383 2998
382 2998
381 2999
380 2999
379 2999
378 2999
377 2999
376 2999
375 2999
374 2999
373 2999
372 2999
371 2999
370 2999
369 2999
368 2999
367 2999
366 2999
365 2999
364 2999
363 2999
362 2999
361 2999
360 3000
359 3000
358 3000
357 3001
356 3001
355 3001
354 3001
353 3002
352 3002
351 3002
350 3002
349 3003
348 3003
347 3003
346 3003
345 3004
344 3004
343 3004
342 3005
341 3005
340 3006
339 3006
338 3007
337 3007
336 3008
335 3008
334 3008
333 3009
332 3009
331 3010
330 3010
329 3011
328 3011
327 3012
327 3013
326 3014
325 3015
324 3015
323 3016
322 3017
321 3018
320 3019
319 3019
318 3020
317 3020
316 3021
315 3021
314 3022
313 3022
312 3023
311 3023
310 3024
309 3025
308 3025
308 3026
307 3027
306 3027
305 3028
304 3028
303 3029
302 3029
301 3030
300 3030
299 3030
298 3031
297 3032
296 3033
295 3033
294 3034
293 3034
292 3034
291 3035
290 3036
289 3036
288 3037
287 3037
286 3038
285 3038
284 3038
283 3039
282 3040
281 3040
280 3040
279 3041
278 3041
277 3042
276 3042
275 3043
274 3043
273 3044
272 3044
271 3045
270 3045
269 3046
268 3046
267 3046
266 3046
266 3047
265 3048
264 3048
263 3048
262 3049
261 3049
260 3050
259 3050
258 3050
257 3051
256 3051
255 3051
254 3051
253 3052
252 3052
251 3052
250 3052
249 3053
248 3053
247 3054
246 3054
245 3054
244 3054
243 3055
242 3055
241 3055
240 3055
239 3055
238 3055
237 3056
236 3056
235 3056
234 3056
233 3057
232 3057
231 3057
230 3057
229 3057
228 3057
227 3057
226 3057
225 3058
224 3058
223 3058
222 3058
221 3059
220 3059
219 3060
218 3060
217 3060
216 3061
215 3061
214 3062
213 3062
212 3062
211 3063
210 3064
209 3064
208 3065
207 3066
206 3066
205 3067
204 3067
203 3068
202 3068
201 3068
200 3069
199 3070
198 3071
197 3072
196 3073
196 3074
195 3075
194 3075
194 3076
193 3077
192 3077
191 3078
190 3079
189 3080
188 3081
188 3082
187 3083
186 3083
186 3084
185 3085
184 3085
183 3086
182 3087
181 3088
180 3089
180 3090
179 3091
178 3091
178 3092
177 3093
176 3094
175 3094
174 3095
174 3096
173 3097
173 3098
172 3099
171 3099
171 3100
171 3101
170 3102
169 3103
169 3104
168 3105
167 3106
167 3107
166 3108
165 3109
164 3109
164 3110
163 3111
163 3112
162 3113
161 3113
161 3114
160 3115
159 3116
159 3117
159 3118
158 3119
158 3120
157 3121
157 3122
157 3123
156 3124
155 3125
155 3126
155 3127
155 3128
154 3129
153 3129
153 3130
153 3131
153 3132
152 3133
152 3134
151 3135
151 3136
150 3137
150 3138
149 3139
148 3140
148 3141
148 3142
148 3143
148 3144
148 3145
148 3146
147 3147
147 3148
147 3149
147 3150
146 3151
146 3152
146 3153
146 3154
146 3155
146 3156
146 3157
146 3158
146 3159
146 3160
146 3161
146 3162
145 3163
145 3164
145 3165
145 3166
144 3167
144 3168
144 3169
144 3170
144 3171
144 3172
144 3173
144 3174
144 3175
143 3176
143 3177
143 3178
142 3179
142 3180
142 3181
142 3182
142 3183
142 3184
142 3185
142 3186
141 3187
141 3188
141 3189
141 3190
140 3191
140 3192
140 3193
140 3194
139 3195
139 3196
139 3197
139 3198
138 3199
138 3200
138 3201
138 3202
137 3203
137 3204
137 3205
137 3206
136 3207
136 3208
135 3209
135 3210
135 3211
135 3212
134 3213
134 3214
134 3215
134 3216
133 3217
133 3218
133 3219
132 3220
131 3221
131 3222
131 3223
131 3224
130 3225
130 3226
130 3227
130 3228
130 3229
130 3230
129 3231
129 3232
129 3233
129 3234
128 3235
128 3236
128 3237
128 3238
127 3239
127 3240
127 3241
127 3242
126 3243
126 3244
126 3245
126 3246
126 3247
126 3248
126 3249
126 3250
127 3251
127 3252
127 3253
127 3254
127 3255
127 3256
127 3257
127 3258
126 3259
125 3259
125 3260
125 3261
125 3262
124 3263
124 3264
124 3265
124 3266
124 3267
124 3268
124 3269
124 3270
124 3271
124 3272
124 3273
124 3274
125 3275
125 3276
125 3277
125 3278
126 3279
126 3280
127 3281
127 3282
127 3283
128 3284
129 3285
129 3286
130 3287
130 3288
131 3289
131 3290
132 3291
132 3292
133 3292
134 3293
134 3294
135 3295
135 3296
136 3296
137 3297
137 3298
138 3299
139 3300
139 3301
140 3302
141 3303
142 3304
143 3305
144 3306
145 3307
146 3307
147 3308
147 3309
148 3310
149 3310
150 3311
151 3312
151 3313
152 3314
153 3315
154 3315
155 3316
156 3316
157 3317
158 3318
159 3319
160 3320
161 3321
162 3321
163 3322
163 3323
164 3323
165 3324
165 3325
166 3325
167 3326
167 3327
168 3327
169 3328
169 3329
170 3329
171 3330
171 3331
172 3331
173 3332
173 3333
174 3333
175 3334
175 3335
176 3335
177 3336
177 3337
178 3338
179 3338
180 3339
180 3340
181 3341
181 3342
182 3343
183 3344
184 3345
184 3346
185 3347
186 3347
187 3348
187 3349
188 3350
189 3350
190 3351
191 3352
191 3353
192 3354
193 3354
194 3355
194 3356
195 3357
195 3358
196 3359
197 3360
198 3361
198 3362
199 3363
200 3363
201 3364
202 3365
202 3366
203 3366
204 3367
204 3368
205 3369
206 3370
207 3371
208 3372
209 3373
210 3374
211 3375
212 3375
213 3376
214 3377
215 3378
216 3378
217 3379
218 3380
219 3380
220 3381
220 3382
221 3382
222 3383
222 3384
223 3385
224 3386
225 3387
226 3387
227 3388
227 3389
228 3390
229 3390
230 3391
231 3392
231 3393
232 3394
233 3395
234 3395
235 3396
236 3397
236 3398
237 3399
237 3400
238 3401
239 3402
240 3403
240 3404
241 3404
242 3405
242 3406
243 3406
244 3407
244 3408
245 3409
246 3410
247 3411
248 3412
249 3412
250 3413
250 3414
251 3414
252 3415
252 3416
253 3417
254 3418
255 3419
256 3420
257 3420
258 3421
259 3422
260 3422
261 3423
262 3423
263 3424
264 3425
265 3426
266 3426
267 3427
268 3427
269 3428
270 3429
271 3429
272 3429
273 3430
274 3431
275 3432
276 3433
277 3433
278 3433
279 3434
280 3434
281 3435
282 3436
283 3436
284 3437
285 3437
286 3438
287 3438
288 3439
289 3439
290 3439
291 3440
292 3440
293 3441
294 3441
295 3442
296 3443
297 3443
298 3444
299 3444
300 3445
301 3445
302 3446
303 3446
304 3447
305 3447
306 3447
307 3447
308 3448
309 3448
310 3448
311 3448
312 3449
313 3449
314 3450
315 3450
316 3451
317 3451
318 3452
319 3452
320 3452
321 3452
322 3452
323 3452
324 3452
325 3452
326 3452
327 3452
328 3453
329 3453
330 3453
331 3453
332 3454
333 3454
334 3454
335 3454
336 3455
337 3455
338 3455
339 3455
340 3456
341 3456
342 3456
343 3456
344 3457
345 3457
346 3457
347 3457
348 3458
349 3458
350 3458
351 3458
352 3458
353 3458
354 3458
355 3458
356 3458
357 3458
358 3459
359 3459
360 3459
361 3459
362 3460
363 3460
364 3460
365 3460
366 3460
367 3460
368 3460
369 3460
370 3461
371 3461
372 3461
373 3461
374 3462
375 3462
376 3462
377 3462
378 3462
379 3462
380 3462
381 3462
382 3463
383 3463
384 3463
385 3463
386 3464
387 3464
388 3464
389 3464
390 3464
391 3464
392 3465
393 3465
394 3465
395 3466
396 3466
397 3467
398 3467
399 3467
400 3468
401 3468
402 3468
403 3468
404 3468
405 3468
406 3468
407 3468
408 3467
409 3467
410 3467
411 3467
411 3466
412 3465
413 3465
414 3465
415 3465
416 3464
417 3464
418 3464
419 3464
420 3464
421 3464
422 3463
423 3463
424 3463
425 3462
426 3462
427 3462
428 3462
429 3462
430 3462
431 3462
432 3462
433 3461
434 3461
435 3461
436 3460
437 3460
438 3459
439 3459
440 3459
441 3458
442 3458
443 3458
444 3458
445 3458
446 3458
447 3458
448 3458
449 3457
450 3457
451 3457
452 3456
453 3456
454 3455
455 3455
456 3455
457 3454
458 3454
459 3453
460 3453
461 3452
462 3452
463 3451
464 3451
465 3450
466 3450
467 3450
468 3449
469 3449
470 3449
471 3448
472 3448
473 3447
474 3446
475 3446
476 3445
476 3444
477 3443
478 3442
479 3441
480 3441
481 3440
481 3439
482 3438
482 3437
483 3436
483 3435
484 3434
484 3433
484 3432
484 3431
485 3430
485 3429
486 3428
486 3427
486 3426
486 3425
487 3424
487 3423
487 3422
487 3421
488 3420
488 3419
488 3418
488 3417
489 3416
489 3415
489 3414
489 3413
489 3412
489 3411
489 3410
489 3409
490 3408
490 3407
490 3406
490 3405
491 3404
491 3403
491 3402
491 3401
492 3400
492 3399
492 3398
492 3397
493 3396
493 3395
494 3394
494 3393
494 3392
494 3391
495 3390
495 3389
495 3388
495 3387
496 3386
496 3385
496 3384
497 3383
498 3382
498 3381
498 3380
498 3379
499 3378
499 3377
500 3376
500 3375
500 3374
500 3373
501 3372
501 3371
502 3370
502 3369
502 3368
503 3367
503 3366
503 3365
503 3364
503 3363
503 3362
503 3361
504 3360
504 3359
504 3358
504 3357
505 3356
505 3355
506 3354
506 3353
506 3352
506 3351
507 3350
507 3349
507 3348
507 3347
507 3346
507 3345
508 3344
508 3343
508 3342
508 3341
509 3340
509 3339
509 3338
509 3337
510 3336
510 3335
510 3334
510 3333
511 3332
511 3331
511 3330
511 3329
511 3328
511 3327
511 3326
511 3325
511 3324
511 3323
511 3322
511 3321
511 3320
511 3319
511 3318
511 3317
511 3316
511 3315
511 3314
511 3313
511 3312
511 3311
511 3310
511 3309
511 3308
511 3307
512 3306
512 3305
512 3304
512 3303
513 3302
513 3301
513 3300
513 3299
513 3298
513 3297
513 3296
513 3295
513 3294
513 3293
513 3292
513 3291
513 3290
513 3289
513 3288
513 3287
513 3286
513 3285
513 3284
513 3283
513 3282
513 3281
513 3280
513 3279
513 3278
513 3277
513 3276
513 3275
513 3274
513 3273
513 3272
513 3271
513 3270
513 3269
513 3268
513 3267
513 3266
513 3265
513 3264
513 3263
513 3262
513 3261
513 3260
513 3259
513 3258
513 3257
513 3256
513 3255
513 3254
513 3253
513 3252
513 3251
513 3250
513 3249
513 3248
513 3247
513 3246
513 3245
513 3244
513 3243
513 3242
513 3241
513 3240
513 3239
513 3238
513 3237
513 3236
513 3235
513 3234
513 3233
513 3232
513 3231
513 3230
513 3229
513 3228
513 3227
513 3226
513 3225
513 3224
513 3223
513 3222
513 3221
513 3220
513 3219
513 3218
513 3217
512 3216
512 3215
512 3214
512 3213
511 3212
511 3211
511 3210
511 3209
511 3208
511 3207
511 3206
511 3205
510 3204
510 3203
510 3202
510 3201
509 3200
509 3199
509 3198
509 3197
509 3196
509 3195
509 3194
509 3193
509 3192
509 3191
508 3190
508 3189
508 3188
508 3187
507 3186
507 3185
507 3184
507 3183
507 3182
507 3181
507 3180
507 3179
506 3178
506 3177
506 3176
505 3175
505 3174
505 3173
505 3172
505 3171
505 3170
505 3169
505 3168
505 3167
505 3166
505 3165
504 3164
504 3163
504 3162
504 3161
503 3160
503 3159
503 3158
503 3157
503 3156
503 3155
503 3154
503 3153
503 3152
503 3151
503 3150
503 3149
503 3148
503 3147
503 3146
502 3145
502 3144
502 3143
501 3142
501 3141
501 3140
501 3139
501 3138
501 3137
501 3136
501 3135
501 3134
501 3133
501 3132
501 3131
501 3130
501 3129
501 3128
501 3127
501 3126
501 3125
500 3124
500 3123
500 3122
500 3121
499 3120
499 3119
499 3118
499 3117
499 3116
499 3115
499 3114
499 3113
499 3112
499 3111
499 3110
499 3109
499 3108
499 3107
498 3106
498 3105
498 3104
498 3103
497 3102
497 3101
497 3100
497 3099
497 3098
497 3097
496 3096
496 3095
496 3094
496 3093
495 3092
495 3091
495 3090
495 3089
495 3088
495 3087
494 3086
494 3085
494 3084
494 3083
493 3082
493 3081
493 3080
493 3079
492 3078
492 3077
492 3076
492 3075
491 3074
491 3073
491 3072
491 3071
490 3070
490 3069
490 3068
490 3067
489 3066
489 3065
489 3064
489 3063
489 3062
489 3061
488 3060
488 3059
488 3058
488 3057
487 3056
487 3055
487 3054
487 3053
487 3052
487 3051
487 3050
486 3049
486 3048
486 3047
485 3046
485 3045
484 3044
484 3043
484 3042
484 3041
483 3041
482 3040
482 3039
482 3038
482 3037
481 3037
480 3036
480 3035
480 3034
480 3033
479 3033
478 3032
478 3031
477 3030
477 3029
476 3028
475 3027
475 3026
474 3025
473 3024
473 3023
472 3022
471 3021
470 3020
470 3019
469 3018
468 3017
468 3016
467 3015
466 3014
465 3013
464 3013
463 3012
463 3011
462 3011
461 3010
461 3009
460 3009
459 3008
459 3007
458 3007
457 3006
456 3005
455 3005
454 3004
453 3004
452 3004
451 3003
450 3002
449 3001
448 3001
447 3000
446 2999
445 2999
444 2999
443 2999
442 2999
441 2999
440 2999
439 2998
438 2998
437 2998
436 2998
435 2997
434 2997
433 2997
432 2997
431 2997
430 2997
429 2997
428 2997
427 2997
426 2997
425 2997
424 2997
423 2997
422 2997
421 2997
420 2997
419 2997
418 2997
417 2997
416 2997
415 2997
414 2997
413 2997
412 2997
411 2996
410 2996
409 2996
408 2996
407 2995
406 2995
405 2995
404 2995
403 2995
402 2995
401 2995
400 2995
