978 4387
977 4388
976 4388
975 4388
974 4389
973 4389
972 4389
971 4389
970 4389
969 4389
968 4389
967 4389
966 4389
965 4389
964 4389
963 4389
962 4389
961 4389
960 4389
959 4389
958 4389
957 4389
956 4389
955 4389
954 4390
953 4390
952 4391
951 4391
950 4392
949 4392
948 4393
947 4393
946 4393
945 4393
944 4393
943 4393
942 4393
941 4393
940 4393
939 4393
938 4394
937 4394
936 4394
935 4394
934 4395
933 4395
932 4396
931 4396
930 4396
929 4396
928 4397
927 4397
926 4398
925 4398
924 4398
923 4398
922 4399
921 4399
920 4399
919 4399
918 4400
917 4400
916 4400
915 4400
914 4401
913 4401
912 4402
911 4402
910 4402
909 4402
908 4403
907 4404
906 4404
905 4404
905 4405
904 4406
903 4406
902 4406
901 4406
900 4407
899 4407
898 4408
897 4408
896 4409
895 4409
894 4410
893 4411
892 4412
891 4412
890 4413
889 4413
888 4413
887 4413
886 4413
885 4413
884 4414
883 4414
882 4414
881 4414
881 4415
880 4416
879 4416
878 4416
877 4416
876 4417
875 4417
874 4418
873 4418
872 4419
871 4419
870 4420
870 4421
869 4422
868 4423
867 4423
866 4424
865 4424
864 4425
863 4426
862 4427
861 4427
860 4428
859 4429
858 4430
857 4430
857 4431
856 4432
855 4432
854 4432
853 4432
852 4433
851 4433
850 4434
849 4434
848 4435
847 4436
847 4437
846 4438
845 4439
844 4440
843 4441
842 4442
841 4442
840 4443
839 4443
838 4443
837 4443
836 4444
835 4444
834 4445
833 4446
832 4446
831 4447
830 4448
830 4449
829 4450
828 4451
827 4451
827 4452
826 4453
825 4453
824 4454
823 4454
822 4455
821 4455
820 4456
819 4456
818 4457
817 4457
816 4458
815 4459
815 4460
814 4461
813 4462
812 4463
811 4463
810 4464
809 4465
809 4466
808 4467
807 4467
807 4468
806 4469
805 4470
805 4471
804 4472
803 4473
803 4474
802 4475
801 4475
801 4476
800 4477
799 4478
799 4479
798 4480
797 4481
797 4482
796 4483
795 4484
794 4485
794 4486
793 4487
793 4488
792 4489
791 4490
791 4491
791 4492
791 4493
791 4494
790 4495
790 4496
789 4497
789 4498
788 4499
787 4499
787 4500
786 4501
785 4502
784 4502
783 4503
782 4504
781 4505
781 4506
780 4507
779 4508
778 4509
777 4510
777 4511
776 4512
775 4513
775 4514
774 4515
773 4515
772 4516
772 4517
771 4518
771 4519
770 4520
769 4521
769 4522
768 4523
768 4524
767 4525
767 4526
766 4527
766 4528
765 4529
765 4530
764 4531
764 4532
763 4533
762 4533
762 4534
761 4535
761 4536
760 4537
759 4537
759 4538
758 4539
757 4539
756 4540
755 4541
755 4542
754 4543
753 4543
753 4544
752 4545
752 4546
751 4547
751 4548
750 4549
750 4550
749 4551
749 4552
748 4553
747 4553
747 4554
746 4555
745 4555
745 4556
744 4557
743 4558
743 4559
742 4560
742 4561
741 4562
740 4563
740 4564
740 4565
740 4566
739 4567
739 4568
738 4569
738 4570
737 4571
736 4572
735 4573
734 4574
733 4575
733 4576
732 4577
731 4578
730 4579
730 4580
729 4581
729 4582
728 4583
728 4584
727 4585
727 4586
727 4587
727 4588
727 4589
727 4590
726 4591
726 4592
725 4593
725 4594
724 4595
724 4596
723 4597
723 4598
722 4599
722 4600
721 4601
721 4602
720 4603
719 4604
719 4605
719 4606
719 4607
719 4608
719 4609
719 4610
719 4611
719 4612
719 4613
719 4614
718 4615
718 4616
717 4617
717 4618
716 4619
716 4620
715 4621
714 4621
714 4622
714 4623
714 4624
713 4625
713 4626
713 4627
713 4628
713 4629
713 4630
712 4631
712 4632
711 4633
710 4634
709 4635
709 4636
709 4637
709 4638
709 4639
709 4640
709 4641
709 4642
709 4643
709 4644
709 4645
709 4646
709 4647
709 4648
708 4649
708 4650
708 4651
708 4652
707 4653
707 4654
707 4655
707 4656
707 4657
707 4658
707 4659
707 4660
707 4661
707 4662
707 4663
707 4664
707 4665
707 4666
707 4667
707 4668
707 4669
707 4670
707 4671
707 4672
707 4673
707 4674
707 4675
707 4676
706 4677
706 4678
706 4679
706 4680
705 4681
705 4682
705 4683
705 4684
705 4685
705 4686
705 4687
705 4688
705 4689
705 4690
705 4691
705 4692
705 4693
705 4694
705 4695
705 4696
705 4697
705 4698
705 4699
705 4700
705 4701
705 4702
705 4703
705 4704
705 4705
705 4706
705 4707
705 4708
705 4709
705 4710
705 4711
705 4712
705 4713
705 4714
706 4715
706 4716
706 4717
706 4718
707 4719
707 4720
708 4721
708 4722
709 4723
709 4724
710 4725
710 4726
711 4727
711 4728
712 4729
712 4730
713 4731
713 4732
714 4733
714 4734
715 4735
715 4736
715 4737
715 4738
715 4739
715 4740
715 4741
715 4742
715 4743
715 4744
716 4745
716 4746
716 4747
716 4748
717 4749
717 4750
717 4751
717 4752
717 4753
717 4754
717 4755
717 4756
717 4757
717 4758
717 4759
718 4760
718 4761
718 4762
719 4763
719 4764
719 4765
719 4766
719 4767
719 4768
719 4769
719 4770
719 4771
719 4772
719 4773
720 4774
720 4775
720 4776
721 4776
722 4777
722 4778
723 4779
723 4780
724 4781
724 4782
725 4783
725 4784
726 4785
726 4786
726 4787
726 4788
727 4789
728 4790
728 4791
728 4792
729 4792
730 4793
730 4794
731 4795
731 4796
732 4797
733 4797
734 4798
735 4799
735 4800
736 4800
737 4801
737 4802
738 4802
739 4803
739 4804
740 4805
741 4806
742 4806
743 4807
743 4808
744 4808
745 4809
745 4810
746 4810
747 4811
747 4812
748 4813
749 4814
750 4814
751 4815
751 4816
752 4817
753 4818
753 4819
754 4820
755 4821
756 4822
757 4823
757 4824
758 4824
759 4825
759 4826
760 4827
761 4828
761 4829
762 4830
762 4831
762 4832
763 4832
764 4833
764 4834
765 4835
765 4836
766 4836
767 4837
767 4838
768 4839
769 4840
770 4841
771 4842
772 4842
773 4843
774 4844
775 4845
775 4846
776 4847
777 4848
778 4848
779 4849
779 4850
780 4850
781 4851
782 4852
783 4852
784 4853
785 4853
786 4854
787 4854
788 4855
789 4856
790 4857
791 4858
792 4858
793 4859
794 4860
795 4861
796 4861
797 4862
798 4862
799 4863
799 4864
800 4864
801 4865
802 4866
803 4867
804 4867
805 4868
806 4869
807 4870
808 4870
809 4871
809 4872
810 4872
811 4873
811 4874
812 4874
813 4875
814 4876
815 4876
816 4877
817 4878
818 4878
819 4879
820 4880
821 4880
822 4880
823 4881
824 4881
825 4882
826 4883
827 4883
828 4884
829 4885
830 4885
831 4886
832 4886
833 4887
834 4887
835 4888
836 4888
837 4889
838 4889
839 4890
840 4890
841 4890
842 4890
843 4891
844 4891
845 4892
846 4892
847 4893
848 4893
849 4894
850 4894
851 4894
852 4894
853 4895
854 4895
855 4896
856 4896
857 4897
857 4898
858 4898
859 4899
860 4899
861 4900
862 4900
863 4900
864 4900
865 4900
866 4900
867 4900
868 4900
869 4900
870 4900
871 4900
872 4900
873 4900
874 4900
875 4900
876 4900
877 4901
878 4901
879 4901
880 4901
881 4902
881 4903
882 4903
883 4903
884 4903
885 4904
886 4904
887 4904
888 4904
889 4905
890 4905
891 4906
892 4906
893 4907
894 4907
895 4908
896 4908
897 4908
898 4908
899 4909
900 4909
901 4909
902 4909
903 4910
904 4911
905 4911
906 4911
907 4912
908 4912
909 4913
910 4913
911 4913
912 4913
913 4914
914 4914
915 4915
916 4915
917 4915
918 4915
919 4916
920 4916
921 4916
922 4916
923 4916
924 4916
925 4916
926 4916
927 4916
928 4916
929 4916
930 4916
931 4916
932 4916
933 4916
934 4916
935 4916
936 4916
937 4917
938 4917
939 4917
940 4917
941 4918
942 4918
943 4918
944 4918
945 4919
946 4919
947 4919
948 4920
949 4920
950 4920
951 4920
952 4920
953 4920
954 4920
955 4920
956 4920
957 4920
958 4920
959 4920
960 4920
961 4920
962 4920
963 4920
964 4920
965 4920
966 4920
967 4919
968 4919
969 4918
970 4918
971 4917
972 4916
973 4915
974 4915
975 4914
976 4914
977 4914
978 4914
979 4914
980 4914
981 4914
982 4914
983 4914
984 4914
985 4914
986 4914
987 4914
988 4914
989 4914
990 4914
991 4914
992 4914
993 4914
994 4914
995 4914
996 4914
997 4914
998 4914
999 4914
1000 4914
1001 4914
1002 4914
1003 4914
1004 4914
1005 4914
1006 4914
1007 4914
1008 4914
1009 4914
1010 4914
1011 4913
1012 4913
1013 4913
1014 4913
1015 4912
1016 4912
1017 4911
1018 4911
1019 4911
1020 4911
1021 4910
1022 4910
1023 4910
1024 4910
1025 4909
1026 4909
1027 4909
1028 4909
1028 4908
1029 4907
1030 4907
1031 4907
1032 4907
1033 4906
1034 4906
1035 4905
1036 4905
1037 4905
1038 4905
1039 4904
1040 4904
1041 4904
1042 4904
1043 4904
1044 4904
1045 4903
1046 4903
1047 4903
1048 4903
1048 4902
1049 4901
1050 4901
1051 4901
1052 4900
1053 4900
1054 4899
1055 4899
1056 4899
1057 4898
1058 4898
1059 4898
1060 4898
1061 4898
1062 4897
1063 4896
1064 4896
1065 4895
1066 4894
1067 4894
1068 4893
1069 4893
1070 4892
1070 4891
1071 4890
1072 4890
1073 4889
1074 4888
1075 4888
1076 4887
1077 4887
1078 4887
1079 4886
1080 4886
1081 4885
1082 4885
1083 4885
1084 4885
1085 4884
1086 4883
1087 4882
1088 4882
1088 4881
1089 4880
1090 4879
1091 4878
1092 4878
1092 4877
1093 4876
1094 4876
1095 4875
1096 4875
1096 4874
1097 4873
1098 4873
1099 4872
1100 4872
1101 4871
1102 4871
1103 4870
1104 4869
1105 4868
1106 4868
1107 4867
1108 4866
1109 4865
1110 4864
1110 4863
1111 4862
1112 4862
1112 4861
1113 4860
1114 4860
1115 4859
1116 4859
1117 4858
1118 4857
1119 4856
1119 4855
1120 4854
1120 4853
1120 4852
1121 4851
1122 4850
1122 4849
1123 4848
1124 4847
1125 4846
1125 4845
1126 4844
1126 4843
1127 4842
1128 4842
1128 4841
1129 4840
1129 4839
1130 4838
1130 4837
1131 4836
1131 4835
1131 4834
1131 4833
1132 4832
1133 4832
1133 4831
1133 4830
1133 4829
1134 4828
1134 4827
1135 4826
1135 4825
1136 4824
1136 4823
1137 4822
1138 4821
1139 4820
1139 4819
1140 4818
1140 4817
1141 4816
1141 4815
1142 4814
1142 4813
1143 4812
1143 4811
1143 4810
1143 4809
1144 4808
1144 4807
1144 4806
1144 4805
1145 4804
1145 4803
1145 4802
1145 4801
1146 4800
1146 4799
1147 4798
1147 4797
1147 4796
1147 4795
1148 4794
1148 4793
1148 4792
1148 4791
1149 4790
1149 4789
1150 4788
1151 4787
1151 4786
1151 4785
1152 4784
1152 4783
1152 4782
1152 4781
1153 4780
1153 4779
1153 4778
1153 4777
1154 4776
1154 4775
1154 4774
1154 4773
1155 4772
1155 4771
1156 4770
1157 4769
1158 4768
1158 4767
1159 4766
1160 4766
1160 4765
1161 4764
1161 4763
1162 4762
1162 4761
1162 4760
1162 4759
1162 4758
1162 4757
1162 4756
1162 4755
1162 4754
1162 4753
1162 4752
1162 4751
1162 4750
1162 4749
1162 4748
1162 4747
1162 4746
1162 4745
1162 4744
1162 4743
1162 4742
1162 4741
1162 4740
1162 4739
1162 4738
1162 4737
1162 4736
1162 4735
1162 4734
1162 4733
1162 4732
1162 4731
1162 4730
1162 4729
1162 4728
1162 4727
1162 4726
1162 4725
1162 4724
1162 4723
1162 4722
1162 4721
1162 4720
1162 4719
1162 4718
1162 4717
1162 4716
1162 4715
1162 4714
1162 4713
1161 4712
1161 4711
1161 4710
1161 4709
1160 4708
1160 4707
1160 4706
1160 4705
1160 4704
1160 4703
1160 4702
1160 4701
1160 4700
1160 4699
1160 4698
1160 4697
1160 4696
1160 4695
1160 4694
1160 4693
1160 4692
1160 4691
1160 4690
1160 4689
1160 4688
1160 4687
1160 4686
1160 4685
1160 4684
1159 4683
1159 4682
1159 4681
1158 4680
1158 4679
1158 4678
1158 4677
1158 4676
1158 4675
1157 4674
1157 4673
1157 4672
1157 4671
1156 4670
1156 4669
1155 4668
1155 4667
1155 4666
1155 4665
1154 4665
1153 4664
1153 4663
1153 4662
1153 4661
1152 4660
1152 4659
1152 4658
1152 4657
1151 4656
1151 4655
1150 4654
1150 4653
1149 4652
1149 4651
1148 4650
1148 4649
1147 4648
1147 4647
1147 4646
1146 4645
1145 4644
1145 4643
1145 4642
1145 4641
1144 4640
1144 4639
1144 4638
1144 4637
1144 4636
1144 4635
1144 4634
1144 4633
1144 4632
1144 4631
1144 4630
1144 4629
1144 4628
1144 4627
1144 4626
1144 4625
1144 4624
1144 4623
1144 4622
1144 4621
1144 4620
1144 4619
1144 4618
1144 4617
1145 4616
1145 4615
1146 4614
1146 4613
1147 4612
1147 4611
1148 4610
1149 4609
1149 4608
1150 4607
1150 4606
1150 4605
1150 4604
1150 4603
1150 4602
1150 4601
1150 4600
1150 4599
1150 4598
1150 4597
1150 4596
1150 4595
1150 4594
1150 4593
1150 4592
1150 4591
1149 4590
1149 4589
1149 4588
1149 4587
1148 4586
1148 4585
1148 4584
1148 4583
1148 4582
1148 4581
1148 4580
1148 4579
1148 4578
1148 4577
1148 4576
1148 4575
1148 4574
1148 4573
1148 4572
1148 4571
1148 4570
1148 4569
1148 4568
1148 4567
1148 4566
1148 4565
1148 4564
1148 4563
1148 4562
1148 4561
1148 4560
1148 4559
1148 4558
1148 4557
1148 4556
1148 4555
1148 4554
1147 4553
1147 4552
1147 4551
1146 4550
1146 4549
1146 4548
1146 4547
1146 4546
1146 4545
1146 4544
1146 4543
1146 4542
1146 4541
1146 4540
1146 4539
1146 4538
1146 4537
1145 4536
1145 4535
1144 4534
1144 4533
1143 4532
1143 4531
1142 4530
1142 4529
1142 4528
1142 4527
1142 4526
1142 4525
1142 4524
1142 4523
1142 4522
1142 4521
1142 4520
1142 4519
1141 4518
1141 4517
1140 4516
1140 4515
1139 4514
1138 4513
1137 4512
1136 4511
1136 4510
1135 4509
1134 4508
1134 4507
1133 4506
1133 4505
1132 4504
1132 4503
1132 4502
1132 4501
1132 4500
1132 4499
1132 4498
1132 4497
1132 4496
1132 4495
1132 4494
1132 4493
1132 4492
1132 4491
1132 4490
1131 4489
1131 4488
1131 4487
1130 4486
1130 4485
1130 4484
1130 4483
1130 4482
1130 4481
1130 4480
1130 4479
1130 4478
1130 4477
1130 4476
1129 4475
1129 4474
1129 4473
1128 4472
1128 4471
1127 4470
1127 4469
1127 4468
1127 4467
1126 4466
1126 4465
1125 4464
1125 4463
1125 4462
1125 4461
1124 4461
1123 4460
1123 4459
1122 4458
1121 4458
1120 4457
1120 4456
1119 4456
1118 4455
1117 4455
1116 4454
1115 4453
1115 4452
1114 4451
1113 4451
1112 4450
1112 4449
1111 4448
1110 4447
1110 4446
1109 4445
1108 4444
1108 4443
1107 4443
1106 4442
1106 4441
1105 4441
1104 4440
1103 4439
1102 4439
1101 4438
1100 4438
1099 4437
1098 4436
1097 4436
1096 4435
1095 4435
1094 4434
1093 4433
1093 4432
1092 4431
1091 4430
1090 4429
1089 4428
1088 4427
1088 4426
1087 4425
1086 4424
1086 4423
1085 4423
1084 4422
1083 4421
1082 4421
1081 4420
1080 4420
1079 4419
1078 4419
1077 4418
1076 4417
1075 4417
1074 4416
1073 4416
1072 4415
1072 4414
1071 4414
1070 4413
1069 4413
1068 4412
1068 4411
1067 4411
1066 4410
1065 4409
1064 4408
1064 4407
1063 4407
1062 4406
1062 4405
1061 4404
1060 4403
1059 4403
1058 4402
1058 4401
1057 4401
1056 4400
1055 4399
1054 4398
1053 4397
1052 4397
1051 4396
1050 4395
1049 4394
1048 4394
1047 4394
1046 4393
1045 4393
1044 4393
1043 4393
1042 4393
1041 4393
1040 4392
1039 4392
1038 4392
1037 4391
1036 4391
1035 4391
1034 4391
1033 4391
1032 4391
1031 4391
1030 4391
1029 4391
1028 4391
1027 4391
1026 4391
1025 4391
1024 4391
1023 4391
1022 4391
1021 4391
1020 4391
1019 4391
1018 4391
1017 4391
1016 4391
1015 4391
1014 4391
1013 4391
1012 4391
1011 4391
1010 4391
1009 4391
1008 4391
1007 4391
1006 4391
1005 4391
1004 4391
1003 4391
1002 4390
1001 4390
1000 4390
999 4389
998 4388
997 4388
996 4388
995 4388
994 4387
993 4387
992 4387
991 4387
990 4387
989 4387
988 4387
987 4387
986 4387
985 4387
984 4387
983 4387
982 4387
981 4387
980 4387
979 4387
978 4387
