2762 1706
2761 1707
2760 1707
2759 1707
2758 1708
2757 1708
2756 1708
2755 1708
2754 1708
2753 1708
2752 1708
2751 1708
2750 1709
2749 1709
2748 1709
2747 1709
2746 1710
2745 1710
2744 1710
2743 1710
2742 1710
2741 1710
2740 1711
2739 1711
2738 1711
2737 1711
2736 1712
2735 1712
2734 1713
2733 1713
2732 1713
2731 1713
2730 1714
2729 1714
2728 1715
2727 1715
2726 1715
2725 1715
2724 1716
2723 1716
2722 1717
2721 1717
2720 1718
2719 1718
2718 1719
2717 1720
2716 1721
2715 1722
2714 1722
2713 1723
2712 1724
2711 1724
2711 1725
2710 1726
2709 1726
2708 1727
2707 1728
2706 1729
2706 1730
2705 1731
2704 1731
2703 1732
2703 1733
2702 1734
2701 1735
2700 1735
2699 1736
2698 1737
2698 1738
2697 1739
2696 1739
2695 1740
2695 1741
2694 1742
2693 1743
2692 1743
2691 1744
2690 1745
2690 1746
2689 1747
2688 1747
2687 1748
2687 1749
2686 1750
2685 1751
2684 1751
2683 1752
2683 1753
2682 1754
2681 1755
2681 1756
2680 1757
2679 1758
2679 1759
2678 1760
2677 1761
2677 1762
2676 1763
2676 1764
2676 1765
2675 1766
2674 1767
2673 1768
2672 1769
2672 1770
2671 1771
2670 1771
2670 1772
2670 1773
2669 1774
2669 1775
2668 1776
2668 1777
2667 1778
2667 1779
2666 1780
2666 1781
2665 1782
2665 1783
2665 1784
2664 1785
2663 1786
2662 1787
2662 1788
2662 1789
2661 1790
2661 1791
2660 1792
2660 1793
2659 1794
2659 1795
2658 1796
2658 1797
2657 1798
2657 1799
2657 1800
2656 1801
2655 1802
2655 1803
2654 1804
2654 1805
2653 1806
2652 1806
2652 1807
2652 1808
2651 1809
2651 1810
2650 1811
2649 1812
2648 1813
2648 1814
2648 1815
2647 1816
2647 1817
2646 1818
2646 1819
2646 1820
2646 1821
2645 1822
2644 1822
2644 1823
2644 1824
2643 1825
2643 1826
2642 1827
2642 1828
2641 1829
2641 1830
2640 1831
2640 1832
2639 1833
2639 1834
2638 1835
2638 1836
2637 1837
2637 1838
2636 1839
2636 1840
2635 1841
2635 1842
2634 1843
2634 1844
2633 1845
2633 1846
2632 1847
2631 1848
2631 1849
2630 1850
2629 1851
2628 1852
2628 1853
2627 1854
2627 1855
2626 1856
2626 1857
2625 1858
2625 1859
2625 1860
2625 1861
2624 1862
2624 1863
2623 1864
2623 1865
2622 1866
2621 1866
2621 1867
2620 1868
2619 1869
2618 1870
2618 1871
2618 1872
2617 1873
2617 1874
2617 1875
2616 1876
2616 1877
2616 1878
2615 1879
2615 1880
2614 1881
2614 1882
2614 1883
2613 1884
2613 1885
2612 1886
2612 1887
2612 1888
2611 1889
2610 1890
2610 1891
2610 1892
2610 1893
2609 1894
2609 1895
2609 1896
2608 1897
2608 1898
2608 1899
2607 1900
2607 1901
2607 1902
2607 1903
2607 1904
2607 1905
2607 1906
2607 1907
2606 1908
2606 1909
2606 1910
2606 1911
2605 1912
2605 1913
2605 1914
2605 1915
2605 1916
2605 1917
2605 1918
2605 1919
2604 1920
2604 1921
2604 1922
2604 1923
2603 1924
2603 1925
2603 1926
2603 1927
2603 1928
2603 1929
2603 1930
2603 1931
2603 1932
2603 1933
2602 1934
2602 1935
2602 1936
2602 1937
2601 1938
2601 1939
2601 1940
2601 1941
2601 1942
2601 1943
2601 1944
2601 1945
2601 1946
2601 1947
2601 1948
2601 1949
2602 1950
2602 1951
2602 1952
2603 1953
2603 1954
2603 1955
2603 1956
2603 1957
2603 1958
2603 1959
2603 1960
2603 1961
2603 1962
2603 1963
2603 1964
2603 1965
2604 1966
2604 1967
2604 1968
2605 1969
2605 1970
2605 1971
2606 1972
2606 1973
2606 1974
2606 1975
2607 1976
2607 1977
2607 1978
2607 1979
2607 1980
2607 1981
2608 1982
2608 1983
2608 1984
2609 1985
2609 1986
2609 1987
2610 1988
2610 1989
2610 1990
2610 1991
2611 1992
2612 1993
2612 1994
2612 1995
2613 1996
2613 1997
2613 1998
2613 1999
2614 2000
2614 2001
2615 2002
2615 2003
2616 2004
2617 2005
2617 2006
2618 2007
2618 2008
2619 2009
2620 2010
2620 2011
2621 2012
2621 2013
2622 2014
2622 2015
2623 2016
2624 2017
2624 2018
2624 2019
2625 2020
2625 2021
2626 2022
2626 2023
2627 2024
2627 2025
2628 2026
2628 2027
2629 2028
2630 2029
2630 2030
2631 2030
2632 2031
2632 2032
2633 2033
2634 2034
2635 2035
2636 2036
2637 2037
2637 2038
2638 2039
2638 2040
2639 2040
2640 2041
2640 2042
2641 2043
2642 2044
2643 2045
2643 2046
2644 2047
2645 2048
2645 2049
2646 2049
2647 2050
2647 2051
2648 2052
2649 2053
2649 2054
2650 2055
2651 2056
2652 2057
2652 2058
2653 2059
2654 2060
2654 2061
2655 2062
2655 2063
2655 2064
2656 2065
2657 2066
2658 2067
2659 2068
2659 2069
2660 2070
2661 2070
2662 2071
2662 2072
2663 2073
2664 2074
2665 2075
2666 2075
2667 2076
2667 2077
2668 2077
2669 2078
2670 2078
2671 2079
2671 2080
2672 2080
2673 2081
2674 2082
2675 2083
2676 2083
2677 2084
2678 2084
2679 2085
2680 2085
2681 2086
2682 2086
2683 2086
2684 2087
2684 2088
2685 2089
2686 2089
2687 2090
2688 2091
2689 2092
2690 2092
2691 2092
2692 2093
2693 2094
2694 2094
2695 2094
2696 2095
2696 2096
2697 2096
2698 2097
2699 2098
2700 2098
2701 2099
2702 2099
2703 2100
2704 2100
2705 2101
2706 2101
2707 2102
2708 2102
2709 2102
2710 2102
2711 2103
2712 2104
2713 2104
2714 2104
2715 2105
2716 2105
2717 2105
2718 2105
2719 2105
2720 2105
2721 2106
2722 2106
2723 2106
2724 2106
2725 2107
2726 2107
2727 2107
2728 2107
2729 2107
2730 2107
2731 2107
2732 2107
2733 2107
2734 2107
2735 2107
2736 2107
2737 2107
2738 2107
2739 2107
2740 2107
2741 2107
2742 2107
2743 2107
2744 2107
2745 2107
2746 2107
2747 2107
2748 2107
2749 2107
2750 2107
2751 2107
2752 2107
2753 2107
2754 2107
2755 2107
2756 2107
2757 2107
2758 2107
2759 2107
2760 2107
2761 2107
2762 2107
2763 2106
2764 2106
2765 2106
2766 2106
2767 2105
2768 2105
2769 2105
2770 2105
2771 2105
2772 2105
2773 2105
2774 2105
2775 2105
2776 2105
2777 2105
2778 2105
2779 2105
2780 2105
2781 2105
2782 2105
2783 2105
2784 2105
2785 2105
2786 2105
2787 2105
2788 2105
2789 2104
2790 2104
2791 2104
2792 2104
2793 2103
2794 2103
2795 2103
2796 2103
2797 2103
2798 2103
2799 2103
2800 2103
2801 2103
2802 2103
2803 2102
2804 2102
2805 2102
2806 2102
2807 2101
2808 2101
2809 2101
2810 2101
2811 2101
2812 2101
2813 2100
2814 2100
2815 2100
2816 2100
2817 2099
2818 2099
2819 2099
2820 2099
2821 2098
2822 2098
2823 2097
2824 2097
2825 2096
2826 2096
2827 2095
2828 2095
2829 2094
2830 2094
2831 2093
2832 2093
2833 2092
2834 2091
2835 2091
2836 2090
2837 2090
2838 2089
2839 2088
2840 2088
2840 2087
2841 2086
2842 2086
2843 2085
2844 2085
2844 2084
2845 2083
2846 2082
2847 2082
2847 2081
2848 2080
2849 2080
2849 2079
2850 2078
2851 2078
2851 2077
2852 2076
2853 2076
2853 2075
2854 2074
2855 2074
2855 2073
2856 2072
2857 2071
2857 2070
2858 2069
2858 2068
2859 2067
2859 2066
2859 2065
2859 2064
2860 2063
2860 2062
2860 2061
2860 2060
2861 2059
2861 2058
2861 2057
2862 2056
2863 2056
2863 2055
2863 2054
2864 2053
2864 2052
2864 2051
2864 2050
2864 2049
2864 2048
2864 2047
2864 2046
2864 2045
2864 2044
2864 2043
2864 2042
2864 2041
2864 2040
2864 2039
2864 2038
2864 2037
2864 2036
2864 2035
2864 2034
2864 2033
2864 2032
2864 2031
2864 2030
2864 2029
2864 2028
2865 2027
2865 2026
2865 2025
2866 2024
2866 2023
2866 2022
2866 2021
2866 2020
2866 2019
2866 2018
2866 2017
2866 2016
2866 2015
2866 2014
2866 2013
2866 2012
2866 2011
2866 2010
2866 2009
2866 2008
2866 2007
2866 2006
2866 2005
2866 2004
2866 2003
2866 2002
2866 2001
2866 2000
2866 1999
2866 1998
2866 1997
2866 1996
2866 1995
2866 1994
2866 1993
2866 1992
2867 1991
2867 1990
2867 1989
2867 1988
2868 1987
2868 1986
2868 1985
2868 1984
2868 1983
2868 1982
2868 1981
2868 1980
2868 1979
2868 1978
2868 1977
2868 1976
2868 1975
2868 1974
2868 1973
2868 1972
2869 1971
2869 1970
2869 1969
2869 1968
2870 1967
2870 1966
2870 1965
2870 1964
2870 1963
2870 1962
2870 1961
2870 1960
2870 1959
2870 1958
2870 1957
2870 1956
2871 1955
2871 1954
2871 1953
2871 1952
2872 1951
2872 1950
2872 1949
2872 1948
2872 1947
2872 1946
2872 1945
2872 1944
2872 1943
2872 1942
2872 1941
2872 1940
2872 1939
2872 1938
2873 1937
2873 1936
2873 1935
2873 1934
2874 1933
2874 1932
2874 1931
2874 1930
2874 1929
2874 1928
2874 1927
2874 1926
2874 1925
2874 1924
2874 1923
2874 1922
2875 1921
2875 1920
2875 1919
2875 1918
2876 1917
2876 1916
2877 1915
2877 1914
2877 1913
2877 1912
2878 1911
2878 1910
2878 1909
2878 1908
2878 1907
2878 1906
2878 1905
2878 1904
2878 1903
2878 1902
2879 1901
2879 1900
2879 1899
2879 1898
2880 1897
2880 1896
2880 1895
2880 1894
2880 1893
2880 1892
2880 1891
2880 1890
2880 1889
2880 1888
2880 1887
2880 1886
2880 1885
2880 1884
2880 1883
2880 1882
2880 1881
2880 1880
2880 1879
2880 1878
2880 1877
2880 1876
2880 1875
2880 1874
2880 1873
2880 1872
2880 1871
2880 1870
2880 1869
2880 1868
2880 1867
2880 1866
2880 1865
2880 1864
2880 1863
2880 1862
2880 1861
2880 1860
2880 1859
2880 1858
2879 1857
2879 1856
2879 1855
2879 1854
2878 1853
2878 1852
2878 1851
2878 1850
2877 1849
2877 1848
2877 1847
2877 1846
2876 1845
2876 1844
2876 1843
2876 1842
2876 1841
2876 1840
2876 1839
2876 1838
2876 1837
2876 1836
2875 1835
2875 1834
2875 1833
2875 1832
2874 1831
2874 1830
2874 1829
2874 1828
2874 1827
2874 1826
2874 1825
2874 1824
2873 1823
2873 1822
2873 1821
2873 1820
2872 1819
2872 1818
2872 1817
2872 1816
2872 1815
2872 1814
2872 1813
2872 1812
2872 1811
2872 1810
2871 1809
2871 1808
2871 1807
2871 1806
2870 1805
2870 1804
2870 1803
2870 1802
2869 1801
2869 1800
2869 1799
2869 1798
2868 1797
2868 1796
2868 1795
2868 1794
2867 1793
2867 1792
2867 1791
2867 1790
2866 1789
2866 1788
2866 1787
2866 1786
2866 1785
2866 1784
2866 1783
2866 1782
2865 1781
2865 1780
2865 1779
2865 1778
2864 1777
2864 1776
2864 1775
2864 1774
2864 1773
2864 1772
2863 1771
2863 1770
2863 1769
2862 1768
2862 1767
2862 1766
2861 1765
2861 1764
2861 1763
2861 1762
2860 1761
2860 1760
2859 1759
2859 1758
2859 1757
2859 1756
2858 1755
2858 1754
2858 1753
2858 1752
2858 1751
2858 1750
2858 1749
2858 1748
2858 1747
2858 1746
2858 1745
2858 1744
2857 1743
2857 1742
2857 1741
2857 1740
2856 1739
2856 1738
2856 1737
2856 1736
2855 1735
2855 1734
2855 1733
2855 1732
2854 1731
2853 1730
2853 1729
2852 1728
2852 1727
2851 1726
2850 1725
2850 1724
2849 1724
2848 1723
2847 1722
2847 1721
2846 1721
2845 1720
2844 1719
2843 1718
2842 1718
2841 1717
2840 1717
2839 1716
2838 1715
2837 1715
2836 1714
2835 1713
2834 1713
2833 1713
2832 1712
2832 1711
2831 1711
2830 1711
2829 1711
2828 1710
2827 1709
2826 1709
2825 1709
2824 1708
2824 1707
2823 1707
2822 1707
2821 1707
2820 1706
2819 1706
2818 1706
2817 1706
2816 1706
2815 1706
2814 1706
2813 1706
2812 1706
2811 1706
2810 1706
2809 1706
2808 1706
2807 1706
2806 1706
2805 1706
2804 1706
2803 1706
2802 1706
2801 1706
2800 1706
2799 1706
2798 1706
2797 1706
2796 1706
2795 1706
2794 1706
2793 1706
2792 1706
2791 1706
2790 1706
2789 1706
2788 1706
2787 1706
2786 1706
2785 1706
2784 1706
2783 1706
2782 1706
2781 1706
2780 1706
2779 1706
2778 1706
2777 1706
2776 1706
2775 1706
2774 1706
2773 1706
2772 1706
2771 1706
2770 1706
2769 1706
2768 1706
2767 1706
2766 1706
2765 1706
2764 1706
2763 1706
2762 1706
