1589 1469
1588 1470
1587 1470
1586 1470
1585 1470
1584 1471
1583 1471
1582 1471
1581 1471
1580 1472
1579 1472
1578 1472
1577 1472
1577 1473
1576 1474
1575 1474
1574 1474
1573 1474
1572 1475
1571 1475
1570 1476
1569 1476
1568 1476
1567 1476
1566 1477
1565 1477
1564 1478
1563 1478
1562 1478
1561 1478
1561 1479
1560 1480
1559 1480
1558 1481
1557 1482
1556 1483
1555 1484
1554 1485
1553 1485
1552 1486
1551 1487
1550 1487
1549 1488
1548 1489
1547 1489
1546 1490
1545 1490
1545 1491
1544 1492
1543 1492
1542 1492
1541 1493
1540 1493
1539 1494
1538 1495
1537 1495
1537 1496
1536 1497
1535 1497
1535 1498
1534 1499
1533 1499
1532 1500
1531 1500
1530 1501
1529 1502
1528 1503
1527 1503
1526 1504
1525 1505
1524 1506
1523 1506
1522 1507
1521 1508
1520 1509
1519 1509
1518 1510
1517 1511
1516 1512
1515 1513
1515 1514
1514 1515
1513 1515
1512 1516
1511 1517
1510 1518
1509 1519
1508 1520
1507 1521
1506 1521
1505 1522
1504 1523
1503 1523
1503 1524
1502 1525
1501 1526
1500 1527
1499 1527
1499 1528
1498 1529
1497 1529
1496 1530
1495 1531
1495 1532
1494 1533
1493 1534
1492 1535
1491 1535
1490 1536
1489 1537
1488 1538
1487 1539
1487 1540
1486 1541
1485 1542
1484 1543
1483 1543
1482 1544
1481 1545
1480 1546
1479 1547
1479 1548
1478 1549
1477 1550
1476 1551
1475 1551
1474 1552
1473 1553
1473 1554
1472 1555
1471 1555
1471 1556
1470 1557
1469 1558
1469 1559
1468 1560
1467 1561
1467 1562
1466 1563
1465 1563
1465 1564
1464 1565
1463 1566
1463 1567
1462 1568
1461 1569
1461 1570
1460 1571
1459 1572
1458 1573
1457 1574
1457 1575
1456 1576
1455 1577
1455 1578
1454 1579
1453 1579
1452 1580
1451 1581
1451 1582
1450 1583
1449 1583
1449 1584
1448 1585
1447 1586
1446 1587
1446 1588
1445 1589
1444 1590
1443 1591
1443 1592
1442 1593
1441 1593
1440 1594
1439 1595
1439 1596
1438 1597
1437 1597
1437 1598
1436 1599
1436 1600
1435 1601
1434 1601
1434 1602
1433 1603
1433 1604
1432 1605
1432 1606
1431 1607
1431 1608
1430 1609
1430 1610
1429 1611
1429 1612
1428 1613
1427 1614
1427 1615
1426 1616
1425 1617
1425 1618
1424 1619
1424 1620
1423 1621
1423 1622
1422 1623
1422 1624
1421 1625
1421 1626
1420 1627
1420 1628
1419 1629
1419 1630
1418 1631
1418 1632
1417 1633
1417 1634
1416 1635
1415 1636
1414 1637
1414 1638
1414 1639
1414 1640
1413 1641
1412 1641
1412 1642
1412 1643
1412 1644
1411 1645
1411 1646
1410 1647
1410 1648
1410 1649
1409 1650
1408 1651
1408 1652
1408 1653
1408 1654
1407 1655
1407 1656
1406 1657
1406 1658
1406 1659
1406 1660
1405 1661
1404 1661
1404 1662
1404 1663
1404 1664
1403 1665
1403 1666
1402 1667
1402 1668
1402 1669
1402 1670
1401 1671
1401 1672
1400 1673
1400 1674
1400 1675
1399 1676
1399 1677
1399 1678
1399 1679
1399 1680
1399 1681
1399 1682
1398 1683
1398 1684
1398 1685
1398 1686
1397 1687
1397 1688
1397 1689
1397 1690
1397 1691
1397 1692
1396 1693
1396 1694
1396 1695
1396 1696
1395 1697
1395 1698
1395 1699
1395 1700
1395 1701
1395 1702
1395 1703
1395 1704
1395 1705
1395 1706
1394 1707
1394 1708
1394 1709
1394 1710
1393 1711
1393 1712
1393 1713
1393 1714
1393 1715
1393 1716
1393 1717
1393 1718
1393 1719
1393 1720
1392 1721
1392 1722
1392 1723
1391 1724
1391 1725
1391 1726
1391 1727
1391 1728
1391 1729
1391 1730
1391 1731
1391 1732
1390 1733
1390 1734
1390 1735
1390 1736
1389 1737
1389 1738
1389 1739
1389 1740
1389 1741
1389 1742
1389 1743
1389 1744
1389 1745
1389 1746
1389 1747
1389 1748
1389 1749
1389 1750
1389 1751
1389 1752
1390 1753
1390 1754
1390 1755
1390 1756
1391 1757
1391 1758
1391 1759
1391 1760
1391 1761
1391 1762
1391 1763
1391 1764
1391 1765
1391 1766
1391 1767
1391 1768
1391 1769
1391 1770
1391 1771
1391 1772
1391 1773
1392 1774
1392 1775
1392 1776
1393 1777
1393 1778
1393 1779
1393 1780
1393 1781
1393 1782
1393 1783
1393 1784
1393 1785
1393 1786
1393 1787
1393 1788
1393 1789
1393 1790
1394 1791
1394 1792
1394 1793
1394 1794
1395 1795
1395 1796
1396 1797
1396 1798
1396 1799
1396 1800
1397 1801
1397 1802
1397 1803
1397 1804
1397 1805
1397 1806
1397 1807
1398 1808
1398 1809
1398 1810
1399 1811
1399 1812
1399 1813
1399 1814
1399 1815
1399 1816
1400 1817
1400 1818
1400 1819
1401 1820
1401 1821
1402 1822
1402 1823
1402 1824
1403 1825
1403 1826
1404 1827
1404 1828
1404 1829
1404 1830
1405 1831
1405 1832
1405 1833
1405 1834
1406 1835
1406 1836
1406 1837
1406 1838
1407 1839
1408 1840
1408 1841
1408 1842
1409 1843
1409 1844
1410 1845
1410 1846
1410 1847
1410 1848
1411 1848
1412 1849
1412 1850
1413 1851
1413 1852
1414 1853
1415 1854
1415 1855
1416 1856
1416 1857
1416 1858
1417 1859
1417 1860
1418 1861
1418 1862
1418 1863
1418 1864
1419 1864
1420 1865
1420 1866
1420 1867
1421 1868
1422 1869
1422 1870
1423 1871
1423 1872
1424 1873
1425 1874
1425 1875
1426 1876
1426 1877
1426 1878
1427 1879
1428 1880
1428 1881
1429 1882
1429 1883
1430 1884
1430 1885
1430 1886
1431 1887
1431 1888
1432 1889
1432 1890
1433 1891
1433 1892
1434 1893
1435 1894
1435 1895
1436 1896
1436 1897
1436 1898
1437 1899
1438 1900
1438 1901
1438 1902
1439 1903
1440 1904
1440 1905
1441 1906
1441 1907
1442 1908
1442 1909
1443 1910
1443 1911
1444 1912
1444 1913
1445 1914
1446 1915
1447 1916
1448 1917
1449 1918
1449 1919
1450 1920
1451 1921
1451 1922
1452 1922
1453 1923
1453 1924
1454 1925
1455 1926
1455 1927
1456 1928
1457 1929
1458 1930
1459 1931
1459 1932
1460 1932
1461 1933
1461 1934
1462 1935
1462 1936
1463 1936
1464 1937
1464 1938
1465 1939
1466 1940
1467 1941
1467 1942
1468 1942
1469 1943
1470 1944
1470 1945
1471 1946
1472 1947
1473 1947
1474 1948
1475 1949
1475 1950
1476 1950
1477 1951
1477 1952
1478 1953
1479 1954
1479 1955
1480 1956
1481 1957
1482 1958
1483 1959
1484 1960
1485 1960
1486 1961
1487 1962
1488 1962
1489 1963
1489 1964
1490 1964
1491 1965
1492 1966
1493 1967
1494 1968
1495 1968
1496 1969
1497 1970
1498 1970
1499 1971
1499 1972
1500 1973
1501 1974
1502 1974
1503 1975
1503 1976
1504 1976
1505 1977
1506 1978
1507 1978
1508 1979
1509 1979
1510 1980
1511 1981
1512 1981
1513 1982
1514 1982
1515 1983
1516 1984
1517 1984
1518 1985
1519 1986
1520 1986
1521 1987
1522 1988
1523 1989
1524 1989
1525 1990
1526 1990
1527 1991
1528 1991
1529 1992
1530 1992
1531 1993
1532 1993
1533 1993
1534 1994
1535 1995
1536 1995
1537 1995
1538 1996
1539 1997
1540 1997
1541 1997
1542 1997
1543 1998
1544 1998
1545 1999
1546 1999
1547 2000
1548 2000
1549 2001
1550 2001
1551 2002
1552 2002
1553 2002
1554 2002
1555 2003
1556 2003
1557 2003
1558 2003
1559 2004
1559 2005
1560 2005
1561 2005
1562 2005
1563 2006
1564 2006
1565 2006
1566 2006
1567 2006
1568 2007
1569 2007
1570 2007
1571 2008
1572 2008
1573 2008
1574 2008
1575 2008
1576 2008
1577 2008
1578 2008
1579 2008
1580 2008
1581 2008
1582 2008
1583 2008
1584 2008
1585 2008
1586 2008
1587 2008
1588 2008
1589 2008
1590 2008
1591 2008
1592 2008
1593 2008
1594 2008
1595 2008
1596 2008
1597 2008
1598 2008
1599 2008
1600 2008
1601 2008
1602 2008
1603 2008
1604 2008
1605 2008
1606 2007
1607 2007
1608 2007
1609 2006
1610 2006
1611 2005
1612 2005
1613 2005
1614 2005
1615 2004
1616 2004
1617 2003
1618 2003
1619 2003
1620 2003
1621 2002
1622 2001
1623 2001
1624 2001
1624 2000
1625 1999
1626 1999
1627 1998
1628 1998
1629 1997
1630 1996
1631 1996
1632 1995
1633 1994
1634 1994
1635 1993
1636 1992
1637 1991
1638 1991
1639 1990
1640 1989
1641 1988
1642 1988
1643 1987
1644 1986
1645 1985
1646 1984
1646 1983
1647 1982
1648 1982
1649 1981
1650 1980
1651 1979
1652 1978
1652 1977
1653 1976
1654 1975
1655 1974
1655 1973
1656 1972
1657 1971
1658 1970
1658 1969
1659 1968
1660 1967
1660 1966
1661 1965
1661 1964
1662 1963
1662 1962
1663 1961
1664 1960
1664 1959
1665 1958
1665 1957
1666 1956
1666 1955
1667 1954
1667 1953
1667 1952
1668 1951
1669 1950
1669 1949
1669 1948
1669 1947
1670 1946
1671 1945
1671 1944
1671 1943
1672 1942
1672 1941
1673 1940
1673 1939
1673 1938
1673 1937
1674 1936
1674 1935
1675 1934
1675 1933
1675 1932
1675 1931
1676 1930
1676 1929
1677 1928
1677 1927
1677 1926
1678 1925
1679 1924
1679 1923
1679 1922
1679 1921
1680 1920
1680 1919
1681 1918
1681 1917
1681 1916
1681 1915
1682 1914
1682 1913
1682 1912
1682 1911
1683 1910
1683 1909
1683 1908
1683 1907
1684 1906
1685 1906
1685 1905
1685 1904
1686 1903
1687 1902
1687 1901
1687 1900
1688 1899
1688 1898
1689 1897
1689 1896
1690 1895
1691 1894
1691 1893
1691 1892
1691 1891
1692 1890
1692 1889
1693 1888
1693 1887
1693 1886
1693 1885
1694 1884
1694 1883
1695 1882
1695 1881
1695 1880
1695 1879
1696 1878
1696 1877
1697 1876
1697 1875
1697 1874
1697 1873
1698 1872
1698 1871
1698 1870
1698 1869
1699 1868
1699 1867
1699 1866
1699 1865
1700 1864
1701 1864
1701 1863
1701 1862
1701 1861
1702 1860
1702 1859
1703 1858
1703 1857
1703 1856
1703 1855
1704 1854
1704 1853
1705 1852
1705 1851
1705 1850
1705 1849
1706 1848
1707 1848
1707 1847
1707 1846
1707 1845
1708 1844
1708 1843
1708 1842
1708 1841
1708 1840
1708 1839
1708 1838
1708 1837
1708 1836
1708 1835
1709 1834
1709 1833
1709 1832
1710 1831
1711 1830
1711 1829
1711 1828
1712 1827
1712 1826
1713 1825
1713 1824
1713 1823
1714 1822
1714 1821
1715 1820
1715 1819
1715 1818
1715 1817
1716 1816
1716 1815
1716 1814
1716 1813
1717 1812
1717 1811
1717 1810
1717 1809
1718 1808
1718 1807
1718 1806
1718 1805
1718 1804
1718 1803
1718 1802
1719 1801
1719 1800
1719 1799
1720 1798
1720 1797
1720 1796
1720 1795
1720 1794
1720 1793
1721 1792
1721 1791
1721 1790
1722 1789
1722 1788
1722 1787
1722 1786
1722 1785
1722 1784
1722 1783
1723 1782
1723 1781
1723 1780
1723 1779
1724 1778
1724 1777
1724 1776
1724 1775
1725 1774
1725 1773
1726 1772
1727 1771
1727 1770
1727 1769
1728 1768
1728 1767
1728 1766
1728 1765
1728 1764
1728 1763
1728 1762
1728 1761
1728 1760
1728 1759
1728 1758
1728 1757
1728 1756
1728 1755
1728 1754
1728 1753
1728 1752
1728 1751
1728 1750
1728 1749
1728 1748
1728 1747
1728 1746
1728 1745
1728 1744
1728 1743
1729 1742
1729 1741
1729 1740
1729 1739
1730 1738
1730 1737
1730 1736
1730 1735
1730 1734
1730 1733
1730 1732
1730 1731
1730 1730
1730 1729
1730 1728
1730 1727
1730 1726
1730 1725
1730 1724
1730 1723
1730 1722
1730 1721
1731 1720
1731 1719
1731 1718
1731 1717
1732 1716
1732 1715
1732 1714
1732 1713
1732 1712
1732 1711
1732 1710
1732 1709
1732 1708
1732 1707
1732 1706
1732 1705
1732 1704
1732 1703
1732 1702
1732 1701
1732 1700
1732 1699
1732 1698
1732 1697
1732 1696
1732 1695
1732 1694
1732 1693
1732 1692
1732 1691
1732 1690
1731 1689
1731 1688
1731 1687
1730 1686
1730 1685
1730 1684
1730 1683
1730 1682
1730 1681
1730 1680
1730 1679
1730 1678
1730 1677
1730 1676
1730 1675
1730 1674
1730 1673
1730 1672
1730 1671
1730 1670
1730 1669
1730 1668
1730 1667
1730 1666
1730 1665
1730 1664
1730 1663
1730 1662
1730 1661
1730 1660
1730 1659
1730 1658
1729 1657
1729 1656
1729 1655
1728 1654
1728 1653
1728 1652
1728 1651
1728 1650
1728 1649
1728 1648
1728 1647
1728 1646
1728 1645
1728 1644
1728 1643
1727 1642
1727 1641
1727 1640
1726 1639
1726 1638
1726 1637
1726 1636
1726 1635
1726 1634
1726 1633
1725 1632
1725 1631
1725 1630
1725 1629
1724 1628
1724 1627
1724 1626
1724 1625
1724 1624
1724 1623
1723 1622
1723 1621
1723 1620
1723 1619
1722 1618
1722 1617
1722 1616
1722 1615
1722 1614
1722 1613
1722 1612
1721 1611
1721 1610
1721 1609
1720 1608
1720 1607
1720 1606
1720 1605
1720 1604
1720 1603
1720 1602
1720 1601
1719 1600
1719 1599
1719 1598
1719 1597
1718 1596
1718 1595
1718 1594
1718 1593
1718 1592
1718 1591
1718 1590
1718 1589
1717 1588
1717 1587
1717 1586
1717 1585
1716 1584
1716 1583
1716 1582
1715 1581
1714 1580
1714 1579
1713 1578
1713 1577
1712 1576
1712 1575
1711 1574
1711 1573
1711 1572
1711 1571
1710 1570
1710 1569
1709 1568
1709 1567
1709 1566
1709 1565
1708 1564
1708 1563
1707 1562
1707 1561
1707 1560
1707 1559
1706 1558
1705 1557
1705 1556
1705 1555
1704 1554
1704 1553
1704 1552
1704 1551
1703 1550
1703 1549
1703 1548
1702 1547
1701 1546
1701 1545
1701 1544
1701 1543
1700 1542
1699 1541
1699 1540
1699 1539
1698 1538
1697 1537
1696 1536
1696 1535
1695 1534
1695 1533
1694 1532
1694 1531
1693 1530
1693 1529
1692 1528
1692 1527
1691 1526
1691 1525
1690 1524
1689 1523
1688 1522
1688 1521
1687 1520
1686 1519
1686 1518
1685 1517
1685 1516
1684 1515
1684 1514
1683 1513
1682 1512
1682 1511
1681 1510
1680 1510
1679 1509
1678 1508
1678 1507
1677 1507
1676 1506
1675 1505
1675 1504
1674 1503
1673 1502
1672 1502
1671 1501
1670 1500
1670 1499
1669 1499
1668 1498
1667 1497
1667 1496
1666 1495
1665 1494
1664 1493
1663 1493
1662 1492
1661 1491
1660 1490
1659 1489
1658 1489
1657 1488
1656 1487
1655 1487
1654 1486
1654 1485
1653 1484
1652 1483
1651 1483
1650 1482
1649 1482
1648 1481
1648 1480
1647 1480
1646 1479
1645 1479
1644 1478
1643 1477
1642 1477
1641 1477
1640 1476
1639 1476
1638 1476
1637 1475
1636 1474
1635 1474
1634 1474
1633 1474
1632 1473
1631 1473
1630 1472
1629 1472
1628 1472
1627 1472
1626 1471
1625 1471
1624 1471
1623 1471
1622 1471
1621 1471
1620 1471
1619 1471
1618 1471
1617 1471
1616 1471
1615 1471
1614 1471
1613 1471
1612 1471
1611 1471
1610 1471
1609 1471
1608 1471
1607 1471
1606 1470
1605 1470
1604 1470
1603 1470
1602 1469
1601 1469
1600 1469
1599 1469
1598 1469
1597 1469
1596 1469
1595 1469
1594 1469
1593 1469
1592 1469
1591 1469
1590 1469
1589 1469
