1567 3422
1567 3423
1567 3424
1567 3425
1567 3426
1567 3427
1567 3428
1567 3429
1566 3430
1565 3430
1564 3430
1563 3430
1562 3430
1561 3430
1560 3430
1559 3430
1558 3431
1557 3431
1556 3431
1555 3431
1554 3432
1553 3432
1552 3432
1551 3432
1550 3432
1549 3432
1548 3432
1547 3432
1546 3432
1545 3432
1544 3433
1543 3433
1542 3433
1541 3433
1540 3434
1539 3434
1538 3434
1537 3434
1536 3434
1535 3434
1534 3435
1533 3435
1532 3435
1531 3435
1530 3436
1529 3436
1528 3437
1527 3437
1526 3437
1525 3438
1524 3438
1523 3439
1522 3439
1521 3439
1520 3440
1519 3440
1518 3440
1517 3440
1516 3441
1515 3441
1514 3441
1513 3441
1513 3442
1512 3443
1511 3443
1510 3443
1509 3443
1508 3444
1507 3445
1506 3445
1505 3445
1505 3446
1504 3447
1503 3447
1502 3448
1501 3448
1500 3449
1499 3449
1498 3450
1497 3450
1496 3451
1495 3451
1494 3451
1493 3451
1493 3452
1492 3453
1491 3453
1490 3454
1489 3454
1488 3455
1487 3456
1486 3456
1485 3457
1484 3457
1483 3458
1482 3458
1481 3459
1480 3459
1479 3460
1478 3460
1477 3461
1476 3462
1475 3463
1474 3464
1473 3464
1472 3465
1471 3465
1470 3466
1469 3467
1468 3467
1467 3467
1467 3468
1466 3469
1465 3469
1464 3470
1463 3470
1462 3471
1461 3472
1460 3473
1459 3474
1458 3474
1457 3475
1456 3476
1455 3476
1455 3477
1454 3478
1453 3478
1452 3479
1451 3480
1450 3481
1449 3482
1448 3483
1447 3484
1446 3485
1445 3485
1444 3486
1443 3486
1442 3487
1442 3488
1441 3489
1440 3490
1439 3491
1438 3492
1438 3493
1437 3494
1436 3495
1435 3496
1435 3497
1434 3498
1433 3499
1433 3500
1432 3501
1431 3502
1431 3503
1430 3504
1429 3505
1429 3506
1428 3507
1427 3508
1427 3509
1426 3510
1425 3511
1424 3511
1423 3512
1422 3513
1422 3514
1421 3515
1420 3515
1419 3516
1419 3517
1418 3518
1417 3519
1416 3519
1415 3520
1414 3521
1414 3522
1413 3523
1412 3523
1411 3524
1411 3525
1410 3526
1409 3527
1409 3528
1409 3529
1408 3530
1408 3531
1407 3532
1407 3533
1406 3534
1405 3534
1405 3535
1404 3536
1404 3537
1403 3538
1403 3539
1403 3540
1403 3541
1402 3542
1402 3543
1402 3544
1401 3545
1401 3546
1401 3547
1400 3548
1400 3549
1400 3550
1399 3551
1399 3552
1398 3553
1397 3554
1397 3555
1396 3556
1395 3557
1395 3558
1394 3559
1394 3560
1393 3561
1393 3562
1392 3563
1392 3564
1392 3565
1391 3566
1391 3567
1391 3568
1390 3569
1390 3570
1389 3571
1389 3572
1388 3573
1388 3574
1387 3575
1387 3576
1386 3577
1386 3578
1385 3579
1385 3580
1384 3581
1384 3582
1384 3583
1383 3584
1383 3585
1383 3586
1383 3587
1383 3588
1383 3589
1382 3590
1382 3591
1382 3592
1381 3593
1381 3594
1381 3595
1380 3596
1380 3597
1380 3598
1380 3599
1379 3600
1379 3601
1378 3602
1378 3603
1378 3604
1377 3605
1377 3606
1376 3607
1375 3608
1374 3609
1374 3610
1374 3611
1373 3612
1373 3613
1372 3614
1372 3615
1372 3616
1372 3617
1371 3618
1371 3619
1371 3620
1371 3621
1371 3622
1371 3623
1371 3624
1371 3625
1371 3626
1371 3627
1370 3628
1370 3629
1370 3630
1370 3631
1369 3632
1369 3633
1369 3634
1369 3635
1368 3636
1368 3637
1368 3638
1368 3639
1367 3640
1367 3641
1367 3642
1367 3643
1367 3644
1367 3645
1366 3646
1366 3647
1366 3648
1366 3649
1366 3650
1366 3651
1366 3652
1366 3653
1366 3654
1365 3655
1365 3656
1364 3657
1363 3658
1363 3659
1362 3660
1362 3661
1362 3662
1362 3663
1361 3664
1361 3665
1361 3666
1361 3667
1361 3668
1361 3669
1361 3670
1361 3671
1361 3672
1361 3673
1361 3674
1361 3675
1361 3676
1361 3677
1362 3678
1362 3679
1362 3680
1363 3681
1363 3682
1363 3683
1363 3684
1363 3685
1363 3686
1363 3687
1363 3688
1364 3689
1364 3690
1364 3691
1365 3692
1365 3693
1365 3694
1365 3695
1365 3696
1365 3697
1365 3698
1365 3699
1365 3700
1365 3701
1366 3702
1366 3703
1366 3704
1366 3705
1367 3706
1367 3707
1367 3708
1367 3709
1367 3710
1367 3711
1367 3712
1367 3713
1368 3714
1368 3715
1368 3716
1368 3717
1369 3718
1369 3719
1369 3720
1369 3721
1370 3722
1370 3723
1370 3724
1370 3725
1371 3726
1371 3727
1371 3728
1371 3729
1372 3730
1372 3731
1372 3732
1372 3733
1373 3734
1373 3735
1373 3736
1374 3737
1374 3738
1374 3739
1375 3739
1376 3740
1376 3741
1376 3742
1376 3743
1377 3744
1377 3745
1378 3746
1378 3747
1378 3748
1378 3749
1379 3750
1379 3751
1379 3752
1380 3753
1381 3754
1381 3755
1382 3756
1382 3757
1383 3758
1383 3759
1384 3760
1384 3761
1384 3762
1385 3763
1385 3764
1386 3765
1386 3766
1386 3767
1387 3768
1387 3769
1388 3770
1388 3771
1388 3772
1388 3773
1389 3773
1390 3774
1390 3775
1390 3776
1391 3777
1391 3778
1392 3779
1393 3780
1393 3781
1394 3782
1394 3783
1395 3784
1395 3785
1396 3786
1396 3787
1396 3788
1396 3789
1397 3790
1398 3791
1399 3792
1399 3793
1400 3794
1401 3795
1401 3796
1402 3797
1403 3798
1403 3799
1404 3800
1405 3801
1405 3802
1406 3803
1406 3804
1406 3805
1407 3806
1407 3807
1407 3808
1407 3809
1407 3810
1407 3811
1408 3812
1408 3813
1408 3814
1408 3815
1409 3816
1409 3817
1410 3818
1410 3819
1410 3820
1411 3821
1412 3822
1412 3823
1412 3824
1413 3824
1414 3825
1415 3826
1415 3827
1416 3828
1417 3829
1418 3830
1419 3831
1419 3832
1420 3833
1420 3834
1421 3835
1421 3836
1422 3837
1422 3838
1423 3839
1423 3840
1424 3841
1424 3842
1425 3843
1425 3844
1426 3845
1426 3846
1426 3847
1427 3848
1427 3849
1428 3850
1428 3851
1429 3852
1429 3853
1430 3854
1431 3855
1431 3856
1432 3857
1433 3858
1434 3859
1434 3860
1435 3861
1435 3862
1436 3863
1437 3864
1437 3865
1438 3866
1439 3867
1440 3868
1441 3869
1442 3869
1443 3870
1443 3871
1444 3871
1445 3872
1445 3873
1446 3874
1446 3875
1447 3876
1448 3877
1449 3878
1450 3879
1451 3880
1452 3881
1453 3882
1454 3883
1454 3884
1454 3885
1455 3886
1456 3887
1456 3888
1457 3889
1457 3890
1458 3891
1458 3892
1458 3893
1459 3894
1460 3895
1460 3896
1461 3897
1461 3898
1462 3899
1463 3900
1463 3901
1464 3901
1465 3902
1466 3903
1466 3904
1467 3905
1468 3905
1469 3906
1470 3907
1471 3908
1472 3908
1473 3908
1474 3909
1475 3910
1476 3911
1477 3911
1478 3912
1479 3913
1480 3913
1481 3914
1482 3915
1483 3915
1484 3916
1485 3917
1486 3917
1487 3918
1488 3918
1489 3919
1489 3920
1490 3920
1491 3920
1492 3920
1493 3921
1493 3922
1494 3922
1495 3922
1496 3922
1497 3923
1497 3924
1498 3924
1499 3924
1500 3925
1501 3926
1502 3926
1503 3926
1504 3926
1505 3927
1506 3927
1507 3927
1508 3927
1509 3928
1510 3928
1511 3928
1512 3928
1513 3929
1514 3929
1515 3929
1516 3929
1517 3929
1518 3929
1519 3929
1520 3929
1521 3929
1522 3929
1523 3929
1524 3929
1525 3929
1526 3929
1527 3929
1528 3929
1529 3929
1530 3929
1531 3929
1532 3929
1533 3929
1534 3929
1535 3929
1536 3929
1537 3929
1538 3929
1539 3929
1540 3929
1541 3929
1542 3929
1543 3929
1544 3929
1545 3929
1546 3929
1547 3929
1548 3929
1549 3929
1550 3929
1551 3929
1552 3929
1553 3929
1554 3929
1555 3929
1556 3929
1557 3929
1558 3929
1559 3929
1560 3929
1561 3929
1562 3929
1563 3929
1564 3929
1565 3929
1566 3929
1567 3929
1568 3929
1569 3929
1570 3929
1571 3929
1572 3929
1573 3928
1574 3928
1575 3927
1576 3926
1577 3926
1578 3925
1579 3924
1580 3924
1580 3923
1581 3922
1582 3922
1583 3922
1584 3922
1584 3921
1585 3920
1586 3920
1587 3920
1588 3920
1589 3919
1590 3919
1591 3919
1592 3919
1593 3918
1594 3918
1595 3917
1596 3917
1596 3916
1597 3915
1598 3915
1599 3914
1600 3914
1601 3913
1602 3913
1603 3912
1604 3912
1605 3911
1606 3911
1607 3910
1608 3909
1609 3908
1610 3907
1611 3906
1612 3905
1613 3904
1613 3903
1614 3902
1615 3901
1616 3901
1617 3900
1618 3900
1619 3899
1620 3898
1621 3897
1622 3897
1623 3896
1623 3895
1624 3894
1625 3894
1626 3893
1626 3892
1627 3891
1628 3890
1629 3890
1630 3889
1631 3888
1631 3887
1632 3886
1633 3886
1634 3885
1635 3884
1636 3883
1636 3882
1637 3881
1638 3880
1638 3879
1639 3878
1639 3877
1639 3876
1640 3875
1640 3874
1640 3873
1640 3872
1640 3871
1640 3870
1640 3869
1640 3868
1640 3867
1640 3866
1641 3865
1641 3864
1641 3863
1642 3862
1642 3861
1642 3860
1642 3859
1642 3858
1643 3857
1643 3856
1644 3855
1644 3854
1645 3853
1645 3852
1646 3851
1646 3850
1647 3849
1647 3848
1648 3847
1649 3846
1650 3845
1650 3844
1651 3843
1652 3842
1653 3841
1653 3840
1653 3839
1654 3838
1655 3837
1655 3836
1655 3835
1656 3834
1656 3833
1657 3832
1657 3831
1657 3830
1658 3829
1659 3828
1660 3827
1660 3826
1661 3825
1662 3825
1662 3824
1663 3823
1664 3822
1664 3821
1665 3820
1666 3819
1666 3818
1667 3817
1668 3817
1668 3816
1669 3815
1670 3815
1670 3814
1671 3813
1672 3812
1672 3811
1673 3810
1674 3809
1675 3808
1675 3807
1676 3806
1677 3806
1678 3805
1678 3804
1679 3803
1680 3802
1680 3801
1681 3800
1681 3799
1681 3798
1682 3797
1682 3796
1683 3795
1683 3794
1684 3793
1684 3792
1685 3791
1686 3790
1686 3789
1686 3788
1686 3787
1686 3786
1686 3785
1686 3784
1687 3783
1687 3782
1687 3781
1687 3780
1688 3779
1688 3778
1688 3777
1688 3776
1688 3775
1688 3774
1688 3773
1688 3772
1688 3771
1688 3770
1688 3769
1688 3768
1688 3767
1688 3766
1689 3765
1689 3764
1689 3763
1689 3762
1690 3761
1690 3760
1690 3759
1690 3758
1690 3757
1690 3756
1690 3755
1690 3754
1690 3753
1690 3752
1690 3751
1690 3750
1690 3749
1690 3748
1690 3747
1690 3746
1690 3745
1690 3744
1690 3743
1690 3742
1690 3741
1690 3740
1690 3739
1690 3738
1691 3737
1691 3736
1691 3735
1691 3734
1692 3733
1692 3732
1692 3731
1692 3730
1692 3729
1692 3728
1692 3727
1692 3726
1692 3725
1692 3724
1692 3723
1692 3722
1692 3721
1692 3720
1692 3719
1692 3718
1692 3717
1692 3716
1692 3715
1692 3714
1692 3713
1692 3712
1692 3711
1692 3710
1692 3709
1692 3708
1692 3707
1692 3706
1692 3705
1692 3704
1692 3703
1692 3702
1692 3701
1692 3700
1692 3699
1692 3698
1692 3697
1692 3696
1692 3695
1692 3694
1692 3693
1692 3692
1692 3691
1692 3690
1692 3689
1692 3688
1692 3687
1692 3686
1692 3685
1692 3684
1692 3683
1692 3682
1692 3681
1692 3680
1692 3679
1692 3678
1692 3677
1692 3676
1692 3675
1692 3674
1692 3673
1692 3672
1692 3671
1692 3670
1692 3669
1692 3668
1692 3667
1692 3666
1692 3665
1692 3664
1693 3663
1693 3662
1693 3661
1693 3660
1694 3659
1694 3658
1694 3657
1694 3656
1694 3655
1694 3654
1694 3653
1694 3652
1694 3651
1694 3650
1694 3649
1694 3648
1693 3647
1693 3646
1693 3645
1693 3644
1692 3643
1692 3642
1692 3641
1692 3640
1692 3639
1692 3638
1692 3637
1692 3636
1692 3635
1692 3634
1692 3633
1692 3632
1692 3631
1692 3630
1692 3629
1692 3628
1692 3627
1692 3626
1692 3625
1692 3624
1692 3623
1692 3622
1692 3621
1692 3620
1692 3619
1692 3618
1692 3617
1692 3616
1692 3615
1692 3614
1691 3613
1691 3612
1691 3611
1690 3610
1690 3609
1689 3608
1689 3607
1689 3606
1688 3605
1688 3604
1688 3603
1688 3602
1687 3601
1687 3600
1687 3599
1686 3598
1686 3597
1685 3596
1685 3595
1685 3594
1684 3593
1684 3592
1683 3591
1683 3590
1683 3589
1682 3588
1682 3587
1681 3586
1681 3585
1680 3584
1680 3583
1680 3582
1679 3581
1679 3580
1678 3579
1678 3578
1677 3577
1676 3576
1676 3575
1676 3574
1675 3573
1675 3572
1675 3571
1675 3570
1674 3569
1674 3568
1674 3567
1674 3566
1673 3565
1673 3564
1673 3563
1673 3562
1672 3561
1672 3560
1672 3559
1672 3558
1672 3557
1672 3556
1671 3555
1671 3554
1671 3553
1670 3552
1670 3551
1670 3550
1670 3549
1670 3548
1670 3547
1670 3546
1670 3545
1670 3544
1670 3543
1670 3542
1670 3541
1670 3540
1670 3539
1670 3538
1670 3537
1670 3536
1670 3535
1670 3534
1669 3533
1669 3532
1669 3531
1669 3530
1668 3529
1668 3528
1667 3527
1667 3526
1667 3525
1667 3524
1666 3523
1666 3522
1666 3521
1666 3520
1666 3519
1666 3518
1666 3517
1666 3516
1666 3515
1666 3514
1666 3513
1665 3512
1665 3511
1665 3510
1664 3509
1664 3508
1664 3507
1664 3506
1664 3505
1664 3504
1663 3503
1663 3502
1663 3501
1663 3500
1662 3499
1662 3498
1662 3497
1661 3496
1661 3495
1661 3494
1660 3494
1659 3493
1659 3492
1659 3491
1659 3490
1658 3489
1658 3488
1658 3487
1658 3486
1657 3485
1657 3484
1657 3483
1656 3482
1656 3481
1655 3480
1654 3479
1654 3478
1653 3477
1652 3476
1651 3475
1650 3474
1650 3473
1649 3472
1648 3471
1647 3470
1646 3469
1646 3468
1645 3467
1644 3467
1643 3466
1643 3465
1642 3464
1641 3463
1640 3463
1639 3462
1638 3461
1638 3460
1637 3459
1636 3459
1635 3458
1635 3457
1634 3456
1633 3455
1632 3454
1631 3453
1630 3452
1629 3451
1628 3451
1627 3450
1626 3449
1625 3449
1624 3448
1624 3447
1623 3447
1622 3447
1621 3447
1620 3446
1619 3446
1618 3445
1617 3445
1616 3445
1615 3445
1614 3444
1614 3443
1613 3443
1612 3443
1611 3443
1610 3442
1609 3442
1608 3442
1607 3442
1606 3442
1605 3442
1604 3441
1603 3441
1602 3440
1601 3440
1600 3439
1600 3438
1599 3437
1598 3437
1597 3436
1596 3435
1595 3435
1594 3434
1593 3434
1592 3433
1591 3433
1590 3433
1589 3433
1588 3432
1587 3432
1586 3432
1585 3432
1584 3431
1583 3431
1582 3431
1581 3431
1580 3430
1579 3430
1578 3430
1577 3430
1576 3429
1575 3429
1574 3429
1573 3428
1572 3427
1571 3426
1570 3425
1570 3424
1570 3423
1570 3422
1569 3422
1568 3422
1567 3422
