300 4301
299 4302
298 4302
297 4302
296 4302
295 4303
294 4303
293 4303
292 4303
291 4303
290 4303
289 4303
288 4303
287 4303
286 4303
285 4303
284 4303
283 4303
282 4303
281 4303
280 4303
279 4303
278 4303
277 4303
276 4303
275 4304
274 4304
273 4304
272 4304
271 4305
270 4305
269 4305
268 4305
267 4305
266 4305
265 4305
264 4305
263 4305
262 4305
261 4305
260 4305
259 4305
258 4305
257 4305
256 4305
255 4305
254 4305
253 4305
252 4305
251 4306
250 4306
249 4306
248 4307
247 4308
246 4308
245 4309
244 4309
243 4309
242 4309
241 4309
240 4309
239 4310
238 4310
237 4311
236 4311
235 4312
234 4313
233 4313
232 4314
231 4314
230 4314
229 4315
228 4315
227 4315
226 4315
225 4316
224 4316
223 4317
222 4317
222 4318
221 4319
220 4319
219 4320
218 4320
217 4321
216 4321
215 4321
214 4321
213 4322
212 4322
211 4323
210 4324
209 4324
208 4324
207 4325
206 4326
205 4327
204 4327
203 4328
202 4329
201 4330
200 4331
199 4331
198 4332
197 4332
196 4332
195 4333
194 4333
193 4333
192 4333
191 4333
190 4333
189 4334
188 4334
187 4335
186 4335
185 4336
184 4336
183 4337
182 4337
181 4337
180 4337
179 4337
178 4337
177 4337
176 4337
175 4338
174 4338
173 4338
172 4338
171 4339
170 4340
169 4340
168 4340
167 4341
166 4341
165 4342
164 4342
163 4342
163 4343
162 4344
161 4344
161 4345
160 4346
159 4347
159 4348
158 4349
157 4350
156 4350
155 4351
154 4352
153 4353
152 4354
151 4354
150 4355
149 4356
148 4357
147 4358
147 4359
146 4360
145 4360
144 4361
143 4362
142 4363
141 4364
140 4364
139 4364
138 4365
137 4365
136 4366
135 4366
134 4367
133 4367
132 4368
131 4369
130 4370
129 4370
128 4371
127 4372
127 4373
126 4374
125 4375
124 4375
123 4376
123 4377
122 4378
121 4379
121 4380
120 4381
120 4382
119 4383
119 4384
118 4385
117 4386
116 4387
115 4388
115 4389
114 4390
113 4391
112 4391
111 4392
110 4392
109 4393
108 4393
107 4393
106 4393
105 4394
104 4394
103 4395
102 4395
101 4396
100 4397
99 4398
98 4399
97 4399
96 4400
95 4401
94 4401
93 4402
92 4403
91 4403
90 4404
89 4404
88 4404
87 4405
86 4405
85 4405
84 4405
83 4406
82 4406
81 4406
80 4407
80 4408
79 4409
78 4410
77 4411
77 4412
76 4413
76 4414
75 4415
74 4415
73 4416
72 4417
71 4418
70 4419
69 4419
68 4420
67 4421
66 4422
66 4423
65 4424
65 4425
64 4426
64 4427
64 4428
64 4429
64 4430
63 4431
63 4432
63 4433
62 4434
61 4435
61 4436
60 4437
60 4438
59 4439
59 4440
58 4441
58 4442
57 4443
57 4444
56 4445
56 4446
56 4447
56 4448
56 4449
56 4450
55 4451
55 4452
55 4453
55 4454
54 4455
54 4456
54 4457
54 4458
54 4459
54 4460
54 4461
54 4462
54 4463
54 4464
53 4465
53 4466
53 4467
53 4468
52 4469
52 4470
51 4471
51 4472
51 4473
51 4474
50 4475
50 4476
49 4477
49 4478
49 4479
49 4480
48 4481
48 4482
48 4483
48 4484
48 4485
48 4486
47 4487
47 4488
47 4489
47 4490
46 4491
46 4492
45 4493
45 4494
45 4495
45 4496
44 4497
44 4498
43 4499
43 4500
43 4501
43 4502
42 4503
42 4504
42 4505
42 4506
42 4507
42 4508
42 4509
42 4510
42 4511
42 4512
42 4513
42 4514
42 4515
42 4516
42 4517
42 4518
42 4519
42 4520
42 4521
42 4522
42 4523
42 4524
42 4525
42 4526
42 4527
42 4528
42 4529
42 4530
42 4531
42 4532
42 4533
42 4534
42 4535
42 4536
42 4537
42 4538
42 4539
42 4540
41 4541
41 4542
41 4543
41 4544
40 4545
40 4546
40 4547
40 4548
40 4549
40 4550
40 4551
40 4552
40 4553
40 4554
40 4555
40 4556
40 4557
40 4558
40 4559
40 4560
40 4561
40 4562
40 4563
40 4564
40 4565
40 4566
40 4567
40 4568
40 4569
40 4570
40 4571
40 4572
39 4573
39 4574
39 4575
39 4576
38 4577
38 4578
37 4579
37 4580
37 4581
37 4582
36 4583
36 4584
36 4585
36 4586
36 4587
36 4588
36 4589
36 4590
36 4591
36 4592
36 4593
36 4594
35 4595
35 4596
34 4597
34 4598
33 4599
33 4600
32 4601
32 4602
32 4603
32 4604
32 4605
32 4606
32 4607
32 4608
32 4609
32 4610
32 4611
32 4612
32 4613
32 4614
32 4615
32 4616
32 4617
32 4618
32 4619
32 4620
32 4621
32 4622
32 4623
32 4624
32 4625
32 4626
32 4627
32 4628
32 4629
32 4630
32 4631
32 4632
32 4633
32 4634
33 4635
33 4636
33 4637
33 4638
34 4639
34 4640
34 4641
34 4642
34 4643
34 4644
34 4645
34 4646
34 4647
35 4648
35 4649
35 4650
36 4651
36 4652
36 4653
36 4654
37 4655
37 4656
37 4657
38 4658
38 4659
39 4660
39 4661
39 4662
40 4663
40 4664
41 4665
41 4666
41 4667
41 4668
42 4669
43 4670
43 4671
43 4672
44 4673
44 4674
45 4675
45 4676
45 4677
45 4678
46 4679
46 4680
46 4681
46 4682
47 4683
47 4684
47 4685
47 4686
48 4687
48 4688
48 4689
48 4690
48 4691
48 4692
48 4693
48 4694
49 4695
49 4696
49 4697
49 4698
50 4699
50 4700
50 4701
50 4702
51 4703
51 4704
51 4705
52 4706
52 4707
53 4708
53 4709
53 4710
54 4711
54 4712
55 4713
55 4714
55 4715
55 4716
56 4717
56 4718
56 4719
56 4720
57 4721
57 4722
57 4723
57 4724
58 4725
58 4726
58 4727
58 4728
59 4729
59 4730
59 4731
59 4732
60 4733
60 4734
61 4735
61 4736
62 4737
62 4738
63 4739
63 4740
64 4741
64 4742
64 4743
64 4744
64 4745
64 4746
65 4747
65 4748
65 4749
66 4750
66 4751
67 4752
67 4753
68 4754
69 4755
69 4756
70 4757
70 4758
71 4759
71 4760
72 4761
72 4762
73 4763
73 4764
74 4765
74 4766
75 4767
75 4768
76 4769
76 4770
77 4771
78 4772
79 4773
80 4774
80 4775
81 4776
81 4777
81 4778
82 4779
82 4780
83 4781
83 4782
83 4783
83 4784
84 4785
84 4786
85 4787
85 4788
85 4789
85 4790
86 4791
87 4792
88 4793
88 4794
89 4794
90 4795
91 4795
92 4796
92 4797
93 4797
94 4798
95 4798
96 4799
96 4800
97 4801
97 4802
98 4803
98 4804
98 4805
98 4806
99 4807
99 4808
99 4809
100 4810
100 4811
101 4812
102 4813
103 4814
104 4815
104 4816
105 4817
106 4818
107 4819
107 4820
108 4821
109 4822
110 4822
111 4823
112 4823
113 4824
114 4824
115 4824
116 4825
117 4825
118 4825
119 4826
120 4826
121 4827
122 4827
123 4828
124 4828
125 4829
126 4829
127 4830
128 4830
129 4831
130 4832
131 4832
132 4833
133 4833
134 4834
135 4834
136 4835
137 4835
138 4836
139 4836
140 4837
140 4838
141 4838
142 4839
142 4840
143 4841
144 4842
145 4842
146 4843
147 4844
147 4845
148 4845
149 4845
150 4846
151 4847
152 4848
153 4849
154 4849
155 4850
155 4851
156 4852
157 4852
158 4853
158 4854
159 4855
159 4856
160 4856
161 4857
161 4858
161 4859
161 4860
162 4861
162 4862
163 4863
163 4864
164 4865
164 4866
165 4866
166 4867
166 4868
167 4869
168 4870
169 4871
170 4871
171 4872
171 4873
172 4873
173 4873
174 4874
175 4874
176 4875
177 4875
178 4876
179 4876
180 4877
180 4878
181 4878
182 4879
182 4880
183 4881
184 4882
185 4883
186 4883
187 4884
188 4884
189 4885
190 4886
191 4887
192 4888
193 4888
194 4889
195 4890
196 4891
197 4891
198 4892
199 4893
200 4894
201 4895
202 4895
203 4896
203 4897
204 4898
205 4899
206 4900
207 4900
208 4901
209 4901
210 4902
211 4902
212 4902
213 4902
214 4902
215 4902
216 4902
217 4902
218 4902
219 4902
220 4903
221 4903
222 4904
223 4905
224 4905
225 4906
225 4907
226 4907
227 4908
228 4909
229 4909
230 4910
231 4910
232 4910
233 4910
234 4910
235 4910
236 4910
237 4910
238 4910
239 4910
240 4910
241 4910
242 4910
243 4910
244 4910
245 4910
246 4910
247 4910
248 4910
249 4910
250 4910
251 4910
252 4910
253 4910
254 4910
255 4910
256 4910
257 4910
258 4910
259 4910
260 4910
261 4910
262 4910
263 4910
264 4910
265 4910
266 4909
267 4909
268 4909
269 4909
270 4908
271 4908
272 4908
273 4908
274 4908
275 4908
276 4908
277 4908
278 4908
279 4908
280 4907
281 4907
282 4907
283 4906
284 4905
285 4905
286 4904
287 4904
288 4904
289 4903
290 4903
291 4902
292 4902
293 4901
294 4901
295 4901
296 4900
297 4900
298 4899
299 4899
300 4899
301 4899
302 4898
303 4898
304 4898
305 4898
306 4898
307 4898
308 4897
309 4897
310 4897
311 4897
312 4896
313 4896
314 4895
315 4895
316 4895
317 4895
318 4894
319 4894
320 4894
321 4894
322 4894
323 4894
324 4894
325 4894
326 4894
327 4894
328 4894
329 4894
330 4894
331 4894
332 4894
333 4894
334 4894
335 4894
336 4894
337 4894
338 4894
339 4894
340 4893
341 4893
342 4893
343 4893
344 4892
345 4892
346 4892
347 4892
348 4891
349 4891
350 4890
351 4890
352 4889
353 4888
354 4888
355 4887
356 4887
357 4887
358 4886
359 4885
360 4885
361 4885
362 4884
363 4884
364 4883
365 4883
366 4883
367 4882
368 4881
369 4880
370 4880
371 4880
372 4879
373 4879
374 4878
375 4878
376 4877
377 4877
378 4876
379 4876
380 4876
381 4876
382 4876
383 4876
384 4875
385 4875
386 4874
387 4874
388 4873
389 4872
390 4871
391 4871
392 4870
393 4870
394 4869
395 4869
396 4868
397 4868
398 4867
399 4866
400 4865
401 4864
402 4864
403 4863
404 4862
405 4862
406 4861
407 4861
407 4860
408 4859
409 4859
410 4859
411 4858
411 4857
412 4856
413 4855
414 4854
414 4853
415 4852
415 4851
416 4850
417 4850
418 4849
419 4848
420 4848
421 4847
422 4846
423 4846
423 4845
424 4844
425 4844
426 4843
427 4842
428 4841
429 4840
429 4839
430 4838
431 4838
431 4837
432 4836
433 4836
434 4835
435 4835
436 4834
437 4834
438 4834
439 4834
440 4834
441 4834
442 4834
443 4834
444 4834
445 4834
446 4834
447 4833
448 4832
449 4831
450 4830
451 4830
452 4829
453 4829
454 4828
455 4828
456 4828
457 4828
458 4828
459 4828
460 4828
461 4828
462 4828
463 4828
464 4828
465 4828
466 4828
467 4828
468 4827
469 4827
470 4826
471 4826
472 4825
472 4824
473 4823
474 4823
474 4822
475 4821
476 4821
476 4820
477 4819
478 4819
478 4818
479 4817
480 4817
480 4816
481 4815
482 4815
483 4814
483 4813
484 4812
485 4811
486 4810
486 4809
487 4808
487 4807
487 4806
487 4805
487 4804
487 4803
487 4802
487 4801
487 4800
487 4799
487 4798
487 4797
487 4796
487 4795
487 4794
487 4793
488 4792
488 4791
489 4790
490 4789
490 4788
490 4787
491 4786
491 4785
491 4784
491 4783
491 4782
491 4781
491 4780
491 4779
492 4778
493 4778
494 4778
495 4778
496 4778
497 4778
497 4777
497 4776
497 4775
497 4774
497 4773
498 4772
498 4771
499 4770
499 4769
500 4768
501 4767
501 4766
502 4765
503 4764
503 4763
504 4762
504 4761
505 4760
506 4760
506 4759
507 4758
507 4757
508 4756
508 4755
509 4754
509 4753
509 4752
509 4751
509 4750
509 4749
509 4748
510 4747
511 4746
511 4745
512 4744
513 4743
514 4743
514 4742
514 4741
515 4740
516 4740
516 4739
516 4738
516 4737
517 4736
518 4736
518 4735
518 4734
519 4733
520 4732
520 4731
520 4730
520 4729
521 4728
521 4727
521 4726
521 4725
521 4724
521 4723
521 4722
521 4721
521 4720
521 4719
520 4718
520 4717
520 4716
520 4715
519 4714
519 4713
519 4712
519 4711
519 4710
519 4709
520 4708
520 4707
520 4706
520 4705
521 4704
521 4703
522 4702
522 4701
522 4700
523 4699
523 4698
524 4697
524 4696
524 4695
525 4694
525 4693
525 4692
525 4691
526 4690
526 4689
526 4688
527 4687
527 4686
527 4685
527 4684
527 4683
527 4682
527 4681
528 4680
528 4679
528 4678
528 4677
529 4676
529 4675
528 4674
528 4673
528 4672
528 4671
527 4670
527 4669
527 4668
527 4667
527 4666
527 4665
528 4664
528 4663
528 4662
528 4661
529 4660
529 4659
529 4658
529 4657
529 4656
529 4655
529 4654
529 4653
529 4652
529 4651
529 4650
529 4649
529 4648
529 4647
529 4646
529 4645
529 4644
529 4643
529 4642
529 4641
529 4640
529 4639
529 4638
529 4637
529 4636
529 4635
529 4634
529 4633
529 4632
529 4631
529 4630
529 4629
529 4628
529 4627
529 4626
529 4625
529 4624
529 4623
530 4622
530 4621
530 4620
530 4619
531 4618
531 4617
531 4616
531 4615
531 4614
531 4613
531 4612
531 4611
531 4610
531 4609
531 4608
531 4607
532 4606
532 4605
531 4604
531 4603
531 4602
532 4601
531 4600
531 4599
531 4598
531 4597
531 4596
531 4595
531 4594
531 4593
531 4592
531 4591
530 4590
530 4589
530 4588
530 4587
529 4586
529 4585
529 4584
529 4583
529 4582
529 4581
528 4580
528 4579
528 4578
528 4577
527 4576
527 4575
527 4574
527 4573
527 4572
527 4571
528 4570
528 4569
528 4568
528 4567
529 4566
529 4565
529 4564
529 4563
529 4562
529 4561
529 4560
529 4559
529 4558
529 4557
529 4556
529 4555
529 4554
529 4553
529 4552
529 4551
529 4550
529 4549
529 4548
529 4547
529 4546
529 4545
529 4544
529 4543
529 4542
529 4541
529 4540
529 4539
529 4538
529 4537
529 4536
529 4535
529 4534
529 4533
528 4532
528 4531
528 4530
528 4529
527 4528
526 4527
526 4526
526 4525
525 4524
524 4523
523 4522
523 4521
522 4520
521 4519
521 4518
520 4517
519 4516
519 4515
518 4514
518 4513
517 4512
516 4511
515 4510
515 4509
514 4508
513 4507
512 4506
511 4505
510 4504
510 4503
509 4502
509 4501
509 4500
509 4499
509 4498
509 4497
510 4496
510 4495
510 4494
510 4493
511 4492
511 4491
511 4490
511 4489
511 4488
511 4487
511 4486
511 4485
510 4484
510 4483
510 4482
510 4481
509 4480
509 4479
509 4478
509 4477
509 4476
509 4475
509 4474
509 4473
509 4472
509 4471
509 4470
509 4469
509 4468
508 4467
507 4466
507 4465
506 4464
505 4463
505 4462
504 4461
504 4460
503 4459
503 4458
502 4457
501 4456
501 4455
500 4454
499 4453
499 4452
498 4451
497 4450
496 4450
495 4449
494 4449
493 4449
492 4449
491 4448
490 4448
489 4447
488 4447
487 4446
486 4445
486 4444
485 4443
484 4442
483 4441
482 4440
482 4439
481 4438
481 4437
480 4436
480 4435
480 4434
480 4433
479 4433
478 4432
478 4431
478 4430
478 4429
477 4428
476 4427
475 4426
474 4425
474 4424
473 4424
472 4423
472 4422
471 4422
470 4421
469 4420
468 4420
467 4419
466 4418
465 4417
464 4416
463 4415
463 4414
462 4413
461 4412
460 4411
459 4410
458 4409
457 4409
456 4408
455 4407
454 4406
453 4406
452 4405
452 4404
451 4404
450 4403
450 4402
449 4401
448 4400
447 4399
446 4398
445 4397
444 4396
443 4396
442 4395
441 4395
440 4394
439 4393
438 4392
437 4391
436 4391
435 4390
435 4389
434 4388
433 4388
432 4387
431 4387
430 4386
429 4385
428 4384
427 4383
426 4382
425 4381
424 4380
423 4379
422 4379
421 4378
421 4377
420 4376
419 4375
419 4374
418 4373
418 4372
417 4371
416 4370
416 4369
415 4369
414 4368
414 4367
413 4366
413 4365
412 4365
411 4364
410 4363
410 4362
409 4362
408 4361
408 4360
407 4360
406 4359
406 4358
405 4357
404 4357
403 4356
402 4355
401 4355
400 4354
399 4353
398 4352
397 4351
396 4351
395 4350
394 4349
394 4348
393 4347
392 4346
391 4346
390 4345
389 4344
389 4343
388 4343
387 4342
387 4341
386 4340
386 4339
385 4338
384 4337
384 4336
384 4335
383 4334
382 4333
381 4332
380 4332
379 4331
378 4331
377 4330
376 4330
375 4329
374 4329
373 4328
372 4328
371 4327
370 4327
369 4326
368 4326
367 4326
366 4325
365 4325
364 4324
363 4324
362 4323
361 4323
360 4322
359 4321
358 4321
357 4320
356 4320
355 4319
354 4319
353 4318
352 4318
351 4317
350 4317
349 4316
348 4316
347 4315
346 4315
345 4314
344 4314
343 4313
342 4313
341 4312
340 4311
339 4311
338 4310
337 4310
336 4310
335 4309
334 4309
333 4308
332 4308
331 4308
330 4308
329 4307
329 4306
328 4306
327 4306
326 4306
325 4305
324 4305
323 4304
322 4304
321 4303
320 4303
319 4302
318 4302
317 4301
316 4301
315 4301
314 4301
313 4301
312 4301
311 4301
310 4301
309 4301
308 4301
307 4301
306 4301
305 4301
304 4301
303 4301
302 4301
301 4301
300 4301
