1023 98
1022 99
1021 99
1020 99
1019 99
1018 100
1017 100
1016 100
1015 100
1014 100
1013 100
1012 100
1011 100
1010 100
1009 100
1008 101
1007 101
1006 101
1005 101
1004 102
1003 102
1002 103
1001 103
1000 103
999 103
998 104
997 104
996 105
995 105
994 105
993 105
992 106
991 106
990 107
989 107
988 107
987 107
986 108
985 109
984 109
983 110
982 110
981 111
980 112
979 112
978 113
977 113
977 114
976 115
975 115
974 116
973 116
972 117
971 117
970 118
969 118
968 119
967 119
966 119
966 120
965 121
964 122
963 122
963 123
962 124
961 124
960 125
959 126
958 127
957 128
957 129
956 130
955 130
955 131
954 132
953 132
952 133
951 134
950 135
949 136
948 137
948 138
947 139
946 140
945 140
944 141
943 141
942 142
941 143
940 144
939 144
938 145
938 146
937 147
936 147
936 148
935 149
935 150
934 151
933 152
933 153
932 154
931 154
931 155
930 156
929 157
929 158
928 159
927 160
927 161
926 162
925 163
924 163
924 164
924 165
923 166
922 167
921 168
920 169
919 170
919 171
918 172
917 173
917 174
916 175
916 176
915 177
915 178
914 179
913 180
912 181
911 182
911 183
910 184
910 185
909 186
909 187
908 188
908 189
907 190
906 191
905 192
905 193
904 194
903 195
903 196
903 197
903 198
903 199
903 200
903 201
902 202
902 203
902 204
902 205
901 206
901 207
901 208
901 209
901 210
901 211
901 212
901 213
900 214
900 215
900 216
899 217
899 218
899 219
899 220
899 221
899 222
899 223
899 224
898 225
898 226
898 227
897 228
897 229
896 230
896 231
896 232
896 233
895 234
895 235
894 236
894 237
893 238
893 239
892 240
891 241
891 242
890 243
890 244
889 245
889 246
888 247
887 248
886 249
886 250
885 251
884 251
883 252
883 253
882 254
881 255
880 256
879 257
879 258
879 259
878 260
878 261
878 262
878 263
877 264
877 265
877 266
877 267
877 268
877 269
877 270
877 271
877 272
877 273
877 274
877 275
877 276
877 277
876 278
876 279
876 280
875 281
875 282
875 283
874 284
874 285
874 286
873 287
873 288
872 289
872 290
871 291
870 292
870 293
870 294
869 295
869 296
868 297
867 298
867 299
866 300
865 300
864 301
863 302
862 303
861 304
861 305
860 306
859 306
859 307
858 308
857 309
857 310
856 311
855 312
854 313
854 314
853 315
852 316
852 317
851 318
851 319
850 320
850 321
850 322
850 323
849 324
849 325
848 326
848 327
848 328
847 329
847 330
847 331
847 332
847 333
847 334
847 335
847 336
847 337
847 338
847 339
847 340
847 341
847 342
847 343
847 344
847 345
847 346
847 347
846 348
846 349
846 350
846 351
845 352
845 353
845 354
845 355
845 356
845 357
845 358
845 359
845 360
845 361
845 362
845 363
844 364
844 365
844 366
844 367
843 368
843 369
843 370
843 371
842 372
842 373
842 374
841 375
841 376
840 377
840 378
840 379
839 380
839 381
838 382
838 383
838 384
838 385
837 386
837 387
837 388
837 389
837 390
837 391
837 392
837 393
837 394
837 395
837 396
837 397
837 398
837 399
837 400
837 401
836 402
836 403
836 404
836 405
835 406
835 407
835 408
835 409
835 410
835 411
835 412
835 413
835 414
835 415
835 416
835 417
835 418
835 419
835 420
835 421
835 422
835 423
835 424
835 425
835 426
835 427
835 428
835 429
835 430
835 431
835 432
835 433
835 434
835 435
835 436
835 437
835 438
835 439
835 440
835 441
835 442
835 443
835 444
835 445
835 446
835 447
836 448
836 449
836 450
836 451
837 452
837 453
837 454
837 455
837 456
837 457
837 458
837 459
837 460
837 461
837 462
837 463
838 464
838 465
838 466
838 467
839 468
839 469
839 470
839 471
839 472
839 473
839 474
839 475
840 476
840 477
840 478
840 479
841 480
841 481
841 482
841 483
841 484
841 485
841 486
841 487
842 488
842 489
842 490
843 491
843 492
844 493
844 494
844 495
845 496
845 497
845 498
845 499
846 500
846 501
846 502
846 503
847 504
847 505
847 506
847 507
848 508
848 509
848 510
849 511
849 512
850 513
850 514
850 515
851 516
851 517
852 518
852 519
852 520
852 521
853 521
854 522
854 523
854 524
854 525
855 526
855 527
856 528
856 529
856 530
856 531
857 532
857 533
858 534
858 535
858 536
859 537
859 538
860 539
861 540
861 541
862 542
862 543
863 544
863 545
864 546
864 547
864 548
865 549
866 550
867 551
867 552
868 553
868 554
869 555
869 556
870 557
871 558
871 559
872 560
873 561
874 562
875 563
876 564
876 565
877 566
877 567
878 568
879 569
879 570
880 571
881 572
881 573
882 574
883 575
883 576
884 577
885 578
885 579
886 580
886 581
887 582
888 583
889 584
890 585
890 586
891 587
892 588
893 588
894 589
895 590
895 591
896 592
897 593
897 594
898 595
899 596
899 597
900 598
901 598
902 599
902 600
903 601
904 602
905 602
906 603
907 604
907 605
908 606
909 606
910 607
910 608
911 609
912 610
913 611
914 612
915 613
916 614
917 614
918 615
919 616
920 616
921 617
921 618
922 618
923 619
924 619
925 620
925 621
926 622
927 622
928 623
928 624
929 624
930 625
931 626
932 626
933 626
934 627
935 628
936 628
937 628
938 628
939 629
940 629
941 629
942 629
943 630
944 630
945 630
946 631
947 631
948 632
949 632
950 632
951 633
952 633
953 633
954 633
955 633
956 633
957 634
958 634
959 634
960 635
961 636
962 636
963 637
964 637
965 638
965 639
966 639
967 640
968 640
969 641
969 642
970 642
971 642
972 642
973 643
974 644
975 644
976 644
977 645
977 646
978 646
979 646
980 646
981 647
982 647
983 648
984 648
985 648
986 648
987 649
988 649
989 649
990 649
991 650
992 650
993 650
994 650
995 651
996 651
997 651
998 651
999 651
1000 651
1001 651
1002 651
1003 651
1004 651
1005 651
1006 651
1007 651
1008 651
1009 651
1010 651
1011 651
1012 651
1013 651
1014 651
1015 651
1016 651
1017 651
1018 651
1019 651
1020 651
1021 651
1022 651
1023 651
1024 651
1025 651
1026 651
1027 651
1028 651
1029 651
1030 651
1031 651
1032 651
1033 651
1034 651
1035 651
1036 651
1037 651
1038 651
1039 650
1040 650
1041 650
1042 650
1043 649
1044 649
1045 649
1046 649
1047 648
1048 648
1049 648
1050 648
1051 647
1052 647
1053 647
1054 647
1055 647
1056 647
1057 646
1058 646
1059 646
1060 646
1061 645
1062 645
1063 645
1064 645
1065 645
1066 645
1067 644
1068 644
1069 644
1070 644
1071 643
1072 642
1073 641
1074 641
1075 640
1076 640
1077 639
1078 639
1079 638
1080 638
1081 638
1082 637
1083 637
1084 636
1085 635
1086 635
1087 634
1088 634
1088 633
1089 632
1090 632
1091 631
1092 630
1093 630
1094 629
1095 628
1096 627
1097 626
1098 625
1099 624
1099 623
1100 622
1101 622
1102 621
1102 620
1103 619
1104 618
1105 618
1106 617
1107 616
1107 615
1108 614
1109 614
1110 613
1110 612
1111 611
1112 610
1113 610
1114 609
1115 608
1115 607
1116 606
1117 606
1118 605
1118 604
1119 603
1120 602
1121 601
1122 600
1122 599
1123 598
1124 597
1125 596
1126 595
1126 594
1127 593
1128 592
1128 591
1129 590
1130 589
1131 588
1131 587
1132 586
1133 586
1133 585
1134 584
1135 584
1135 583
1136 582
1137 582
1137 581
1138 580
1138 579
1139 578
1140 577
1140 576
1141 575
1142 575
1142 574
1143 573
1144 572
1144 571
1145 570
1146 569
1146 568
1147 567
1148 566
1149 566
1149 565
1149 564
1150 563
1151 562
1152 561
1153 560
1154 559
1155 558
1155 557
1156 556
1157 555
1157 554
1158 553
1158 552
1159 551
1159 550
1159 549
1160 548
1160 547
1161 546
1162 545
1163 544
1163 543
1164 542
1165 541
1165 540
1166 539
1166 538
1167 537
1167 536
1167 535
1168 534
1168 533
1169 532
1170 531
1170 530
1171 529
1172 529
1173 528
1173 527
1173 526
1174 525
1174 524
1175 523
1175 522
1176 521
1176 520
1177 519
1178 518
1179 517
1179 516
1180 515
1180 514
1181 513
1182 512
1182 511
1183 510
1183 509
1184 508
1184 507
1185 506
1186 505
1187 504
1187 503
1188 502
1189 501
1189 500
1189 499
1190 498
1190 497
1191 496
1191 495
1192 494
1192 493
1193 492
1194 491
1194 490
1195 489
1195 488
1196 487
1197 487
1197 486
1197 485
1197 484
1198 483
1198 482
1199 481
1199 480
1199 479
1199 478
1200 477
1200 476
1201 475
1201 474
1202 473
1202 472
1203 471
1204 470
1205 469
1205 468
1205 467
1205 466
1206 465
1206 464
1207 463
1207 462
1207 461
1207 460
1208 459
1208 458
1208 457
1209 456
1209 455
1209 454
1210 453
1210 452
1210 451
1210 450
1210 449
1210 448
1211 447
1211 446
1211 445
1211 444
1212 443
1212 442
1212 441
1212 440
1213 439
1213 438
1213 437
1213 436
1214 435
1214 434
1214 433
1214 432
1215 431
1215 430
1215 429
1215 428
1216 427
1216 426
1216 425
1216 424
1216 423
1216 422
1216 421
1216 420
1216 419
1216 418
1217 417
1217 416
1217 415
1217 414
1218 413
1218 412
1218 411
1218 410
1218 409
1218 408
1218 407
1218 406
1218 405
1218 404
1218 403
1218 402
1218 401
1218 400
1218 399
1218 398
1218 397
1218 396
1218 395
1218 394
1218 393
1218 392
1218 391
1218 390
1218 389
1218 388
1219 387
1219 386
1219 385
1219 384
1220 383
1220 382
1220 381
1220 380
1220 379
1220 378
1220 377
1220 376
1220 375
1220 374
1220 373
1220 372
1220 371
1220 370
1220 369
1220 368
1220 367
1220 366
1220 365
1220 364
1219 363
1219 362
1219 361
1219 360
1218 359
1218 358
1218 357
1218 356
1218 355
1218 354
1218 353
1218 352
1218 351
1218 350
1218 349
1218 348
1218 347
1218 346
1218 345
1218 344
1218 343
1218 342
1218 341
1218 340
1218 339
1218 338
1218 337
1217 336
1217 335
1217 334
1216 333
1216 332
1216 331
1216 330
1216 329
1216 328
1216 327
1216 326
1216 325
1216 324
1216 323
1216 322
1216 321
1216 320
1216 319
1216 318
1216 317
1216 316
1216 315
1216 314
1216 313
1216 312
1216 311
1216 310
1216 309
1216 308
1215 307
1215 306
1215 305
1214 304
1214 303
1213 302
1213 301
1213 300
1212 299
1212 298
1212 297
1212 296
1212 295
1212 294
1212 293
1212 292
1211 291
1211 290
1211 289
1211 288
1210 287
1210 286
1210 285
1210 284
1210 283
1210 282
1210 281
1210 280
1209 279
1209 278
1209 277
1208 276
1208 275
1207 274
1207 273
1206 272
1206 271
1206 270
1205 269
1205 268
1205 267
1205 266
1204 265
1204 264
1204 263
1204 262
1203 261
1203 260
1203 259
1203 258
1202 257
1202 256
1202 255
1202 254
1201 253
1201 252
1201 251
1201 250
1200 249
1200 248
1199 247
1199 246
1199 245
1199 244
1198 243
1198 242
1198 241
1197 240
1197 239
1197 238
1196 237
1196 236
1195 235
1195 234
1195 233
1195 232
1194 231
1194 230
1193 229
1193 228
1192 227
1192 226
1191 225
1190 224
1190 223
1189 222
1189 221
1188 220
1188 219
1187 218
1187 217
1187 216
1186 215
1185 214
1185 213
1184 212
1184 211
1183 210
1183 209
1182 208
1181 207
1181 206
1180 205
1180 204
1179 203
1179 202
1178 201
1177 200
1177 199
1176 198
1176 197
1175 196
1175 195
1174 194
1174 193
1173 192
1173 191
1172 190
1172 189
1171 188
1171 187
1170 186
1170 185
1169 184
1169 183
1168 182
1168 181
1167 180
1167 179
1166 178
1166 177
1165 176
1164 175
1164 174
1163 173
1162 172
1161 171
1160 171
1159 170
1159 169
1158 168
1157 167
1156 167
1155 166
1154 165
1154 164
1153 163
1152 162
1151 161
1151 160
1150 159
1149 158
1148 157
1148 156
1147 155
1146 154
1145 153
1144 152
1144 151
1143 150
1142 149
1142 148
1141 147
1140 147
1139 146
1139 145
1138 144
1137 143
1136 142
1135 142
1134 141
1134 140
1133 140
1132 139
1131 139
1130 138
1130 137
1129 137
1128 137
1127 136
1127 135
1126 134
1125 134
1124 133
1124 132
1123 132
1122 131
1121 130
1121 129
1120 129
1119 128
1119 127
1118 127
1117 126
1117 125
1116 125
1115 124
1115 123
1114 123
1113 122
1113 121
1112 121
1111 120
1111 119
1110 119
1109 119
1108 118
1108 117
1107 117
1106 117
1105 117
1104 116
1104 115
1103 115
1102 114
1101 114
1100 113
1099 112
1098 111
1097 111
1096 111
1095 110
1095 109
1094 109
1093 108
1092 107
1091 107
1090 106
1089 106
1088 106
1087 106
1086 105
1085 105
1084 105
1083 104
1082 104
1081 103
1080 103
1079 103
1078 102
1077 102
1076 102
1075 102
1074 101
1073 101
1072 101
1071 101
1070 100
1070 99
1069 99
1068 99
1067 99
1066 98
1065 98
1064 98
1063 98
1062 98
1061 98
1060 98
1059 98
1058 98
1057 98
1056 98
1055 98
1054 98
1053 98
1052 98
1051 98
1050 98
1049 98
1048 98
1047 98
1046 98
1045 98
1044 98
1043 98
1042 98
1041 98
1040 98
1039 98
1038 98
1037 98
1036 98
1035 98
1034 98
1033 98
1032 98
1031 98
1030 98
1029 98
1028 98
1027 98
1026 98
1025 98
1024 98
1023 98
