983 3204
982 3205
981 3205
980 3205
979 3205
978 3206
977 3207
976 3208
975 3208
975 3209
974 3210
973 3211
972 3211
971 3212
970 3213
969 3214
968 3215
967 3216
966 3216
965 3217
964 3217
963 3217
962 3218
961 3218
960 3219
959 3219
958 3219
957 3219
956 3220
955 3220
954 3221
953 3221
952 3221
951 3221
950 3222
949 3222
948 3223
947 3223
946 3223
945 3223
944 3224
943 3224
942 3224
941 3224
940 3225
939 3225
938 3225
937 3225
936 3226
935 3226
934 3226
933 3226
932 3226
931 3226
930 3227
929 3227
928 3227
927 3228
926 3229
925 3229
924 3230
923 3230
922 3231
921 3231
920 3231
919 3232
918 3232
917 3233
916 3234
915 3234
914 3235
913 3235
912 3236
911 3236
910 3237
909 3237
908 3237
907 3237
906 3238
905 3239
904 3240
903 3240
902 3241
902 3242
901 3243
900 3244
899 3244
898 3245
897 3245
896 3246
895 3247
894 3248
893 3248
893 3249
892 3250
891 3250
891 3251
890 3252
889 3252
888 3253
887 3254
886 3255
885 3256
884 3257
884 3258
883 3259
882 3260
881 3260
880 3261
879 3261
878 3262
877 3263
876 3263
875 3263
875 3264
874 3265
873 3265
872 3265
872 3266
871 3267
870 3268
869 3268
869 3269
868 3270
867 3270
866 3271
866 3272
865 3273
864 3273
864 3274
863 3275
862 3275
861 3276
861 3277
860 3278
859 3279
859 3280
858 3281
858 3282
857 3283
857 3284
856 3285
856 3286
855 3287
854 3288
854 3289
853 3290
853 3291
852 3292
852 3293
851 3294
850 3295
849 3296
848 3297
848 3298
847 3299
846 3299
846 3300
845 3301
844 3302
844 3303
843 3304
843 3305
842 3306
842 3307
841 3308
841 3309
840 3310
840 3311
840 3312
839 3313
838 3314
838 3315
837 3316
837 3317
836 3318
836 3319
835 3320
834 3321
834 3322
833 3323
833 3324
832 3325
832 3326
831 3327
830 3328
830 3329
830 3330
830 3331
829 3332
828 3332
828 3333
828 3334
828 3335
827 3336
827 3337
826 3338
826 3339
826 3340
826 3341
825 3342
825 3343
825 3344
824 3345
824 3346
823 3347
823 3348
822 3349
822 3350
822 3351
821 3352
821 3353
821 3354
821 3355
821 3356
821 3357
820 3358
820 3359
820 3360
819 3361
819 3362
819 3363
819 3364
819 3365
819 3366
819 3367
819 3368
818 3369
818 3370
818 3371
817 3372
817 3373
817 3374
817 3375
816 3376
816 3377
816 3378
816 3379
815 3380
815 3381
815 3382
815 3383
815 3384
815 3385
814 3386
814 3387
814 3388
814 3389
813 3390
813 3391
813 3392
813 3393
812 3394
812 3395
812 3396
812 3397
811 3398
811 3399
811 3400
811 3401
811 3402
811 3403
810 3404
810 3405
810 3406
810 3407
809 3408
809 3409
809 3410
809 3411
809 3412
809 3413
809 3414
809 3415
809 3416
809 3417
809 3418
809 3419
809 3420
809 3421
809 3422
809 3423
809 3424
809 3425
809 3426
809 3427
809 3428
809 3429
809 3430
809 3431
809 3432
809 3433
809 3434
809 3435
809 3436
809 3437
809 3438
809 3439
809 3440
809 3441
809 3442
809 3443
810 3444
810 3445
810 3446
810 3447
811 3448
811 3449
811 3450
811 3451
811 3452
811 3453
811 3454
811 3455
811 3456
811 3457
811 3458
811 3459
811 3460
811 3461
811 3462
811 3463
811 3464
811 3465
811 3466
811 3467
811 3468
811 3469
811 3470
811 3471
811 3472
811 3473
811 3474
811 3475
811 3476
811 3477
811 3478
811 3479
811 3480
811 3481
811 3482
811 3483
811 3484
811 3485
811 3486
811 3487
811 3488
811 3489
811 3490
811 3491
811 3492
811 3493
811 3494
811 3495
811 3496
811 3497
811 3498
811 3499
811 3500
811 3501
812 3502
812 3503
812 3504
812 3505
813 3506
813 3507
813 3508
813 3509
813 3510
813 3511
813 3512
813 3513
813 3514
813 3515
813 3516
813 3517
813 3518
813 3519
814 3520
814 3521
814 3522
814 3523
815 3524
815 3525
816 3526
816 3527
816 3528
816 3529
817 3530
817 3531
817 3532
817 3533
817 3534
817 3535
817 3536
817 3537
817 3538
817 3539
818 3540
818 3541
818 3542
818 3543
819 3544
819 3545
819 3546
819 3547
819 3548
819 3549
819 3550
819 3551
819 3552
819 3553
819 3554
819 3555
819 3556
819 3557
819 3558
819 3559
820 3560
820 3561
820 3562
820 3563
821 3563
822 3564
822 3565
822 3566
822 3567
823 3568
823 3569
823 3570
823 3571
824 3572
824 3573
824 3574
824 3575
825 3576
825 3577
825 3578
825 3579
826 3580
826 3581
826 3582
826 3583
827 3584
827 3585
827 3586
827 3587
828 3588
828 3589
828 3590
828 3591
829 3592
829 3593
830 3594
830 3595
830 3596
830 3597
831 3598
831 3599
831 3600
831 3601
832 3602
832 3603
832 3604
833 3605
834 3606
835 3607
835 3608
836 3609
836 3610
836 3611
837 3612
837 3613
838 3614
838 3615
838 3616
839 3617
839 3618
840 3619
840 3620
840 3621
841 3622
841 3623
841 3624
842 3625
843 3626
843 3627
844 3628
844 3629
845 3630
846 3631
846 3632
846 3633
847 3634
847 3635
848 3636
848 3637
849 3638
849 3639
850 3640
851 3641
851 3642
852 3643
852 3644
853 3645
853 3646
854 3647
854 3648
855 3649
855 3650
856 3651
856 3652
856 3653
857 3654
858 3655
859 3656
859 3657
860 3658
860 3659
861 3660
862 3661
862 3662
863 3662
864 3663
864 3664
865 3664
866 3665
866 3666
867 3666
868 3667
868 3668
869 3669
870 3670
871 3671
871 3672
872 3673
873 3674
874 3675
875 3676
875 3677
876 3678
877 3678
878 3679
878 3680
879 3681
880 3682
881 3683
881 3684
882 3685
883 3686
883 3687
884 3687
885 3688
885 3689
886 3690
887 3691
888 3692
889 3693
890 3693
891 3694
891 3695
892 3695
893 3696
893 3697
894 3698
895 3699
896 3700
897 3700
898 3701
899 3702
900 3702
901 3703
902 3704
903 3705
904 3705
905 3706
905 3707
906 3708
907 3709
908 3710
909 3710
910 3711
911 3712
912 3712
913 3713
913 3714
914 3714
915 3715
916 3715
917 3716
917 3717
918 3718
919 3718
920 3719
920 3720
921 3720
922 3721
923 3722
924 3722
925 3723
926 3723
927 3724
928 3724
929 3725
929 3726
930 3726
931 3726
932 3727
933 3728
934 3728
935 3728
936 3728
937 3729
937 3730
938 3730
939 3731
940 3731
941 3732
942 3733
943 3733
944 3734
945 3734
946 3735
947 3735
948 3736
949 3736
950 3737
951 3737
952 3738
953 3738
954 3738
955 3739
956 3739
957 3740
958 3740
959 3740
960 3740
961 3741
961 3742
962 3742
963 3742
964 3742
965 3743
966 3743
967 3743
968 3743
969 3743
970 3743
971 3743
972 3743
973 3744
974 3744
975 3744
976 3744
977 3745
978 3745
979 3745
980 3745
981 3745
982 3745
983 3745
984 3745
985 3745
986 3745
987 3745
988 3745
989 3746
990 3746
991 3746
992 3746
993 3747
994 3747
995 3747
996 3747
997 3747
998 3747
999 3747
1000 3747
1001 3747
1002 3747
1003 3747
1004 3747
1005 3747
1006 3747
1007 3747
1008 3747
1009 3747
1010 3747
1011 3747
1012 3747
1013 3747
1014 3747
1015 3747
1016 3747
1017 3747
1018 3747
1019 3747
1020 3747
1021 3747
1022 3747
1023 3746
1024 3746
1025 3746
1026 3746
1027 3745
1028 3745
1029 3745
1030 3745
1031 3745
1032 3745
1033 3744
1034 3744
1035 3744
1036 3744
1037 3743
1038 3742
1039 3742
1040 3742
1040 3741
1041 3740
1042 3740
1043 3740
1044 3740
1045 3739
1046 3739
1047 3738
1048 3738
1049 3737
1050 3737
1051 3736
1052 3736
1053 3735
1054 3735
1055 3734
1056 3734
1057 3733
1058 3733
1058 3732
1059 3731
1060 3731
1061 3730
1062 3729
1063 3728
1064 3727
1065 3726
1066 3726
1067 3725
1068 3725
1069 3724
1070 3724
1071 3723
1072 3722
1073 3722
1074 3721
1075 3720
1075 3719
1076 3718
1077 3718
1078 3717
1078 3716
1079 3715
1080 3714
1081 3714
1082 3713
1083 3712
1083 3711
1084 3710
1085 3710
1086 3709
1086 3708
1087 3707
1088 3706
1089 3706
1090 3705
1090 3704
1091 3703
1092 3702
1093 3701
1093 3700
1094 3699
1094 3698
1095 3697
1096 3696
1096 3695
1097 3694
1098 3693
1099 3692
1099 3691
1100 3690
1101 3690
1101 3689
1102 3688
1103 3688
1103 3687
1104 3686
1105 3686
1106 3685
1107 3684
1108 3683
1108 3682
1109 3681
1110 3680
1110 3679
1111 3678
1112 3677
1113 3676
1113 3675
1113 3674
1114 3673
1114 3672
1115 3671
1115 3670
1116 3669
1116 3668
1117 3667
1118 3666
1118 3665
1119 3664
1119 3663
1119 3662
1120 3661
1120 3660
1121 3659
1121 3658
1121 3657
1122 3656
1122 3655
1123 3654
1124 3653
1124 3652
1125 3651
1125 3650
1126 3649
1126 3648
1127 3647
1127 3646
1127 3645
1127 3644
1128 3643
1128 3642
1128 3641
1129 3640
1129 3639
1130 3638
1130 3637
1131 3636
1131 3635
1131 3634
1132 3633
1132 3632
1133 3631
1133 3630
1134 3629
1134 3628
1135 3627
1136 3626
1136 3625
1136 3624
1136 3623
1136 3622
1137 3621
1137 3620
1138 3619
1138 3618
1139 3617
1139 3616
1140 3615
1140 3614
1140 3613
1140 3612
1141 3611
1141 3610
1141 3609
1142 3608
1142 3607
1142 3606
1143 3605
1143 3604
1143 3603
1144 3602
1144 3601
1145 3600
1145 3599
1145 3598
1146 3597
1146 3596
1146 3595
1146 3594
1146 3593
1146 3592
1146 3591
1146 3590
1146 3589
1146 3588
1147 3587
1147 3586
1147 3585
1148 3584
1148 3583
1149 3582
1149 3581
1149 3580
1150 3579
1150 3578
1150 3577
1150 3576
1150 3575
1150 3574
1150 3573
1150 3572
1150 3571
1150 3570
1150 3569
1151 3568
1151 3567
1151 3566
1152 3565
1152 3564
1152 3563
1152 3562
1153 3561
1153 3560
1153 3559
1153 3558
1154 3557
1154 3556
1154 3555
1154 3554
1154 3553
1154 3552
1154 3551
1154 3550
1154 3549
1154 3548
1154 3547
1154 3546
1154 3545
1154 3544
1154 3543
1154 3542
1155 3541
1155 3540
1155 3539
1155 3538
1156 3537
1156 3536
1156 3535
1156 3534
1156 3533
1156 3532
1156 3531
1156 3530
1156 3529
1156 3528
1156 3527
1156 3526
1156 3525
1156 3524
1156 3523
1156 3522
1156 3521
1156 3520
1156 3519
1156 3518
1156 3517
1156 3516
1156 3515
1156 3514
1156 3513
1156 3512
1156 3511
1156 3510
1156 3509
1156 3508
1156 3507
1156 3506
1156 3505
1156 3504
1156 3503
1156 3502
1156 3501
1156 3500
1156 3499
1156 3498
1156 3497
1156 3496
1156 3495
1156 3494
1156 3493
1156 3492
1156 3491
1156 3490
1156 3489
1156 3488
1156 3487
1156 3486
1156 3485
1156 3484
1156 3483
1156 3482
1156 3481
1156 3480
1156 3479
1156 3478
1156 3477
1156 3476
1156 3475
1156 3474
1156 3473
1156 3472
1156 3471
1156 3470
1156 3469
1156 3468
1156 3467
1156 3466
1156 3465
1156 3464
1156 3463
1156 3462
1156 3461
1156 3460
1156 3459
1156 3458
1156 3457
1156 3456
1156 3455
1156 3454
1156 3453
1156 3452
1156 3451
1156 3450
1156 3449
1156 3448
1156 3447
1156 3446
1156 3445
1156 3444
1156 3443
1156 3442
1156 3441
1156 3440
1156 3439
1156 3438
1156 3437
1156 3436
1156 3435
1156 3434
1156 3433
1156 3432
1156 3431
1156 3430
1156 3429
1156 3428
1156 3427
1156 3426
1156 3425
1156 3424
1156 3423
1156 3422
1156 3421
1156 3420
1156 3419
1156 3418
1156 3417
1156 3416
1156 3415
1156 3414
1156 3413
1156 3412
1155 3411
1155 3410
1155 3409
1155 3408
1154 3407
1154 3406
1154 3405
1154 3404
1154 3403
1154 3402
1154 3401
1154 3400
1154 3399
1154 3398
1154 3397
1154 3396
1154 3395
1154 3394
1154 3393
1154 3392
1153 3391
1153 3390
1153 3389
1153 3388
1152 3387
1152 3386
1152 3385
1152 3384
1152 3383
1152 3382
1152 3381
1152 3380
1152 3379
1152 3378
1152 3377
1152 3376
1152 3375
1152 3374
1151 3373
1151 3372
1151 3371
1151 3370
1150 3369
1150 3368
1150 3367
1150 3366
1150 3365
1150 3364
1150 3363
1150 3362
1149 3361
1149 3360
1149 3359
1149 3358
1148 3357
1148 3356
1148 3355
1148 3354
1148 3353
1148 3352
1147 3351
1147 3350
1147 3349
1147 3348
1146 3347
1146 3346
1146 3345
1146 3344
1145 3343
1145 3342
1145 3341
1145 3340
1144 3339
1144 3338
1144 3337
1144 3336
1144 3335
1144 3334
1143 3333
1143 3332
1143 3331
1143 3330
1142 3329
1142 3328
1142 3327
1142 3326
1141 3325
1141 3324
1141 3323
1140 3323
1139 3322
1139 3321
1138 3320
1138 3319
1138 3318
1137 3317
1137 3316
1137 3315
1137 3314
1136 3313
1136 3312
1136 3311
1136 3310
1135 3309
1135 3308
1135 3307
1134 3306
1134 3305
1133 3304
1133 3303
1133 3302
1132 3301
1132 3300
1131 3299
1131 3298
1131 3297
1131 3296
1130 3295
1129 3294
1129 3293
1128 3292
1128 3291
1127 3290
1127 3289
1127 3288
1126 3288
1125 3287
1125 3286
1125 3285
1125 3284
1124 3283
1124 3282
1123 3281
1123 3280
1123 3279
1122 3278
1122 3277
1121 3276
1120 3275
1119 3274
1119 3273
1118 3272
1117 3271
1116 3270
1116 3269
1115 3268
1114 3267
1114 3266
1113 3265
1112 3264
1112 3263
1111 3262
1110 3261
1110 3260
1109 3259
1108 3259
1107 3258
1107 3257
1106 3256
1106 3255
1105 3254
1104 3253
1103 3252
1103 3251
1102 3250
1101 3249
1100 3248
1099 3247
1098 3246
1097 3245
1096 3244
1095 3244
1094 3243
1094 3242
1093 3242
1092 3241
1092 3240
1091 3239
1090 3238
1090 3237
1089 3236
1089 3235
1088 3235
1087 3234
1087 3233
1086 3232
1085 3231
1084 3231
1083 3230
1082 3229
1081 3229
1080 3228
1079 3228
1078 3227
1077 3227
1076 3226
1075 3225
1074 3225
1073 3225
1072 3224
1071 3224
1070 3223
1069 3223
1068 3223
1067 3223
1066 3222
1065 3222
1064 3221
1063 3221
1062 3221
1061 3221
1060 3220
1059 3220
1058 3219
1057 3219
1056 3218
1055 3218
1054 3217
1053 3217
1052 3216
1051 3216
1050 3216
1049 3216
1048 3216
1047 3216
1046 3215
1045 3215
1044 3215
1043 3215
1042 3214
1041 3214
1040 3214
1039 3214
1038 3214
1037 3214
1036 3214
1035 3214
1034 3214
1033 3214
1032 3214
1031 3214
1030 3214
1029 3214
1028 3213
1027 3213
1026 3213
1025 3213
1024 3212
1023 3212
1022 3212
1021 3212
1020 3211
1019 3211
1018 3211
1017 3211
1016 3210
1016 3209
1015 3209
1014 3209
1013 3208
1012 3208
1011 3207
1010 3206
1009 3205
1008 3205
1007 3205
1006 3204
1005 3204
1004 3204
1003 3204
1002 3204
1001 3204
1000 3204
999 3204
998 3204
997 3204
996 3204
995 3204
994 3204
993 3204
992 3204
991 3204
990 3204
989 3204
988 3204
987 3204
986 3204
985 3204
984 3204
983 3204
