330 3652
329 3653
328 3653
327 3653
326 3653
325 3654
324 3654
323 3655
322 3655
321 3655
320 3655
319 3656
318 3657
317 3658
316 3659
315 3659
315 3660
314 3661
313 3661
312 3662
311 3663
310 3664
309 3665
309 3666
308 3667
307 3667
307 3668
306 3669
305 3670
304 3671
303 3672
303 3673
302 3674
301 3675
300 3676
299 3677
299 3678
298 3679
297 3679
297 3680
296 3681
295 3681
295 3682
294 3683
293 3683
292 3684
291 3685
291 3686
290 3687
289 3687
289 3688
288 3689
287 3689
287 3690
286 3691
285 3691
284 3692
283 3693
283 3694
282 3695
281 3695
281 3696
280 3697
279 3697
278 3698
277 3699
276 3699
275 3700
274 3701
273 3702
272 3702
271 3703
270 3704
270 3705
269 3706
268 3707
267 3707
267 3708
266 3709
265 3710
264 3710
263 3711
262 3712
262 3713
261 3714
260 3715
259 3715
259 3716
258 3717
257 3718
256 3718
255 3719
254 3720
254 3721
253 3722
252 3723
251 3723
251 3724
250 3725
249 3726
248 3726
247 3727
246 3728
246 3729
245 3730
244 3731
243 3732
243 3733
242 3734
242 3735
241 3736
241 3737
240 3738
239 3739
238 3740
238 3741
237 3742
236 3742
235 3743
235 3744
234 3745
233 3745
233 3746
232 3747
231 3747
230 3748
230 3749
229 3750
228 3751
228 3752
227 3753
227 3754
226 3755
225 3756
224 3757
224 3758
223 3759
222 3760
221 3761
221 3762
220 3763
219 3764
218 3765
217 3766
217 3767
217 3768
217 3769
216 3770
215 3770
215 3771
215 3772
215 3773
214 3774
213 3775
213 3776
212 3777
211 3777
211 3778
210 3779
209 3779
208 3780
207 3781
207 3782
206 3783
205 3783
204 3784
203 3785
203 3786
202 3787
202 3788
201 3789
201 3790
201 3791
200 3792
200 3793
200 3794
200 3795
199 3796
199 3797
199 3798
198 3799
198 3800
197 3801
197 3802
197 3803
196 3804
196 3805
196 3806
196 3807
196 3808
196 3809
195 3810
195 3811
195 3812
195 3813
194 3814
194 3815
194 3816
194 3817
193 3818
193 3819
193 3820
192 3821
192 3822
191 3823
191 3824
190 3825
190 3826
190 3827
189 3828
189 3829
188 3830
188 3831
187 3832
186 3833
186 3834
185 3835
185 3836
184 3837
184 3838
183 3839
183 3840
183 3841
182 3842
182 3843
182 3844
182 3845
182 3846
181 3847
181 3848
180 3849
180 3850
180 3851
179 3852
179 3853
179 3854
179 3855
178 3856
178 3857
178 3858
178 3859
178 3860
178 3861
178 3862
178 3863
178 3864
178 3865
178 3866
178 3867
177 3868
177 3869
177 3870
177 3871
176 3872
176 3873
176 3874
176 3875
176 3876
176 3877
176 3878
176 3879
176 3880
176 3881
176 3882
176 3883
176 3884
176 3885
175 3886
175 3887
175 3888
175 3889
174 3890
174 3891
174 3892
174 3893
174 3894
174 3895
174 3896
174 3897
174 3898
174 3899
174 3900
174 3901
174 3902
174 3903
174 3904
174 3905
174 3906
174 3907
174 3908
174 3909
174 3910
174 3911
174 3912
174 3913
174 3914
174 3915
174 3916
174 3917
174 3918
174 3919
174 3920
174 3921
174 3922
174 3923
174 3924
174 3925
174 3926
174 3927
174 3928
174 3929
174 3930
174 3931
174 3932
174 3933
174 3934
174 3935
174 3936
174 3937
174 3938
174 3939
175 3940
175 3941
175 3942
175 3943
176 3944
176 3945
176 3946
176 3947
176 3948
176 3949
176 3950
176 3951
176 3952
176 3953
176 3954
176 3955
176 3956
176 3957
176 3958
176 3959
176 3960
177 3961
177 3962
178 3963
178 3964
178 3965
178 3966
178 3967
178 3968
178 3969
178 3970
178 3971
178 3972
178 3973
178 3974
178 3975
178 3976
178 3977
178 3978
178 3979
179 3980
179 3981
179 3982
179 3983
180 3984
180 3985
180 3986
180 3987
181 3988
181 3989
181 3990
181 3991
182 3992
182 3993
183 3994
183 3995
183 3996
183 3997
184 3998
184 3999
184 4000
184 4001
184 4002
184 4003
185 4004
185 4005
186 4006
187 4007
187 4008
187 4009
188 4010
188 4011
188 4012
188 4013
188 4014
189 4015
189 4016
189 4017
190 4018
190 4019
190 4020
190 4021
190 4022
191 4023
191 4024
192 4025
193 4026
193 4027
194 4028
194 4029
195 4030
195 4031
195 4032
196 4033
196 4034
197 4035
197 4036
198 4037
199 4038
199 4039
200 4039
201 4040
201 4041
201 4042
201 4043
202 4044
203 4045
203 4046
204 4047
204 4048
205 4049
206 4050
206 4051
207 4052
208 4053
209 4054
210 4054
211 4055
211 4056
212 4057
213 4058
214 4058
215 4059
215 4060
216 4061
217 4062
218 4062
219 4063
219 4064
220 4065
221 4065
222 4066
223 4067
224 4067
225 4068
226 4069
227 4069
228 4070
229 4071
230 4072
230 4073
231 4074
232 4075
233 4075
234 4076
235 4077
236 4078
237 4078
238 4079
239 4080
240 4080
241 4081
241 4082
242 4082
243 4083
244 4084
245 4085
246 4085
247 4086
248 4087
249 4088
250 4089
251 4089
252 4090
253 4091
254 4091
255 4092
256 4093
257 4094
258 4094
259 4095
259 4096
260 4097
261 4098
262 4098
263 4099
263 4100
264 4101
265 4102
266 4102
267 4103
268 4104
269 4105
270 4105
271 4106
272 4106
273 4107
274 4107
275 4108
276 4109
277 4109
278 4110
278 4111
279 4112
280 4112
281 4113
281 4114
282 4114
283 4115
284 4116
285 4117
286 4117
287 4118
288 4119
289 4120
290 4120
291 4121
292 4122
293 4122
294 4123
295 4123
296 4124
297 4124
298 4124
299 4124
300 4125
301 4125
302 4126
303 4126
304 4126
305 4127
306 4127
307 4127
308 4127
309 4127
310 4127
311 4127
312 4128
313 4128
314 4128
315 4129
316 4129
317 4129
318 4129
319 4129
320 4129
321 4129
322 4130
323 4130
324 4130
325 4130
326 4131
327 4131
328 4131
329 4131
330 4131
331 4131
332 4131
333 4131
334 4131
335 4131
336 4131
337 4131
338 4130
339 4130
340 4129
341 4128
342 4127
343 4127
344 4127
345 4127
346 4127
347 4127
348 4127
349 4127
350 4126
351 4126
352 4126
353 4126
354 4125
355 4125
356 4124
357 4124
358 4124
359 4124
359 4123
360 4122
361 4122
362 4122
363 4121
364 4120
365 4119
366 4118
367 4117
368 4117
369 4116
370 4115
371 4114
371 4113
372 4112
373 4111
373 4110
374 4109
374 4108
375 4107
376 4107
376 4106
377 4105
377 4104
378 4103
378 4102
379 4101
379 4100
380 4099
380 4098
380 4097
381 4096
381 4095
382 4094
382 4093
383 4092
384 4091
384 4090
384 4089
385 4088
385 4087
385 4086
385 4085
385 4084
386 4083
386 4082
386 4081
386 4080
387 4079
387 4078
388 4077
388 4076
388 4075
389 4074
390 4073
390 4072
390 4071
391 4070
392 4069
392 4068
393 4067
394 4066
394 4065
395 4064
396 4064
396 4063
397 4062
398 4061
399 4060
400 4059
400 4058
400 4057
400 4056
401 4055
402 4054
403 4053
403 4052
404 4051
405 4051
406 4050
406 4049
407 4048
408 4048
408 4047
409 4046
410 4046
411 4045
411 4044
412 4043
413 4042
413 4041
414 4040
415 4039
416 4038
417 4037
417 4036
418 4035
419 4034
419 4033
420 4032
420 4031
421 4030
422 4029
422 4028
423 4027
424 4026
424 4025
424 4024
425 4023
426 4022
426 4021
426 4020
427 4019
428 4018
428 4017
429 4016
429 4015
429 4014
429 4013
429 4012
429 4011
429 4010
429 4009
429 4008
429 4007
429 4006
430 4005
430 4004
430 4003
430 4002
431 4001
431 4000
432 3999
432 3998
432 3997
432 3996
433 3995
433 3994
433 3993
433 3992
434 3991
434 3990
434 3989
434 3988
435 3987
435 3986
435 3985
436 3984
436 3983
436 3982
437 3981
437 3980
437 3979
437 3978
437 3977
437 3976
438 3975
438 3974
438 3973
438 3972
439 3971
439 3970
439 3969
439 3968
439 3967
439 3966
439 3965
439 3964
439 3963
440 3962
440 3961
441 3960
441 3959
441 3958
441 3957
441 3956
441 3955
441 3954
441 3953
441 3952
441 3951
441 3950
441 3949
441 3948
441 3947
441 3946
441 3945
441 3944
441 3943
441 3942
441 3941
441 3940
441 3939
441 3938
441 3937
441 3936
442 3935
442 3934
442 3933
442 3932
443 3931
443 3930
443 3929
444 3928
444 3927
444 3926
445 3925
445 3924
445 3923
445 3922
445 3921
445 3920
446 3919
446 3918
446 3917
446 3916
447 3915
447 3914
447 3913
447 3912
447 3911
447 3910
448 3909
448 3908
448 3907
448 3906
449 3905
449 3904
450 3903
451 3903
452 3902
453 3902
454 3903
455 3903
455 3902
455 3901
455 3900
455 3899
455 3898
456 3897
457 3897
458 3897
459 3897
460 3897
461 3897
461 3896
461 3895
461 3894
460 3894
459 3894
458 3894
457 3894
456 3894
455 3893
455 3892
455 3891
455 3890
454 3890
453 3889
453 3888
452 3887
452 3886
452 3885
452 3884
453 3883
453 3882
453 3881
453 3880
453 3879
453 3878
453 3877
453 3876
453 3875
453 3874
453 3873
453 3872
453 3871
453 3870
453 3869
453 3868
453 3867
453 3866
453 3865
453 3864
453 3863
453 3862
453 3861
453 3860
453 3859
453 3858
453 3857
453 3856
454 3855
454 3854
454 3853
454 3852
455 3851
455 3850
455 3849
455 3848
456 3847
456 3846
456 3845
456 3844
457 3843
457 3842
457 3841
457 3840
457 3839
457 3838
457 3837
457 3836
457 3835
457 3834
457 3833
457 3832
457 3831
457 3830
457 3829
457 3828
457 3827
457 3826
457 3825
457 3824
458 3823
458 3822
458 3821
458 3820
459 3819
459 3818
459 3817
459 3816
459 3815
459 3814
459 3813
459 3812
460 3811
460 3810
460 3809
461 3808
461 3807
461 3806
461 3805
461 3804
461 3803
461 3802
462 3801
462 3800
462 3799
462 3798
463 3797
463 3796
463 3795
463 3794
463 3793
463 3792
463 3791
463 3790
463 3789
463 3788
463 3787
463 3786
463 3785
463 3784
463 3783
463 3782
462 3781
462 3780
462 3779
462 3778
461 3777
461 3776
461 3775
461 3774
461 3773
461 3772
461 3771
461 3770
461 3769
461 3768
461 3767
461 3766
461 3765
461 3764
461 3763
461 3762
461 3761
461 3760
461 3759
461 3758
461 3757
461 3756
462 3755
462 3754
462 3753
462 3752
463 3751
463 3750
463 3749
463 3748
463 3747
463 3746
462 3745
462 3744
462 3743
462 3742
461 3741
461 3740
461 3739
461 3738
460 3737
460 3736
459 3735
459 3734
458 3733
458 3732
457 3731
457 3730
457 3729
457 3728
457 3727
457 3726
456 3725
456 3724
456 3723
456 3722
455 3721
455 3720
454 3719
454 3718
454 3717
454 3716
453 3715
453 3714
453 3713
453 3712
453 3711
453 3710
452 3709
452 3708
452 3707
452 3706
451 3705
451 3704
450 3703
449 3702
448 3701
447 3701
446 3700
445 3699
444 3699
443 3699
442 3699
441 3698
440 3698
439 3698
438 3698
437 3698
436 3698
435 3698
434 3698
433 3698
432 3698
431 3698
430 3698
429 3698
428 3698
427 3698
426 3698
425 3698
424 3698
423 3698
422 3698
421 3699
420 3699
419 3699
418 3699
417 3700
416 3700
415 3700
414 3700
413 3700
412 3700
411 3700
410 3700
409 3700
408 3700
407 3700
406 3700
405 3700
404 3700
403 3700
402 3700
401 3700
400 3700
399 3700
398 3700
397 3700
396 3700
395 3699
394 3699
393 3699
392 3698
392 3697
391 3696
390 3696
389 3695
388 3694
387 3694
386 3693
385 3692
384 3691
383 3691
382 3690
382 3689
381 3688
380 3687
379 3687
378 3686
378 3685
377 3684
376 3683
375 3682
375 3681
374 3680
374 3679
373 3678
373 3677
372 3676
372 3675
371 3674
370 3673
369 3672
368 3671
367 3670
367 3669
366 3668
365 3667
364 3666
364 3665
363 3664
362 3663
361 3662
360 3662
359 3661
358 3660
358 3659
357 3659
356 3658
355 3657
355 3656
354 3655
353 3655
352 3654
351 3654
350 3653
349 3653
348 3653
347 3652
346 3652
345 3652
344 3652
343 3652
342 3652
341 3652
340 3652
339 3652
338 3652
338 3653
338 3654
338 3655
338 3656
337 3657
336 3657
335 3656
335 3655
335 3654
335 3653
335 3652
334 3652
333 3652
332 3652
331 3652
330 3652
