2797 2283
2796 2284
2795 2284
2794 2284
2793 2284
2792 2285
2791 2285
2790 2285
2789 2285
2788 2285
2787 2285
2786 2285
2785 2285
2784 2285
2783 2285
2782 2285
2781 2285
2780 2285
2779 2285
2778 2285
2777 2286
2776 2286
2775 2286
2774 2287
2773 2287
2772 2287
2771 2287
2770 2287
2769 2287
2768 2287
2767 2287
2766 2288
2765 2288
2764 2288
2763 2288
2762 2289
2761 2289
2760 2290
2759 2290
2758 2290
2757 2290
2756 2291
2755 2291
2754 2292
2753 2292
2752 2292
2751 2292
2750 2293
2749 2293
2748 2294
2747 2294
2746 2294
2745 2294
2744 2295
2743 2296
2742 2296
2741 2297
2740 2297
2739 2298
2738 2298
2737 2298
2736 2299
2735 2299
2734 2300
2733 2300
2732 2300
2731 2301
2730 2301
2729 2302
2728 2303
2727 2303
2726 2304
2725 2304
2724 2305
2723 2305
2722 2306
2721 2306
2720 2306
2719 2307
2718 2307
2717 2308
2716 2309
2715 2309
2715 2310
2714 2311
2713 2311
2713 2312
2712 2313
2711 2313
2710 2314
2709 2314
2709 2315
2708 2316
2707 2316
2706 2317
2705 2317
2704 2318
2703 2319
2702 2319
2701 2320
2700 2321
2699 2321
2698 2322
2697 2322
2697 2323
2696 2324
2695 2324
2694 2325
2693 2325
2693 2326
2692 2327
2691 2327
2690 2328
2689 2329
2688 2330
2687 2331
2686 2331
2685 2332
2684 2332
2683 2333
2682 2333
2681 2334
2680 2335
2679 2335
2678 2336
2678 2337
2677 2338
2676 2339
2675 2339
2675 2340
2674 2341
2673 2342
2672 2342
2671 2343
2670 2344
2670 2345
2669 2346
2668 2347
2667 2347
2667 2348
2666 2349
2665 2350
2664 2350
2663 2351
2662 2352
2662 2353
2661 2354
2660 2355
2659 2355
2659 2356
2658 2357
2657 2358
2656 2358
2655 2359
2654 2360
2654 2361
2653 2362
2652 2363
2651 2364
2651 2365
2650 2366
2649 2367
2649 2368
2648 2369
2647 2370
2646 2371
2645 2372
2645 2373
2644 2374
2643 2375
2642 2376
2642 2377
2641 2378
2641 2379
2640 2380
2639 2381
2639 2382
2638 2383
2637 2384
2636 2385
2636 2386
2636 2387
2636 2388
2635 2389
2634 2390
2633 2391
2633 2392
2632 2393
2631 2393
2631 2394
2630 2395
2629 2396
2629 2397
2629 2398
2628 2399
2628 2400
2628 2401
2627 2402
2627 2403
2626 2404
2626 2405
2626 2406
2625 2407
2625 2408
2624 2409
2624 2410
2624 2411
2624 2412
2623 2413
2622 2414
2622 2415
2622 2416
2621 2417
2621 2418
2620 2419
2620 2420
2620 2421
2620 2422
2619 2423
2619 2424
2618 2425
2618 2426
2618 2427
2618 2428
2617 2429
2617 2430
2616 2431
2616 2432
2616 2433
2615 2434
2615 2435
2615 2436
2615 2437
2615 2438
2614 2439
2614 2440
2614 2441
2613 2442
2613 2443
2613 2444
2613 2445
2613 2446
2613 2447
2613 2448
2613 2449
2613 2450
2613 2451
2613 2452
2613 2453
2613 2454
2613 2455
2613 2456
2613 2457
2613 2458
2614 2458
2615 2458
2616 2458
2617 2458
2618 2458
2619 2459
2619 2460
2619 2461
2619 2462
2618 2463
2617 2463
2616 2463
2615 2463
2614 2463
2613 2463
2613 2464
2613 2465
2613 2466
2613 2467
2613 2468
2613 2469
2613 2470
2613 2471
2613 2472
2613 2473
2613 2474
2613 2475
2613 2476
2613 2477
2613 2478
2613 2479
2613 2480
2613 2481
2613 2482
2613 2483
2613 2484
2613 2485
2613 2486
2613 2487
2613 2488
2613 2489
2613 2490
2613 2491
2613 2492
2613 2493
2613 2494
2613 2495
2613 2496
2613 2497
2613 2498
2613 2499
2613 2500
2613 2501
2613 2502
2613 2503
2613 2504
2613 2505
2613 2506
2614 2507
2614 2508
2614 2509
2614 2510
2615 2511
2616 2512
2616 2513
2616 2514
2617 2515
2617 2516
2618 2517
2618 2518
2618 2519
2618 2520
2619 2521
2619 2522
2619 2523
2619 2524
2620 2525
2620 2526
2620 2527
2620 2528
2621 2529
2621 2530
2622 2531
2622 2532
2622 2533
2622 2534
2623 2535
2623 2536
2623 2537
2623 2538
2623 2539
2623 2540
2623 2541
2624 2542
2624 2543
2624 2544
2625 2545
2625 2546
2626 2547
2626 2548
2627 2549
2627 2550
2628 2551
2628 2552
2629 2553
2629 2554
2630 2555
2630 2556
2630 2557
2630 2558
2631 2559
2631 2560
2631 2561
2631 2562
2631 2563
2631 2564
2631 2565
2632 2566
2632 2567
2632 2568
2633 2568
2634 2569
2634 2570
2634 2571
2634 2572
2635 2573
2635 2574
2636 2575
2636 2576
2636 2577
2637 2578
2637 2579
2638 2580
2638 2581
2638 2582
2639 2583
2639 2584
2640 2585
2640 2586
2640 2587
2641 2588
2641 2589
2642 2590
2642 2591
2642 2592
2643 2592
2644 2593
2644 2594
2645 2595
2646 2596
2647 2597
2647 2598
2648 2599
2648 2600
2649 2601
2649 2602
2650 2603
2650 2604
2650 2605
2651 2606
2651 2607
2652 2608
2653 2609
2653 2610
2654 2611
2655 2612
2656 2613
2657 2614
2658 2615
2658 2616
2659 2617
2659 2618
2660 2619
2660 2620
2661 2621
2662 2622
2662 2623
2663 2624
2664 2625
2665 2626
2665 2627
2666 2628
2667 2629
2668 2630
2669 2631
2669 2632
2670 2632
2671 2633
2671 2634
2672 2635
2673 2636
2673 2637
2674 2638
2675 2639
2675 2640
2676 2641
2677 2642
2678 2642
2679 2643
2679 2644
2680 2645
2681 2646
2682 2646
2683 2647
2683 2648
2684 2649
2685 2650
2686 2650
2687 2651
2687 2652
2688 2653
2689 2654
2690 2654
2691 2655
2691 2656
2692 2657
2693 2658
2694 2659
2695 2660
2696 2660
2697 2661
2698 2662
2699 2662
2700 2663
2701 2663
2702 2664
2703 2664
2704 2665
2705 2666
2706 2666
2707 2667
2707 2668
2708 2669
2709 2670
2710 2670
2711 2671
2712 2671
2713 2672
2714 2673
2715 2673
2716 2673
2717 2674
2718 2675
2719 2676
2720 2676
2721 2677
2721 2678
2722 2678
2723 2679
2724 2680
2725 2680
2726 2681
2727 2681
2728 2682
2729 2683
2730 2683
2731 2684
2732 2684
2733 2685
2734 2686
2735 2686
2736 2687
2737 2687
2738 2687
2739 2688
2740 2688
2741 2689
2742 2689
2743 2689
2744 2689
2745 2690
2746 2690
2747 2691
2748 2691
2749 2691
2750 2692
2751 2692
2752 2693
2753 2694
2754 2694
2755 2695
2756 2696
2757 2696
2758 2696
2759 2697
2760 2697
2761 2697
2762 2698
2763 2699
2764 2699
2765 2699
2766 2699
2767 2700
2768 2700
2769 2701
2770 2701
2771 2701
2772 2702
2773 2703
2774 2703
2775 2703
2776 2703
2777 2704
2778 2704
2779 2704
2780 2704
2781 2704
2782 2704
2783 2704
2784 2704
2785 2704
2786 2704
2786 2703
2786 2702
2786 2701
2786 2700
2786 2699
2787 2698
2788 2698
2789 2698
2790 2698
2791 2699
2791 2700
2791 2701
2791 2702
2791 2703
2791 2704
2792 2704
2793 2704
2794 2704
2795 2704
2796 2704
2797 2703
2798 2703
2799 2703
2800 2703
2800 2702
2801 2701
2802 2701
2803 2701
2804 2701
2804 2700
2805 2699
2806 2699
2807 2699
2808 2699
2808 2698
2809 2697
2810 2697
2811 2696
2812 2696
2813 2695
2814 2695
2815 2694
2816 2693
2817 2692
2818 2692
2819 2691
2820 2690
2821 2689
2822 2688
2822 2687
2823 2686
2824 2686
2825 2685
2826 2684
2826 2683
2827 2682
2828 2681
2829 2680
2829 2679
2830 2678
2830 2677
2831 2676
2832 2675
2833 2674
2833 2673
2834 2672
2835 2672
2835 2671
2836 2670
2836 2669
2837 2668
2838 2667
2838 2666
2839 2665
2839 2664
2840 2663
2840 2662
2841 2661
2842 2660
2842 2659
2843 2658
2844 2657
2845 2656
2845 2655
2845 2654
2845 2653
2846 2652
2846 2651
2847 2650
2847 2649
2847 2648
2848 2647
2849 2646
2849 2645
2849 2644
2850 2643
2850 2642
2851 2641
2851 2640
2851 2639
2852 2638
2852 2637
2853 2636
2853 2635
2853 2634
2853 2633
2854 2632
2855 2632
2855 2631
2855 2630
2855 2629
2856 2628
2856 2627
2857 2626
2857 2625
2857 2624
2857 2623
2858 2622
2858 2621
2859 2620
2859 2619
2859 2618
2859 2617
2860 2616
2861 2616
2861 2615
2861 2614
2861 2613
2862 2612
2862 2611
2863 2610
2863 2609
2863 2608
2863 2607
2864 2606
2864 2605
2865 2604
2865 2603
2865 2602
2865 2601
2866 2600
2866 2599
2866 2598
2866 2597
2867 2596
2867 2595
2867 2594
2867 2593
2868 2592
2868 2591
2869 2590
2869 2589
2869 2588
2869 2587
2870 2586
2870 2585
2870 2584
2870 2583
2871 2582
2871 2581
2871 2580
2871 2579
2872 2578
2872 2577
2872 2576
2872 2575
2873 2574
2873 2573
2873 2572
2873 2571
2874 2570
2874 2569
2874 2568
2874 2567
2874 2566
2874 2565
2875 2564
2875 2563
2875 2562
2875 2561
2876 2560
2876 2559
2876 2558
2876 2557
2876 2556
2876 2555
2877 2554
2877 2553
2877 2552
2878 2551
2878 2550
2878 2549
2878 2548
2878 2547
2878 2546
2878 2545
2878 2544
2878 2543
2879 2542
2879 2541
2879 2540
2879 2539
2880 2538
2880 2537
2880 2536
2880 2535
2880 2534
2880 2533
2880 2532
2880 2531
2880 2530
2880 2529
2880 2528
2880 2527
2880 2526
2880 2525
2880 2524
2880 2523
2881 2522
2881 2521
2881 2520
2882 2519
2882 2518
2882 2517
2882 2516
2882 2515
2882 2514
2882 2513
2882 2512
2882 2511
2883 2510
2883 2509
2883 2508
2883 2507
2884 2506
2884 2505
2884 2504
2884 2503
2884 2502
2884 2501
2884 2500
2884 2499
2884 2498
2884 2497
2884 2496
2884 2495
2884 2494
2884 2493
2884 2492
2884 2491
2884 2490
2884 2489
2884 2488
2884 2487
2884 2486
2884 2485
2884 2484
2884 2483
2885 2482
2885 2481
2885 2480
2886 2479
2886 2478
2886 2477
2886 2476
2886 2475
2886 2474
2886 2473
2886 2472
2886 2471
2886 2470
2886 2469
2886 2468
2886 2467
2886 2466
2886 2465
2886 2464
2886 2463
2886 2462
2886 2461
2886 2460
2886 2459
2886 2458
2886 2457
2886 2456
2886 2455
2886 2454
2886 2453
2886 2452
2886 2451
2886 2450
2887 2449
2887 2448
2887 2447
2888 2446
2888 2445
2888 2444
2888 2443
2888 2442
2888 2441
2888 2440
2888 2439
2888 2438
2888 2437
2888 2436
2888 2435
2888 2434
2888 2433
2888 2432
2888 2431
2888 2430
2888 2429
2888 2428
2888 2427
2888 2426
2888 2425
2888 2424
2888 2423
2888 2422
2888 2421
2888 2420
2888 2419
2888 2418
2888 2417
2888 2416
2888 2415
2888 2414
2888 2413
2888 2412
2888 2411
2888 2410
2888 2409
2888 2408
2888 2407
2888 2406
2888 2405
2888 2404
2888 2403
2888 2402
2888 2401
2887 2400
2887 2399
2887 2398
2887 2397
2886 2396
2886 2395
2886 2394
2886 2393
2885 2392
2885 2391
2885 2390
2885 2389
2884 2388
2884 2387
2884 2386
2884 2385
2884 2384
2884 2383
2883 2382
2883 2381
2883 2380
2883 2379
2882 2378
2882 2377
2882 2376
2882 2375
2882 2374
2882 2373
2882 2372
2881 2371
2881 2370
2881 2369
2880 2368
2880 2367
2879 2366
2879 2365
2879 2364
2879 2363
2878 2362
2878 2361
2878 2360
2878 2359
2877 2358
2877 2357
2877 2356
2877 2355
2876 2354
2876 2353
2875 2352
2875 2351
2875 2350
2874 2349
2873 2348
2873 2347
2873 2346
2873 2345
2872 2344
2872 2343
2871 2342
2871 2341
2870 2340
2870 2339
2869 2338
2869 2337
2868 2336
2868 2335
2867 2334
2867 2333
2867 2332
2867 2331
2866 2330
2865 2329
2865 2328
2864 2327
2864 2326
2863 2325
2863 2324
2863 2323
2862 2322
2861 2321
2861 2320
2860 2319
2860 2318
2859 2317
2858 2316
2858 2315
2857 2315
2856 2314
2856 2313
2855 2312
2854 2311
2853 2310
2852 2309
2852 2308
2851 2307
2850 2306
2849 2305
2848 2304
2848 2303
2847 2303
2846 2302
2846 2301
2845 2300
2844 2299
2843 2299
2842 2298
2842 2297
2841 2297
2840 2296
2840 2295
2839 2295
2838 2294
2838 2293
2837 2293
2836 2292
2835 2291
2834 2291
2833 2290
2832 2290
2831 2289
2830 2289
2829 2288
2828 2288
2827 2288
2826 2287
2825 2287
2824 2287
2823 2287
2822 2287
2821 2287
2820 2286
2819 2286
2818 2286
2817 2286
2816 2285
2815 2285
2814 2285
2813 2285
2812 2285
2811 2285
2810 2285
2809 2285
2808 2285
2807 2285
2806 2285
2805 2285
2804 2284
2803 2284
2802 2284
2801 2284
2800 2283
2799 2283
2798 2283
2797 2283
