2191 3874
2191 3875
2191 3876
2191 3877
2190 3878
2189 3879
2188 3880
2187 3881
2186 3881
2185 3881
2184 3882
2183 3882
2182 3882
2181 3882
2180 3882
2179 3882
2178 3882
2177 3882
2176 3882
2175 3882
2174 3882
2173 3882
2172 3882
2171 3882
2170 3882
2169 3883
2168 3883
2167 3883
2166 3884
2165 3885
2164 3885
2163 3885
2162 3886
2161 3886
2160 3886
2159 3886
2158 3887
2157 3887
2156 3887
2155 3888
2154 3889
2153 3889
2152 3890
2151 3890
2150 3891
2149 3891
2148 3891
2147 3892
2146 3893
2145 3893
2145 3894
2144 3895
2143 3895
2142 3896
2141 3896
2140 3897
2139 3898
2138 3898
2137 3899
2136 3899
2135 3900
2134 3901
2133 3902
2132 3902
2131 3903
2130 3904
2129 3904
2128 3905
2127 3905
2127 3906
2126 3907
2125 3907
2124 3908
2123 3908
2122 3909
2121 3909
2120 3910
2119 3911
2118 3912
2117 3912
2117 3913
2116 3914
2115 3914
2115 3915
2114 3916
2113 3916
2112 3917
2111 3918
2110 3919
2109 3920
2108 3920
2107 3921
2106 3922
2105 3923
2104 3923
2103 3924
2103 3925
2102 3926
2101 3927
2100 3927
2099 3928
2098 3929
2098 3930
2097 3931
2096 3931
2095 3932
2095 3933
2094 3934
2093 3935
2092 3935
2091 3936
2090 3937
2090 3938
2089 3939
2088 3939
2087 3940
2086 3941
2085 3942
2085 3943
2084 3944
2083 3945
2083 3946
2082 3947
2081 3948
2080 3949
2079 3950
2079 3951
2078 3952
2077 3953
2077 3954
2076 3955
2076 3956
2076 3957
2075 3958
2074 3959
2073 3960
2073 3961
2072 3962
2071 3963
2070 3964
2070 3965
2069 3966
2069 3967
2068 3968
2067 3969
2067 3970
2066 3971
2065 3972
2065 3973
2064 3974
2063 3975
2063 3976
2062 3977
2061 3978
2061 3979
2060 3980
2060 3981
2059 3982
2059 3983
2058 3984
2058 3985
2057 3986
2057 3987
2056 3988
2055 3989
2055 3990
2054 3991
2054 3992
2054 3993
2053 3994
2052 3995
2052 3996
2052 3997
2051 3998
2050 3999
2050 4000
2049 4001
2049 4002
2048 4003
2048 4004
2047 4005
2046 4006
2046 4007
2046 4008
2046 4009
2045 4010
2044 4011
2044 4012
2044 4013
2043 4014
2042 4015
2042 4016
2041 4017
2041 4018
2040 4019
2040 4020
2040 4021
2039 4022
2039 4023
2039 4024
2038 4025
2038 4026
2037 4027
2037 4028
2036 4029
2036 4030
2035 4031
2035 4032
2034 4033
2034 4034
2034 4035
2033 4036
2033 4037
2032 4038
2032 4039
2032 4040
2032 4041
2031 4042
2031 4043
2031 4044
2031 4045
2030 4046
2030 4047
2030 4048
2029 4049
2029 4050
2029 4051
2028 4052
2028 4053
2028 4054
2028 4055
2027 4056
2027 4057
2027 4058
2027 4059
2026 4060
2026 4061
2026 4062
2026 4063
2025 4064
2025 4065
2024 4066
2024 4067
2024 4068
2024 4069
2023 4070
2023 4071
2023 4072
2023 4073
2023 4074
2023 4075
2023 4076
2023 4077
2022 4078
2022 4079
2022 4080
2022 4081
2021 4082
2021 4083
2021 4084
2021 4085
2021 4086
2021 4087
2021 4088
2021 4089
2020 4090
2020 4091
2020 4092
2020 4093
2019 4094
2019 4095
2019 4096
2019 4097
2019 4098
2019 4099
2018 4100
2018 4101
2018 4102
2018 4103
2017 4104
2017 4105
2016 4106
2016 4107
2016 4108
2016 4109
2015 4110
2015 4111
2015 4112
2015 4113
2015 4114
2015 4115
2015 4116
2015 4117
2015 4118
2015 4119
2014 4120
2014 4121
2014 4122
2014 4123
2013 4124
2013 4125
2013 4126
2013 4127
2013 4128
2013 4129
2013 4130
2013 4131
2012 4132
2012 4133
2011 4134
2010 4135
2009 4136
2008 4137
2007 4138
2007 4139
2007 4140
2007 4141
2007 4142
2007 4143
2007 4144
2007 4145
2007 4146
2007 4147
2007 4148
2007 4149
2007 4150
2007 4151
2007 4152
2007 4153
2007 4154
2007 4155
2007 4156
2007 4157
2007 4158
2007 4159
2007 4160
2008 4161
2008 4162
2008 4163
2009 4164
2009 4165
2009 4166
2009 4167
2009 4168
2009 4169
2009 4170
2009 4171
2009 4172
2009 4173
2009 4174
2009 4175
2009 4176
2009 4177
2009 4178
2009 4179
2009 4180
2009 4181
2009 4182
2009 4183
2009 4184
2009 4185
2009 4186
2009 4187
2010 4188
2010 4189
2010 4190
2010 4191
2011 4192
2011 4193
2011 4194
2011 4195
2011 4196
2011 4197
2011 4198
2011 4199
2011 4200
2011 4201
2011 4202
2011 4203
2011 4204
2011 4205
2011 4206
2011 4207
2011 4208
2011 4209
2011 4210
2011 4211
2012 4212
2012 4213
2012 4214
2012 4215
2013 4216
2013 4217
2013 4218
2013 4219
2013 4220
2013 4221
2013 4222
2013 4223
2014 4224
2014 4225
2014 4226
2014 4227
2015 4228
2015 4229
2016 4230
2016 4231
2016 4232
2017 4233
2017 4234
2017 4235
2018 4236
2018 4237
2018 4238
2019 4238
2020 4239
2021 4240
2021 4241
2022 4242
2022 4243
2023 4244
2023 4245
2023 4246
2023 4247
2023 4248
2023 4249
2024 4250
2024 4251
2024 4252
2024 4253
2025 4254
2025 4255
2025 4256
2025 4257
2026 4258
2026 4259
2026 4260
2026 4261
2027 4262
2028 4263
2028 4264
2028 4265
2029 4266
2029 4267
2030 4268
2030 4269
2030 4270
2031 4271
2032 4272
2033 4273
2033 4274
2034 4275
2035 4276
2035 4277
2036 4278
2036 4279
2037 4279
2038 4280
2038 4281
2039 4282
2039 4283
2040 4283
2041 4284
2041 4285
2042 4285
2043 4286
2043 4287
2044 4288
2045 4289
2045 4290
2046 4291
2047 4292
2047 4293
2048 4293
2049 4294
2050 4295
2050 4296
2051 4297
2052 4298
2053 4299
2053 4300
2054 4301
2055 4302
2055 4303
2056 4304
2057 4305
2057 4306
2058 4307
2059 4308
2059 4309
2060 4310
2061 4310
2062 4311
2062 4312
2063 4313
2064 4314
2065 4314
2066 4315
2067 4316
2067 4317
2068 4318
2069 4318
2070 4319
2070 4320
2071 4320
2072 4321
2072 4322
2073 4323
2074 4324
2075 4325
2075 4326
2076 4327
2077 4328
2077 4329
2078 4330
2079 4331
2079 4332
2080 4333
2080 4334
2081 4334
2082 4335
2082 4336
2083 4337
2084 4338
2085 4338
2086 4339
2087 4340
2087 4341
2088 4342
2089 4342
2090 4343
2091 4344
2092 4345
2093 4345
2094 4346
2095 4347
2096 4348
2097 4348
2098 4348
2099 4349
2099 4350
2100 4350
2101 4350
2102 4351
2103 4352
2104 4352
2105 4353
2106 4354
2107 4354
2108 4355
2109 4356
2110 4356
2111 4357
2112 4358
2113 4359
2114 4360
2114 4361
2115 4361
2116 4362
2116 4363
2116 4364
2117 4365
2117 4366
2118 4367
2119 4368
2120 4368
2121 4369
2122 4369
2123 4369
2124 4369
2125 4370
2126 4370
2127 4370
2128 4370
2129 4371
2130 4371
2131 4372
2132 4372
2133 4372
2134 4372
2135 4373
2136 4373
2137 4373
2138 4373
2139 4373
2140 4373
2141 4374
2142 4374
2143 4374
2144 4374
2145 4375
2146 4375
2147 4376
2148 4376
2149 4376
2150 4377
2151 4377
2152 4378
2153 4378
2154 4378
2155 4379
2156 4379
2157 4379
2158 4379
2159 4379
2160 4379
2161 4379
2162 4379
2163 4380
2164 4380
2165 4380
2166 4380
2167 4381
2168 4381
2169 4381
2170 4381
2171 4381
2172 4381
2173 4381
2174 4381
2175 4381
2176 4381
2177 4381
2178 4381
2179 4381
2180 4381
2181 4381
2182 4381
2183 4381
2184 4381
2185 4381
2186 4381
2187 4381
2188 4381
2189 4381
2190 4381
2191 4381
2192 4381
2193 4381
2194 4381
2195 4381
2196 4381
2197 4381
2198 4381
2199 4381
2200 4381
2201 4381
2202 4381
2203 4381
2204 4381
2205 4381
2206 4381
2207 4381
2208 4381
2209 4380
2210 4380
2211 4380
2212 4380
2213 4379
2214 4379
2215 4378
2216 4378
2217 4378
2218 4378
2219 4377
2220 4377
2221 4376
2222 4376
2223 4376
2224 4376
2225 4375
2226 4374
2227 4374
2228 4374
2229 4373
2230 4373
2231 4372
2232 4372
2233 4372
2234 4371
2235 4370
2236 4369
2237 4369
2238 4368
2239 4368
2240 4368
2240 4367
2241 4366
2242 4366
2243 4365
2244 4365
2245 4364
2246 4363
2247 4363
2248 4362
2249 4361
2250 4361
2251 4360
2251 4359
2252 4358
2253 4358
2254 4357
2254 4356
2255 4355
2256 4354
2257 4354
2258 4353
2259 4352
2259 4351
2260 4350
2261 4350
2262 4349
2262 4348
2263 4347
2264 4346
2265 4345
2266 4344
2266 4343
2267 4342
2267 4341
2268 4340
2268 4339
2269 4338
2269 4337
2270 4336
2270 4335
2271 4334
2271 4333
2272 4332
2272 4331
2273 4330
2273 4329
2274 4328
2274 4327
2275 4326
2275 4325
2276 4324
2277 4323
2277 4322
2277 4321
2278 4320
2279 4319
2280 4318
2280 4317
2281 4316
2282 4315
2282 4314
2283 4313
2284 4313
2284 4312
2285 4311
2286 4311
2286 4310
2287 4309
2288 4308
2288 4307
2289 4306
2290 4305
2291 4304
2291 4303
2292 4302
2293 4302
2294 4301
2294 4300
2295 4299
2296 4298
2297 4297
2298 4296
2298 4295
2299 4294
2299 4293
2300 4292
2301 4291
2301 4290
2301 4289
2302 4288
2303 4287
2304 4286
2305 4285
2305 4284
2305 4283
2306 4282
2306 4281
2307 4280
2308 4279
2308 4278
2309 4277
2309 4276
2310 4275
2310 4274
2311 4273
2311 4272
2312 4271
2312 4270
2313 4269
2313 4268
2314 4267
2314 4266
2315 4265
2315 4264
2315 4263
2316 4262
2317 4261
2317 4260
2318 4259
2318 4258
2319 4257
2320 4256
2320 4255
2320 4254
2321 4253
2321 4252
2321 4251
2321 4250
2322 4249
2322 4248
2323 4247
2323 4246
2323 4245
2323 4244
2324 4243
2325 4243
2325 4242
2325 4241
2326 4240
2326 4239
2326 4238
2327 4237
2327 4236
2327 4235
2328 4234
2328 4233
2329 4232
2329 4231
2329 4230
2330 4229
2330 4228
2331 4227
2331 4226
2331 4225
2332 4224
2332 4223
2333 4222
2333 4221
2333 4220
2334 4219
2334 4218
2334 4217
2334 4216
2335 4215
2335 4214
2335 4213
2335 4212
2336 4211
2336 4210
2336 4209
2336 4208
2336 4207
2336 4206
2337 4205
2337 4204
2337 4203
2338 4202
2338 4201
2339 4200
2339 4199
2339 4198
2340 4197
2340 4196
2340 4195
2340 4194
2340 4193
2340 4192
2340 4191
2340 4190
2341 4189
2341 4188
2341 4187
2342 4186
2342 4185
2343 4184
2343 4183
2343 4182
2344 4181
2344 4180
2344 4179
2344 4178
2344 4177
2344 4176
2345 4175
2345 4174
2345 4173
2345 4172
2346 4171
2346 4170
2346 4169
2346 4168
2346 4167
2346 4166
2347 4165
2347 4164
2347 4163
2347 4162
2348 4161
2348 4160
2348 4159
2348 4158
2348 4157
2348 4156
2348 4155
2348 4154
2349 4153
2349 4152
2349 4151
2349 4150
2350 4149
2350 4148
2350 4147
2350 4146
2350 4145
2350 4144
2350 4143
2350 4142
2350 4141
2350 4140
2350 4139
2350 4138
2350 4137
2351 4136
2351 4135
2351 4134
2352 4133
2352 4132
2352 4131
2352 4130
2352 4129
2352 4128
2352 4127
2352 4126
2352 4125
2352 4124
2352 4123
2352 4122
2352 4121
2352 4120
2352 4119
2352 4118
2352 4117
2352 4116
2352 4115
2352 4114
2352 4113
2352 4112
2352 4111
2352 4110
2352 4109
2352 4108
2352 4107
2352 4106
2352 4105
2352 4104
2352 4103
2352 4102
2352 4101
2352 4100
2352 4099
2352 4098
2352 4097
2352 4096
2352 4095
2352 4094
2352 4093
2352 4092
2352 4091
2352 4090
2352 4089
2352 4088
2352 4087
2352 4086
2352 4085
2352 4084
2352 4083
2352 4082
2352 4081
2352 4080
2352 4079
2352 4078
2352 4077
2352 4076
2352 4075
2352 4074
2352 4073
2352 4072
2351 4071
2351 4070
2351 4069
2351 4068
2350 4067
2350 4066
2350 4065
2350 4064
2350 4063
2350 4062
2350 4061
2350 4060
2350 4059
2350 4058
2350 4057
2350 4056
2350 4055
2350 4054
2349 4053
2349 4052
2349 4051
2349 4050
2348 4049
2348 4048
2348 4047
2348 4046
2348 4045
2348 4044
2348 4043
2348 4042
2347 4041
2347 4040
2347 4039
2347 4038
2346 4038
2345 4037
2345 4036
2345 4035
2345 4034
2344 4033
2344 4032
2344 4031
2344 4030
2344 4029
2344 4028
2343 4027
2343 4026
2343 4025
2343 4024
2342 4024
2341 4023
2341 4022
2341 4021
2341 4020
2340 4019
2340 4018
2339 4017
2339 4016
2339 4015
2339 4014
2338 4013
2338 4012
2337 4011
2337 4010
2337 4009
2336 4008
2336 4007
2336 4006
2335 4005
2335 4004
2335 4003
2335 4002
2334 4001
2334 4000
2333 3999
2333 3998
2333 3997
2333 3996
2332 3995
2332 3994
2332 3993
2331 3992
2331 3991
2331 3990
2330 3990
2329 3989
2329 3988
2329 3987
2329 3986
2328 3985
2328 3984
2327 3983
2327 3982
2327 3981
2326 3980
2325 3979
2325 3978
2325 3977
2324 3976
2323 3975
2323 3974
2322 3973
2322 3972
2321 3971
2321 3970
2321 3969
2320 3968
2320 3967
2319 3966
2318 3965
2318 3964
2317 3963
2317 3962
2316 3961
2316 3960
2316 3959
2315 3958
2314 3957
2314 3956
2313 3955
2313 3954
2312 3953
2312 3952
2311 3951
2311 3950
2311 3949
2311 3948
2310 3947
2309 3946
2309 3945
2308 3944
2308 3943
2307 3942
2307 3941
2307 3940
2306 3939
2305 3938
2305 3937
2304 3937
2303 3936
2303 3935
2302 3935
2301 3934
2301 3933
2300 3933
2299 3932
2299 3931
2298 3931
2297 3930
2297 3929
2296 3929
2295 3928
2295 3927
2294 3927
2293 3926
2292 3925
2292 3924
2291 3924
2290 3923
2289 3923
2288 3922
2288 3921
2287 3921
2286 3920
2285 3919
2284 3919
2283 3918
2282 3917
2281 3917
2280 3916
2279 3916
2278 3915
2277 3915
2276 3914
2275 3913
2274 3912
2273 3912
2272 3911
2271 3910
2270 3909
2269 3909
2268 3908
2267 3908
2266 3907
2266 3906
2265 3905
2264 3904
2263 3903
2262 3902
2261 3902
2260 3901
2259 3901
2258 3900
2257 3900
2256 3899
2255 3899
2254 3898
2253 3898
2252 3897
2251 3897
2250 3896
2249 3896
2248 3895
2247 3895
2246 3895
2245 3895
2244 3894
2243 3894
2242 3894
2241 3894
2240 3893
2239 3893
2238 3892
2237 3892
2236 3891
2235 3891
2234 3890
2233 3890
2232 3890
2231 3890
2230 3889
2229 3889
2228 3889
2227 3889
2226 3888
2225 3888
2224 3887
2223 3887
2222 3887
2221 3887
2220 3886
2219 3886
2218 3885
2217 3885
2216 3885
2215 3884
2214 3884
2213 3884
2212 3884
2211 3884
2210 3884
2209 3884
2208 3884
2207 3884
2206 3884
2205 3884
2204 3883
2203 3883
2202 3883
2201 3883
2200 3882
2200 3881
2199 3881
2198 3881
2197 3880
2196 3879
2195 3878
2194 3877
2194 3876
2194 3875
2194 3874
2193 3874
2192 3874
2191 3874
