3139 253
3138 254
3137 254
3136 255
3135 256
3134 257
3134 258
3133 259
3133 260
3132 261
3131 262
3131 263
3130 264
3130 265
3130 266
3129 267
3129 268
3129 269
3128 270
3127 271
3127 272
3126 273
3125 274
3124 275
3123 275
3123 276
3122 277
3121 278
3120 278
3119 279
3118 280
3118 281
3117 282
3116 283
3115 283
3115 284
3114 285
3113 286
3112 287
3112 288
3111 289
3111 290
3111 291
3111 292
3111 293
3111 294
3111 295
3111 296
3111 297
3111 298
3111 299
3111 300
3111 301
3111 302
3111 303
3111 304
3111 305
3111 306
3111 307
3111 308
3111 309
3111 310
3111 311
3111 312
3110 313
3110 314
3110 315
3110 316
3109 317
3109 318
3109 319
3109 320
3109 321
3109 322
3109 323
3109 324
3109 325
3109 326
3109 327
3109 328
3109 329
3109 330
3109 331
3109 332
3109 333
3109 334
3109 335
3109 336
3109 337
3109 338
3108 339
3108 340
3108 341
3108 342
3107 343
3107 344
3107 345
3107 346
3107 347
3107 348
3107 349
3107 350
3107 351
3107 352
3107 353
3107 354
3107 355
3107 356
3107 357
3107 358
3107 359
3107 360
3106 361
3106 362
3106 363
3106 364
3106 365
3106 366
3106 367
3106 368
3107 369
3107 370
3107 371
3107 372
3108 373
3108 374
3108 375
3108 376
3109 377
3109 378
3109 379
3109 380
3108 381
3108 382
3108 383
3108 384
3107 385
3107 386
3107 387
3107 388
3107 389
3107 390
3106 391
3106 392
3105 393
3105 394
3104 395
3104 396
3103 397
3103 398
3102 399
3102 400
3102 401
3101 402
3100 403
3100 404
3100 405
3100 406
3099 407
3099 408
3098 409
3098 410
3098 411
3097 412
3097 413
3097 414
3097 415
3097 416
3097 417
3097 418
3097 419
3097 420
3097 421
3097 422
3097 423
3097 424
3097 425
3097 426
3098 427
3098 428
3098 429
3098 430
3099 431
3099 432
3099 433
3099 434
3099 435
3099 436
3100 437
3100 438
3100 439
3100 440
3101 440
3102 441
3102 442
3102 443
3102 444
3103 445
3103 446
3103 447
3103 448
3103 449
3103 450
3103 451
3103 452
3103 453
3103 454
3103 455
3103 456
3104 457
3104 458
3104 459
3104 460
3105 461
3105 462
3105 463
3105 464
3105 465
3105 466
3105 467
3105 468
3105 469
3105 470
3105 471
3105 472
3105 473
3105 474
3105 475
3105 476
3105 477
3105 478
3105 479
3105 480
3105 481
3105 482
3105 483
3105 484
3105 485
3105 486
3105 487
3105 488
3105 489
3105 490
3105 491
3105 492
3105 493
3105 494
3105 495
3105 496
3104 497
3104 498
3104 499
3104 500
3103 501
3103 502
3103 503
3103 504
3102 505
3102 506
3102 507
3101 508
3101 509
3101 510
3100 511
3100 512
3100 513
3099 514
3099 515
3098 516
3098 517
3098 518
3097 519
3097 520
3096 521
3096 522
3096 523
3096 524
3095 525
3094 526
3094 527
3094 528
3093 529
3093 530
3092 531
3092 532
3092 533
3092 534
3091 535
3091 536
3090 537
3090 538
3090 539
3090 540
3089 541
3089 542
3088 543
3088 544
3088 545
3087 546
3087 547
3087 548
3087 549
3087 550
3087 551
3087 552
3087 553
3087 554
3087 555
3087 556
3087 557
3087 558
3087 559
3087 560
3087 561
3087 562
3087 563
3087 564
3087 565
3087 566
3087 567
3087 568
3087 569
3087 570
3087 571
3087 572
3087 573
3087 574
3087 575
3087 576
3087 577
3087 578
3087 579
3087 580
3087 581
3087 582
3087 583
3087 584
3087 585
3087 586
3086 587
3086 588
3086 589
3086 590
3085 591
3085 592
3085 593
3085 594
3085 595
3085 596
3085 597
3085 598
3085 599
3085 600
3085 601
3085 602
3085 603
3085 604
3085 605
3085 606
3085 607
3085 608
3085 609
3085 610
3085 611
3085 612
3085 613
3085 614
3085 615
3085 616
3085 617
3085 618
3086 619
3086 620
3086 621
3086 622
3087 623
3087 624
3087 625
3087 626
3087 627
3087 628
3087 629
3088 630
3088 631
3088 632
3089 633
3089 634
3089 635
3089 636
3089 637
3089 638
3089 639
3089 640
3089 641
3089 642
3089 643
3089 644
3089 645
3089 646
3089 647
3089 648
3089 649
3089 650
3089 651
3089 652
3089 653
3089 654
3089 655
3089 656
3089 657
3089 658
3090 659
3090 660
3090 661
3090 662
3091 663
3091 664
3091 665
3091 666
3091 667
3091 668
3092 669
3092 670
3092 671
3092 672
3093 673
3093 674
3093 675
3093 676
3093 677
3093 678
3093 679
3093 680
3093 681
3093 682
3093 683
3093 684
3094 685
3094 686
3094 687
3094 688
3095 689
3095 690
3095 691
3095 692
3095 693
3095 694
3095 695
3095 696
3096 697
3096 698
3096 699
3096 700
3097 701
3097 702
3097 703
3097 704
3098 705
3098 706
3098 707
3098 708
3099 709
3099 710
3099 711
3099 712
3100 713
3100 714
3100 715
3100 716
3101 717
3101 718
3101 719
3101 720
3102 721
3102 722
3102 723
3102 724
3103 725
3103 726
3103 727
3103 728
3103 729
3103 730
3103 731
3103 732
3103 733
3104 734
3104 735
3104 736
3105 737
3105 738
3105 739
3105 740
3105 741
3106 742
3106 743
3106 744
3107 745
3107 746
3108 747
3108 748
3108 749
3108 750
3109 751
3109 752
3110 753
3110 754
3110 755
3111 756
3112 757
3112 758
3112 759
3112 760
3113 761
3113 762
3114 763
3114 764
3114 765
3114 766
3115 767
3115 768
3116 769
3116 770
3117 771
3117 772
3118 773
3118 774
3119 775
3120 776
3120 777
3121 778
3121 779
3122 780
3122 781
3122 782
3123 783
3124 784
3124 785
3124 786
3125 787
3126 788
3126 789
3126 790
3127 791
3128 792
3128 793
3128 794
3129 795
3129 796
3130 797
3130 798
3130 799
3130 800
3131 801
3131 802
3131 803
3131 804
3131 805
3131 806
3132 807
3132 808
3132 809
3133 810
3133 811
3134 812
3134 813
3134 814
3135 815
3135 816
3136 817
3136 818
3137 819
3138 820
3139 821
3139 822
3140 823
3140 824
3141 825
3142 826
3143 827
3143 828
3144 829
3145 830
3146 830
3147 831
3147 832
3148 833
3149 834
3150 834
3151 835
3151 836
3152 837
3153 838
3154 838
3155 839
3155 840
3156 841
3157 842
3158 842
3159 843
3159 844
3160 845
3161 846
3162 846
3163 847
3164 848
3165 848
3166 849
3167 850
3168 850
3169 851
3170 852
3171 853
3171 854
3172 854
3173 855
3174 856
3174 857
3175 858
3176 859
3177 859
3178 860
3179 861
3179 862
3180 862
3181 863
3182 864
3182 865
3183 866
3184 867
3185 867
3186 868
3187 869
3187 870
3188 870
3189 871
3190 872
3190 873
3191 874
3192 875
3193 875
3194 876
3195 877
3195 878
3196 878
3197 879
3198 880
3198 881
3199 882
3200 883
3201 883
3202 884
3203 885
3203 886
3204 886
3205 887
3206 888
3207 889
3208 889
3209 890
3209 891
3210 891
3211 892
3212 893
3213 894
3214 894
3215 895
3216 896
3217 897
3218 897
3219 897
3220 898
3221 898
3222 898
3223 898
3224 898
3225 898
3226 898
3227 898
3228 898
3229 898
3230 898
3231 898
3232 897
3233 896
3234 895
3235 894
3236 893
3237 893
3238 892
3238 891
3239 890
3239 889
3240 888
3241 888
3241 887
3242 886
3242 885
3243 884
3244 883
3244 882
3244 881
3245 880
3245 879
3245 878
3246 877
3247 876
3247 875
3247 874
3247 873
3248 872
3248 871
3248 870
3248 869
3249 868
3249 867
3250 866
3250 865
3251 864
3251 863
3252 862
3252 861
3252 860
3252 859
3252 858
3252 857
3252 856
3252 855
3252 854
3252 853
3253 852
3253 851
3253 850
3253 849
3254 848
3254 847
3254 846
3254 845
3254 844
3254 843
3254 842
3254 841
3254 840
3254 839
3254 838
3254 837
3254 836
3254 835
3254 834
3254 833
3254 832
3254 831
3254 830
3254 829
3254 828
3254 827
3254 826
3254 825
3254 824
3254 823
3254 822
3254 821
3253 820
3253 819
3253 818
3253 817
3252 816
3252 815
3252 814
3252 813
3252 812
3252 811
3252 810
3252 809
3252 808
3252 807
3252 806
3252 805
3252 804
3252 803
3252 802
3252 801
3252 800
3252 799
3252 798
3252 797
3252 796
3252 795
3252 794
3252 793
3252 792
3252 791
3252 790
3252 789
3252 788
3252 787
3252 786
3252 785
3252 784
3252 783
3252 782
3252 781
3252 780
3252 779
3252 778
3252 777
3252 776
3252 775
3252 774
3252 773
3252 772
3252 771
3252 770
3252 769
3252 768
3252 767
3252 766
3252 765
3252 764
3252 763
3252 762
3252 761
3252 760
3252 759
3252 758
3252 757
3252 756
3252 755
3252 754
3252 753
3251 752
3251 751
3251 750
3251 749
3250 748
3250 747
3250 746
3250 745
3250 744
3250 743
3250 742
3250 741
3250 740
3250 739
3250 738
3250 737
3250 736
3250 735
3250 734
3250 733
3250 732
3250 731
3250 730
3250 729
3250 728
3250 727
3250 726
3250 725
3250 724
3250 723
3250 722
3250 721
3250 720
3250 719
3250 718
3250 717
3250 716
3250 715
3250 714
3250 713
3250 712
3250 711
3250 710
3250 709
3250 708
3250 707
3250 706
3250 705
3250 704
3250 703
3250 702
3250 701
3250 700
3250 699
3250 698
3250 697
3250 696
3250 695
3250 694
3250 693
3250 692
3250 691
3250 690
3250 689
3250 688
3250 687
3250 686
3250 685
3250 684
3250 683
3250 682
3249 681
3249 680
3249 679
3248 678
3248 677
3248 676
3248 675
3248 674
3248 673
3248 672
3248 671
3248 670
3248 669
3248 668
3248 667
3248 666
3248 665
3248 664
3248 663
3248 662
3248 661
3248 660
3248 659
3248 658
3248 657
3248 656
3248 655
3248 654
3248 653
3248 652
3248 651
3248 650
3248 649
3248 648
3248 647
3248 646
3248 645
3248 644
3248 643
3248 642
3248 641
3248 640
3248 639
3248 638
3248 637
3248 636
3247 635
3247 634
3247 633
3246 632
3246 631
3246 630
3246 629
3246 628
3246 627
3246 626
3246 625
3246 624
3246 623
3246 622
3246 621
3246 620
3246 619
3246 618
3245 617
3245 616
3245 615
3244 614
3244 613
3244 612
3244 611
3244 610
3244 609
3244 608
3244 607
3243 606
3243 605
3243 604
3243 603
3242 602
3242 601
3242 600
3242 599
3242 598
3242 597
3242 596
3242 595
3242 594
3242 593
3242 592
3242 591
3242 590
3242 589
3242 588
3242 587
3242 586
3242 585
3242 584
3242 583
3242 582
3242 581
3242 580
3241 579
3241 578
3241 577
3240 576
3240 575
3240 574
3240 573
3240 572
3240 571
3240 570
3240 569
3240 568
3240 567
3240 566
3240 565
3240 564
3240 563
3240 562
3240 561
3240 560
3240 559
3240 558
3240 557
3240 556
3239 555
3239 554
3239 553
3238 552
3238 551
3238 550
3238 549
3238 548
3238 547
3238 546
3238 545
3238 544
3238 543
3238 542
3238 541
3238 540
3238 539
3238 538
3237 537
3237 536
3237 535
3236 534
3236 533
3236 532
3236 531
3236 530
3236 529
3236 528
3236 527
3236 526
3236 525
3236 524
3236 523
3236 522
3236 521
3236 520
3236 519
3236 518
3236 517
3236 516
3236 515
3236 514
3236 513
3236 512
3236 511
3236 510
3236 509
3236 508
3236 507
3236 506
3236 505
3236 504
3236 503
3235 502
3235 501
3235 500
3235 499
3234 498
3234 497
3234 496
3234 495
3234 494
3234 493
3234 492
3234 491
3234 490
3234 489
3234 488
3234 487
3234 486
3234 485
3234 484
3234 483
3234 482
3234 481
3234 480
3234 479
3233 478
3233 477
3233 476
3233 475
3232 474
3232 473
3232 472
3232 471
3232 470
3232 469
3232 468
3232 467
3232 466
3232 465
3232 464
3232 463
3232 462
3232 461
3232 460
3232 459
3232 458
3232 457
3232 456
3232 455
3232 454
3232 453
3232 452
3232 451
3231 450
3231 449
3231 448
3230 447
3230 446
3230 445
3230 444
3230 443
3230 442
3230 441
3230 440
3230 439
3229 438
3229 437
3229 436
3229 435
3228 434
3228 433
3228 432
3228 431
3228 430
3228 429
3228 428
3228 427
3228 426
3228 425
3228 424
3228 423
3228 422
3228 421
3228 420
3228 419
3228 418
3228 417
3228 416
3228 415
3228 414
3228 413
3228 412
3228 411
3228 410
3228 409
3228 408
3228 407
3228 406
3228 405
3228 404
3228 403
3228 402
3228 401
3227 400
3227 399
3227 398
3227 397
3226 396
3226 395
3226 394
3226 393
3226 392
3226 391
3226 390
3226 389
3226 388
3225 387
3225 386
3225 385
3224 384
3224 383
3224 382
3224 381
3224 380
3223 379
3222 378
3222 377
3221 376
3221 375
3220 374
3219 373
3219 372
3218 371
3218 370
3217 369
3216 368
3216 367
3215 367
3214 366
3214 365
3213 364
3212 363
3211 363
3210 362
3210 361
3209 360
3208 359
3208 358
3207 357
3207 356
3207 355
3206 354
3206 353
3206 352
3206 351
3205 350
3205 349
3205 348
3205 347
3204 346
3204 345
3204 344
3204 343
3204 342
3204 341
3204 340
3204 339
3204 338
3203 337
3203 336
3203 335
3202 334
3202 333
3202 332
3202 331
3202 330
3202 329
3202 328
3202 327
3202 326
3202 325
3202 324
3201 323
3201 322
3201 321
3200 320
3200 319
3200 318
3200 317
3200 316
3200 315
3200 314
3200 313
3200 312
3200 311
3199 310
3199 309
3199 308
3199 307
3198 306
3198 305
3197 304
3197 303
3197 302
3197 301
3196 300
3196 299
3196 298
3196 297
3195 296
3195 295
3195 294
3195 293
3194 292
3194 291
3193 290
3193 289
3193 288
3192 287
3192 286
3191 285
3191 284
3191 283
3190 282
3189 281
3189 280
3189 279
3188 278
3188 277
3188 276
3187 275
3186 274
3186 273
3185 273
3184 272
3184 271
3183 271
3182 270
3181 269
3181 268
3180 267
3179 267
3178 266
3177 266
3176 265
3175 265
3174 264
3173 264
3172 264
3171 264
3170 263
3169 263
3168 262
3167 262
3166 261
3165 261
3164 260
3163 260
3162 259
3161 259
3160 259
3159 259
3158 259
3157 259
3156 259
3155 259
3154 259
3153 258
3152 258
3151 258
3150 257
3149 257
3148 256
3147 256
3146 256
3145 256
3144 255
3144 254
3143 254
3142 254
3141 254
3140 253
3139 253
