1145 632
1144 633
1143 633
1142 633
1141 633
1140 634
1139 634
1138 634
1137 634
1136 634
1135 634
1134 634
1133 634
1132 634
1131 634
1130 634
1129 634
1128 634
1127 634
1126 634
1125 634
1124 634
1123 634
1122 634
1121 635
1120 635
1119 635
1118 636
1117 636
1116 636
1115 636
1114 636
1113 636
1112 637
1111 637
1110 637
1109 638
1108 638
1107 639
1106 640
1105 640
1104 641
1103 641
1102 642
1101 642
1100 642
1099 642
1098 642
1097 642
1096 643
1095 643
1094 644
1094 645
1093 646
1092 647
1091 648
1090 649
1089 649
1088 649
1087 649
1086 650
1085 650
1084 650
1083 650
1082 651
1081 651
1080 652
1079 652
1078 653
1077 653
1076 653
1075 654
1074 654
1073 655
1072 655
1071 656
1070 656
1069 657
1068 658
1067 658
1066 659
1065 660
1065 661
1064 662
1063 662
1063 663
1062 664
1061 665
1060 666
1059 667
1058 668
1057 668
1056 669
1055 669
1054 670
1053 670
1052 671
1051 671
1050 672
1049 673
1048 674
1047 674
1047 675
1046 676
1046 677
1045 678
1044 678
1043 679
1043 680
1042 681
1041 682
1041 683
1040 684
1039 685
1038 686
1037 687
1036 687
1035 688
1034 689
1034 690
1033 691
1032 691
1031 692
1031 693
1030 694
1029 695
1028 695
1027 696
1026 697
1026 698
1025 699
1024 699
1023 700
1022 701
1021 702
1021 703
1020 704
1019 705
1019 706
1018 707
1018 708
1017 709
1017 710
1016 711
1016 712
1015 713
1015 714
1015 715
1015 716
1015 717
1015 718
1015 719
1015 720
1014 721
1014 722
1014 723
1013 724
1013 725
1012 726
1012 727
1012 728
1011 729
1010 730
1010 731
1009 732
1009 733
1008 734
1008 735
1008 736
1007 737
1007 738
1006 739
1006 740
1005 741
1005 742
1004 743
1004 744
1003 745
1003 746
1002 747
1002 748
1001 749
1001 750
1000 751
1000 752
1000 753
1000 754
1000 755
999 756
999 757
999 758
999 759
998 760
998 761
997 762
997 763
996 764
996 765
995 766
995 767
994 768
994 769
993 770
993 771
993 772
993 773
992 774
992 775
992 776
991 777
991 778
991 779
990 780
990 781
990 782
990 783
989 784
989 785
988 786
988 787
988 788
988 789
987 790
987 791
987 792
987 793
986 794
986 795
986 796
986 797
985 798
985 799
985 800
984 801
984 802
983 803
983 804
982 805
982 806
982 807
981 808
981 809
981 810
981 811
980 812
980 813
979 814
979 815
978 816
978 817
977 818
977 819
977 820
977 821
977 822
977 823
977 824
977 825
977 826
977 827
977 828
977 829
977 830
977 831
977 832
977 833
977 834
977 835
977 836
977 837
977 838
977 839
977 840
977 841
977 842
977 843
977 844
977 845
977 846
977 847
977 848
977 849
978 850
978 851
978 852
978 853
979 854
979 855
979 856
979 857
979 858
979 859
979 860
979 861
979 862
979 863
980 864
980 865
980 866
980 867
981 868
981 869
981 870
981 871
981 872
981 873
982 874
982 875
982 876
982 877
983 878
983 879
983 880
984 881
984 882
984 883
985 884
985 885
985 886
985 887
986 888
986 889
986 890
986 891
987 892
987 893
987 894
988 895
989 896
989 897
990 898
991 899
991 900
992 901
992 902
993 903
993 904
994 905
995 906
995 907
996 908
996 909
997 910
998 911
999 912
999 913
1000 914
1001 915
1002 915
1003 916
1003 917
1004 917
1005 918
1005 919
1006 920
1007 921
1007 922
1008 923
1009 924
1009 925
1010 926
1010 927
1011 928
1011 929
1012 930
1013 931
1013 932
1014 933
1015 934
1016 935
1016 936
1017 937
1017 938
1018 939
1019 940
1019 941
1020 942
1020 943
1021 943
1022 944
1022 945
1022 946
1023 947
1024 947
1025 948
1026 949
1027 950
1028 950
1029 951
1030 951
1031 952
1031 953
1032 954
1033 954
1034 955
1035 956
1035 957
1036 958
1037 958
1038 959
1038 960
1039 961
1040 962
1041 962
1042 963
1043 964
1043 965
1044 966
1045 966
1046 967
1046 968
1047 969
1048 970
1049 971
1050 971
1051 972
1051 973
1052 973
1053 974
1054 974
1055 975
1055 976
1056 976
1057 977
1058 978
1059 978
1060 979
1061 980
1061 981
1062 981
1063 982
1064 982
1065 983
1065 984
1066 984
1067 985
1068 985
1069 986
1070 987
1071 987
1072 988
1073 988
1074 989
1075 990
1076 990
1077 990
1078 990
1079 991
1080 992
1081 992
1082 993
1083 994
1084 994
1085 995
1086 995
1087 996
1087 997
1088 997
1089 998
1090 999
1091 1000
1092 1001
1093 1001
1094 1002
1095 1003
1096 1004
1097 1004
1098 1004
1099 1005
1100 1005
1101 1006
1102 1006
1103 1006
1104 1007
1105 1008
1106 1008
1107 1008
1108 1008
1109 1009
1110 1009
1111 1010
1112 1010
1113 1010
1114 1010
1115 1011
1116 1011
1117 1011
1118 1011
1119 1012
1120 1012
1121 1012
1122 1013
1123 1013
1124 1013
1125 1013
1126 1013
1127 1013
1128 1013
1129 1014
1130 1014
1131 1014
1132 1014
1133 1015
1134 1015
1135 1016
1136 1016
1137 1016
1138 1017
1139 1018
1140 1018
1141 1018
1142 1018
1143 1019
1144 1019
1145 1019
1146 1019
1147 1020
1148 1020
1149 1020
1150 1020
1151 1021
1152 1021
1153 1022
1154 1022
1155 1022
1156 1022
1157 1023
1158 1023
1159 1023
1160 1023
1161 1023
1162 1023
1163 1024
1164 1024
1165 1024
1166 1024
1167 1025
1168 1025
1169 1025
1170 1025
1171 1025
1172 1025
1173 1025
1174 1025
1175 1025
1176 1025
1177 1026
1178 1026
1179 1026
1180 1026
1181 1027
1182 1027
1183 1027
1184 1027
1185 1028
1186 1028
1187 1028
1188 1028
1189 1029
1190 1029
1191 1029
1192 1029
1193 1029
1194 1029
1195 1029
1196 1029
1197 1029
1198 1029
1199 1029
1200 1029
1201 1029
1202 1029
1203 1029
1204 1029
1205 1029
1206 1029
1207 1029
1208 1029
1209 1029
1210 1029
1211 1028
1212 1028
1213 1028
1214 1028
1215 1027
1216 1027
1217 1026
1218 1026
1219 1026
1220 1026
1220 1025
1221 1024
1222 1024
1223 1024
1224 1024
1225 1023
1226 1022
1227 1022
1228 1022
1229 1021
1230 1020
1231 1019
1232 1019
1233 1018
1234 1018
1235 1017
1236 1017
1237 1016
1238 1016
1239 1016
1240 1016
1240 1015
1241 1014
1242 1014
1243 1013
1244 1013
1244 1012
1245 1011
1246 1011
1247 1010
1248 1010
1248 1009
1249 1008
1250 1008
1251 1007
1252 1007
1253 1006
1253 1005
1253 1004
1254 1003
1255 1002
1256 1001
1257 1000
1258 1000
1258 999
1259 998
1260 998
1261 997
1262 997
1262 996
1263 995
1264 995
1265 994
1266 993
1267 992
1267 991
1268 990
1269 989
1269 988
1269 987
1270 986
1270 985
1271 984
1272 983
1273 982
1274 981
1274 980
1275 979
1276 978
1277 977
1277 976
1278 975
1278 974
1279 973
1279 972
1280 971
1280 970
1280 969
1281 968
1281 967
1281 966
1282 965
1282 964
1282 963
1282 962
1282 961
1282 960
1283 959
1283 958
1283 957
1283 956
1284 955
1285 955
1285 954
1286 953
1286 952
1287 951
1288 950
1289 949
1289 948
1289 947
1290 946
1290 945
1291 944
1291 943
1291 942
1292 941
1292 940
1292 939
1292 938
1293 937
1293 936
1294 935
1294 934
1295 933
1296 932
1296 931
1297 930
1298 929
1298 928
1299 927
1300 926
1301 926
1301 925
1301 924
1302 923
1303 922
1304 921
1305 920
1305 919
1306 918
1307 917
1307 916
1307 915
1308 914
1308 913
1309 912
1310 911
1310 910
1311 909
1311 908
1312 907
1312 906
1312 905
1313 904
1313 903
1314 902
1314 901
1314 900
1314 899
1314 898
1315 897
1315 896
1315 895
1315 894
1316 893
1316 892
1316 891
1316 890
1316 889
1316 888
1316 887
1316 886
1316 885
1316 884
1316 883
1316 882
1316 881
1316 880
1316 879
1316 878
1316 877
1316 876
1316 875
1316 874
1315 873
1315 872
1315 871
1315 870
1314 869
1314 868
1314 867
1314 866
1314 865
1314 864
1314 863
1314 862
1313 861
1313 860
1313 859
1313 858
1312 857
1312 856
1312 855
1312 854
1312 853
1312 852
1312 851
1312 850
1312 849
1312 848
1312 847
1312 846
1312 845
1312 844
1312 843
1312 842
1312 841
1312 840
1312 839
1312 838
1312 837
1312 836
1312 835
1312 834
1312 833
1312 832
1312 831
1312 830
1312 829
1312 828
1312 827
1312 826
1312 825
1312 824
1312 823
1312 822
1311 821
1311 820
1311 819
1310 818
1310 817
1309 816
1309 815
1309 814
1308 813
1308 812
1308 811
1308 810
1308 809
1308 808
1308 807
1308 806
1308 805
1308 804
1308 803
1308 802
1308 801
1308 800
1308 799
1308 798
1308 797
1308 796
1308 795
1308 794
1308 793
1308 792
1308 791
1308 790
1308 789
1308 788
1308 787
1308 786
1308 785
1308 784
1308 783
1308 782
1308 781
1308 780
1308 779
1308 778
1308 777
1308 776
1308 775
1308 774
1308 773
1308 772
1308 771
1308 770
1308 769
1308 768
1308 767
1308 766
1309 765
1309 764
1309 763
1310 762
1310 761
1311 760
1311 759
1311 758
1312 757
1312 756
1312 755
1312 754
1312 753
1312 752
1312 751
1312 750
1311 749
1311 748
1312 747
1312 746
1311 745
1311 744
1312 743
1312 742
1312 741
1312 740
1312 739
1312 738
1312 737
1312 736
1312 735
1312 734
1312 733
1312 732
1312 731
1312 730
1312 729
1312 728
1312 727
1312 726
1311 725
1311 724
1312 723
1312 722
1311 721
1311 720
1311 719
1311 718
1311 717
1311 716
1310 715
1309 714
1309 713
1309 712
1308 711
1308 710
1308 709
1308 708
1308 707
1308 706
1308 705
1308 704
1307 703
1307 702
1307 701
1306 700
1306 699
1305 698
1305 697
1304 696
1304 695
1303 694
1302 693
1302 692
1301 691
1300 691
1299 690
1299 689
1298 688
1298 687
1297 686
1296 685
1296 684
1295 683
1294 682
1294 681
1293 680
1293 679
1293 678
1292 678
1291 677
1290 676
1290 675
1289 675
1288 674
1287 673
1286 672
1285 671
1284 670
1283 670
1282 669
1281 668
1280 668
1279 667
1278 667
1277 667
1276 666
1276 665
1275 665
1274 664
1273 664
1272 663
1271 662
1270 662
1269 661
1268 660
1267 660
1266 659
1265 659
1264 658
1264 657
1263 657
1262 656
1261 656
1260 655
1259 654
1258 654
1257 653
1256 653
1255 653
1254 652
1253 652
1252 651
1251 651
1250 651
1249 651
1248 650
1248 649
1247 649
1246 648
1245 647
1244 647
1243 647
1242 646
1241 646
1240 645
1239 645
1238 645
1237 645
1236 644
1235 644
1234 643
1233 643
1232 643
1231 643
1230 642
1229 642
1228 641
1227 641
1226 641
1225 641
1224 640
1223 640
1222 640
1221 640
1220 639
1219 639
1218 639
1217 639
1216 638
1215 638
1214 638
1213 638
1212 637
1211 637
1210 637
1209 637
1208 636
1207 636
1206 636
1205 636
1204 635
1203 635
1202 635
1201 635
1200 634
1199 634
1198 634
1197 634
1196 634
1195 634
1194 633
1193 633
1192 633
1191 633
1190 632
1189 632
1188 632
1187 632
1186 632
1185 632
1184 632
1183 632
1182 632
1181 632
1180 632
1179 632
1178 632
1177 632
1176 632
1175 632
1174 632
1173 632
1172 632
1171 632
1170 632
1169 632
1168 632
1167 632
1166 632
1165 632
1164 632
1163 632
1162 632
1161 633
1160 632
1159 632
1158 632
1157 632
1156 632
1155 632
1154 632
1153 632
1152 632
1151 632
1150 632
1149 632
1148 632
1147 632
1146 632
1145 632
