1975 2017
1974 2018
1973 2018
1972 2018
1971 2018
1970 2019
1969 2019
1968 2019
1967 2019
1966 2019
1965 2019
1964 2019
1963 2019
1962 2019
1961 2019
1960 2020
1959 2020
1958 2020
1957 2020
1957 2021
1956 2022
1955 2022
1954 2022
1953 2022
1952 2023
1951 2023
1950 2024
1949 2024
1948 2024
1947 2024
1946 2025
1945 2025
1944 2026
1943 2026
1942 2026
1941 2026
1941 2027
1940 2028
1939 2028
1938 2029
1937 2029
1936 2030
1935 2030
1934 2031
1933 2031
1932 2032
1931 2032
1930 2032
1929 2032
1928 2033
1927 2034
1926 2035
1925 2035
1924 2036
1923 2037
1922 2038
1921 2038
1920 2039
1919 2040
1918 2040
1917 2041
1916 2041
1915 2042
1914 2043
1913 2043
1912 2044
1911 2045
1911 2046
1910 2047
1909 2047
1908 2048
1907 2049
1906 2050
1905 2050
1905 2051
1904 2052
1903 2052
1902 2052
1901 2052
1900 2053
1899 2053
1898 2054
1897 2054
1896 2054
1895 2054
1894 2055
1893 2055
1892 2056
1891 2056
1890 2057
1889 2057
1889 2058
1888 2059
1887 2059
1886 2060
1885 2060
1884 2061
1883 2061
1882 2062
1881 2062
1880 2062
1879 2063
1878 2063
1877 2064
1876 2064
1875 2064
1874 2065
1873 2066
1872 2066
1871 2067
1870 2067
1869 2068
1868 2069
1867 2069
1867 2070
1866 2071
1865 2071
1865 2072
1864 2073
1864 2074
1863 2075
1863 2076
1862 2077
1862 2078
1861 2079
1861 2080
1860 2081
1859 2082
1859 2083
1858 2084
1858 2085
1857 2086
1857 2087
1856 2088
1856 2089
1855 2090
1854 2091
1854 2092
1853 2093
1852 2094
1851 2095
1851 2096
1850 2097
1849 2097
1848 2098
1847 2099
1846 2099
1845 2100
1844 2101
1843 2101
1843 2102
1842 2103
1841 2103
1841 2104
1840 2105
1839 2106
1838 2107
1838 2108
1837 2109
1837 2110
1836 2111
1836 2112
1835 2113
1834 2113
1834 2114
1834 2115
1833 2116
1833 2117
1832 2118
1832 2119
1831 2120
1830 2121
1830 2122
1830 2123
1829 2124
1828 2125
1828 2126
1827 2127
1827 2128
1826 2129
1825 2130
1825 2131
1824 2132
1823 2133
1823 2134
1822 2135
1822 2136
1821 2137
1821 2138
1821 2139
1821 2140
1821 2141
1821 2142
1821 2143
1821 2144
1820 2145
1820 2146
1820 2147
1820 2148
1819 2149
1819 2150
1819 2151
1819 2152
1819 2153
1819 2154
1819 2155
1819 2156
1819 2157
1819 2158
1819 2159
1819 2160
1818 2161
1818 2162
1818 2163
1817 2164
1817 2165
1817 2166
1817 2167
1817 2168
1817 2169
1817 2170
1817 2171
1817 2172
1817 2173
1817 2174
1817 2175
1817 2176
1817 2177
1817 2178
1817 2179
1817 2180
1817 2181
1817 2182
1817 2183
1817 2184
1818 2185
1818 2186
1818 2187
1818 2188
1819 2189
1819 2190
1819 2191
1819 2192
1819 2193
1819 2194
1819 2195
1819 2196
1819 2197
1819 2198
1819 2199
1819 2200
1819 2201
1819 2202
1819 2203
1819 2204
1819 2205
1819 2206
1819 2207
1819 2208
1819 2209
1819 2210
1819 2211
1819 2212
1820 2213
1820 2214
1820 2215
1820 2216
1821 2216
1822 2217
1822 2218
1823 2219
1823 2220
1824 2221
1824 2222
1825 2223
1825 2224
1826 2225
1826 2226
1826 2227
1826 2228
1827 2229
1828 2230
1828 2231
1828 2232
1829 2233
1829 2234
1829 2235
1829 2236
1829 2237
1829 2238
1829 2239
1829 2240
1829 2241
1829 2242
1829 2243
1829 2244
1828 2245
1828 2246
1828 2247
1828 2248
1827 2249
1827 2250
1827 2251
1827 2252
1827 2253
1827 2254
1827 2255
1827 2256
1827 2257
1827 2258
1828 2259
1828 2260
1828 2261
1829 2262
1829 2263
1830 2264
1831 2265
1831 2266
1832 2267
1833 2267
1834 2268
1835 2269
1835 2270
1836 2270
1837 2271
1838 2272
1838 2273
1839 2274
1840 2275
1841 2276
1842 2277
1842 2278
1843 2279
1843 2280
1843 2281
1843 2282
1844 2283
1844 2284
1844 2285
1844 2286
1845 2287
1845 2288
1845 2289
1845 2290
1845 2291
1845 2292
1845 2293
1845 2294
1844 2295
1844 2296
1843 2297
1843 2298
1842 2299
1841 2300
1841 2301
1841 2302
1841 2303
1841 2304
1841 2305
1841 2306
1841 2307
1841 2308
1841 2309
1841 2310
1841 2311
1841 2312
1841 2313
1841 2314
1841 2315
1841 2316
1842 2317
1842 2318
1842 2319
1842 2320
1843 2320
1844 2321
1844 2322
1844 2323
1845 2324
1845 2325
1846 2326
1846 2327
1846 2328
1847 2329
1847 2330
1848 2331
1848 2332
1848 2333
1848 2334
1849 2335
1850 2336
1850 2337
1851 2338
1851 2339
1852 2340
1853 2341
1853 2342
1854 2342
1855 2343
1855 2344
1856 2344
1857 2345
1857 2346
1858 2346
1859 2347
1859 2348
1860 2349
1861 2350
1862 2350
1863 2351
1863 2352
1864 2352
1865 2353
1865 2354
1866 2355
1867 2356
1868 2356
1869 2357
1870 2357
1871 2358
1872 2358
1873 2359
1874 2359
1875 2359
1876 2360
1877 2360
1878 2360
1879 2361
1880 2361
1881 2362
1882 2362
1883 2363
1884 2363
1885 2364
1886 2364
1887 2365
1888 2365
1889 2365
1890 2365
1891 2366
1892 2367
1893 2367
1894 2367
1895 2368
1896 2368
1897 2368
1898 2368
1899 2368
1900 2368
1901 2368
1902 2368
1903 2368
1904 2368
1905 2368
1906 2368
1907 2368
1908 2368
1909 2368
1910 2368
1911 2369
1912 2369
1913 2369
1914 2369
1915 2370
1916 2370
1917 2371
1918 2371
1919 2371
1920 2371
1921 2372
1921 2373
1922 2373
1923 2373
1924 2374
1925 2375
1926 2375
1927 2375
1928 2375
1929 2376
1929 2377
1930 2377
1931 2377
1932 2377
1933 2378
1934 2378
1935 2379
1936 2379
1937 2379
1938 2380
1939 2381
1940 2381
1941 2382
1942 2382
1943 2383
1944 2383
1945 2384
1946 2384
1947 2385
1948 2385
1949 2385
1950 2385
1951 2386
1952 2386
1953 2386
1954 2386
1955 2387
1956 2387
1957 2387
1958 2387
1959 2388
1960 2388
1961 2388
1962 2388
1963 2388
1964 2388
1965 2388
1966 2388
1967 2388
1968 2388
1969 2388
1970 2388
1971 2388
1972 2388
1973 2389
1974 2389
1975 2390
1976 2390
1977 2391
1978 2391
1979 2392
1980 2392
1981 2393
1982 2393
1983 2393
1984 2393
1985 2394
1986 2394
1987 2395
1988 2395
1989 2395
1990 2396
1991 2396
1992 2397
1993 2397
1994 2398
1995 2398
1996 2398
1997 2398
1998 2398
1999 2398
2000 2398
2001 2398
2002 2398
2003 2398
2004 2398
2005 2398
2006 2398
2007 2398
2008 2398
2009 2398
2010 2398
2011 2398
2012 2398
2013 2398
2014 2398
2015 2398
2016 2398
2017 2398
2018 2398
2019 2398
2020 2398
2021 2398
2022 2398
2023 2398
2024 2398
2025 2398
2026 2398
2027 2398
2028 2398
2029 2398
2030 2398
2031 2398
2032 2398
2033 2398
2034 2398
2035 2398
2036 2398
2037 2398
2038 2398
2039 2398
2040 2397
2041 2397
2042 2397
2043 2396
2044 2396
2045 2395
2046 2395
2047 2395
2048 2395
2048 2394
2049 2393
2050 2393
2051 2392
2052 2391
2053 2390
2054 2390
2054 2389
2055 2388
2056 2387
2057 2386
2058 2386
2059 2385
2060 2384
2061 2384
2062 2383
2063 2382
2064 2382
2065 2381
2066 2381
2067 2380
2068 2379
2069 2379
2070 2378
2071 2378
2072 2377
2073 2376
2074 2376
2075 2375
2076 2374
2077 2374
2078 2373
2079 2373
2080 2373
2080 2372
2081 2371
2082 2371
2083 2371
2084 2371
2085 2370
2086 2369
2087 2368
2088 2368
2089 2367
2090 2366
2090 2365
2091 2364
2092 2363
2093 2362
2094 2362
2095 2361
2096 2360
2096 2359
2097 2358
2098 2357
2098 2356
2099 2355
2100 2354
2101 2353
2102 2352
2102 2351
2103 2350
2104 2350
2105 2349
2106 2348
2106 2347
2107 2346
2108 2346
2109 2345
2110 2344
2110 2343
2111 2342
2112 2341
2112 2340
2113 2339
2113 2338
2113 2337
2114 2336
2114 2335
2114 2334
2114 2333
2115 2332
2115 2331
2116 2330
2116 2329
2117 2328
2118 2327
2119 2326
2119 2325
2120 2324
2121 2323
2122 2322
2123 2321
2123 2320
2124 2319
2125 2318
2126 2318
2127 2317
2128 2317
2128 2316
2129 2315
2130 2315
2131 2314
2132 2314
2132 2313
2133 2312
2133 2311
2134 2310
2134 2309
2134 2308
2134 2307
2134 2306
2134 2305
2135 2304
2135 2303
2135 2302
2135 2301
2136 2300
2136 2299
2137 2298
2137 2297
2137 2296
2138 2295
2138 2294
2138 2293
2138 2292
2138 2291
2138 2290
2138 2289
2138 2288
2138 2287
2138 2286
2138 2285
2138 2284
2138 2283
2138 2282
2138 2281
2138 2280
2138 2279
2139 2278
2139 2277
2139 2276
2139 2275
2140 2274
2140 2273
2140 2272
2140 2271
2140 2270
2140 2269
2140 2268
2140 2267
2140 2266
2139 2265
2139 2264
2139 2263
2138 2262
2138 2261
2138 2260
2138 2259
2138 2258
2138 2257
2138 2256
2138 2255
2138 2254
2138 2253
2138 2252
2138 2251
2138 2250
2138 2249
2138 2248
2138 2247
2137 2246
2137 2245
2137 2244
2137 2243
2136 2242
2136 2241
2136 2240
2136 2239
2136 2238
2136 2237
2136 2236
2136 2235
2135 2234
2135 2233
2135 2232
2134 2231
2134 2230
2134 2229
2134 2228
2134 2227
2134 2226
2134 2225
2134 2224
2134 2223
2134 2222
2134 2221
2134 2220
2134 2219
2134 2218
2134 2217
2134 2216
2134 2215
2134 2214
2134 2213
2134 2212
2134 2211
2134 2210
2134 2209
2134 2208
2134 2207
2134 2206
2134 2205
2134 2204
2134 2203
2134 2202
2133 2201
2133 2200
2133 2199
2132 2199
2131 2198
2131 2197
2131 2196
2131 2195
2130 2194
2130 2193
2130 2192
2130 2191
2130 2190
2130 2189
2130 2188
2130 2187
2130 2186
2130 2185
2130 2184
2130 2183
2130 2182
2130 2181
2130 2180
2130 2179
2130 2178
2130 2177
2129 2176
2129 2175
2129 2174
2129 2173
2128 2172
2128 2171
2128 2170
2128 2169
2128 2168
2128 2167
2128 2166
2128 2165
2128 2164
2128 2163
2128 2162
2128 2161
2128 2160
2128 2159
2128 2158
2128 2157
2128 2156
2128 2155
2128 2154
2128 2153
2128 2152
2128 2151
2127 2150
2127 2149
2127 2148
2127 2147
2126 2146
2126 2145
2126 2144
2126 2143
2126 2142
2126 2141
2126 2140
2126 2139
2125 2138
2125 2137
2124 2136
2124 2135
2123 2134
2123 2133
2122 2132
2121 2131
2121 2130
2121 2129
2120 2128
2120 2127
2120 2126
2120 2125
2120 2124
2120 2123
2120 2122
2120 2121
2120 2120
2120 2119
2120 2118
2120 2117
2119 2116
2119 2115
2119 2114
2119 2113
2118 2113
2117 2112
2117 2111
2116 2110
2115 2109
2114 2108
2114 2107
2113 2106
2113 2105
2112 2104
2112 2103
2112 2102
2112 2101
2112 2100
2112 2099
2112 2098
2112 2097
2112 2096
2112 2095
2112 2094
2112 2093
2112 2092
2112 2091
2112 2090
2112 2089
2111 2088
2111 2087
2110 2086
2110 2085
2109 2084
2109 2083
2108 2082
2108 2081
2107 2080
2107 2079
2106 2078
2106 2077
2105 2076
2104 2075
2104 2074
2103 2073
2103 2072
2102 2071
2102 2070
2101 2069
2100 2068
2100 2067
2099 2067
2098 2066
2098 2065
2097 2065
2096 2064
2095 2063
2094 2063
2093 2063
2092 2063
2091 2063
2090 2063
2089 2063
2088 2062
2087 2062
2086 2062
2085 2061
2084 2060
2084 2059
2083 2059
2082 2058
2081 2057
2080 2056
2079 2056
2078 2056
2077 2056
2076 2055
2076 2054
2075 2054
2074 2054
2073 2054
2072 2053
2072 2052
2071 2052
2070 2052
2069 2051
2068 2050
2067 2050
2066 2050
2065 2050
2064 2049
2063 2049
2062 2048
2061 2048
2060 2048
2059 2048
2058 2047
2057 2047
2056 2046
2055 2046
2054 2046
2053 2046
2052 2045
2052 2044
2051 2044
2050 2044
2049 2044
2048 2043
2047 2043
2046 2042
2045 2042
2044 2042
2043 2042
2042 2041
2041 2041
2040 2041
2039 2041
2038 2041
2037 2041
2036 2041
2035 2041
2034 2040
2033 2040
2032 2039
2031 2039
2030 2038
2029 2038
2028 2037
2027 2036
2026 2036
2025 2036
2024 2035
2024 2034
2023 2034
2022 2034
2021 2034
2020 2033
2019 2033
2018 2032
2017 2032
2016 2031
2015 2031
2014 2030
2013 2030
2012 2029
2011 2028
2010 2028
2009 2028
2008 2027
2008 2026
2007 2026
2006 2026
2005 2025
2004 2025
2003 2024
2002 2024
2001 2024
2000 2023
1999 2023
1998 2022
1997 2022
1996 2022
1995 2022
1994 2021
1993 2021
1992 2021
1991 2021
1990 2020
1989 2020
1988 2020
1987 2020
1986 2019
1985 2018
1984 2018
1983 2018
1982 2017
1981 2017
1980 2017
1979 2017
1978 2017
1977 2017
1976 2017
1975 2017
