217 964
216 965
215 965
214 965
213 965
212 966
211 966
210 966
209 966
208 966
207 966
206 966
205 966
204 967
203 967
202 967
201 967
200 968
199 968
198 968
197 968
196 969
195 969
194 969
193 969
192 970
191 970
190 971
189 971
188 971
187 971
186 972
185 972
184 972
183 972
182 973
181 973
180 973
179 973
178 974
177 974
176 975
175 975
174 975
173 976
172 977
171 977
170 978
169 978
168 979
167 979
166 980
165 980
164 981
163 982
162 982
161 983
160 983
159 984
158 984
157 985
156 985
155 985
154 986
153 986
152 987
151 987
150 988
149 989
148 990
147 990
146 991
146 992
145 993
144 993
143 994
143 995
142 996
141 996
140 997
139 997
138 998
137 999
136 1000
135 1000
135 1001
134 1002
133 1003
132 1004
132 1005
131 1006
131 1007
130 1008
129 1009
129 1010
128 1011
127 1012
126 1013
126 1014
125 1015
124 1015
124 1016
123 1017
122 1017
122 1018
121 1019
120 1020
119 1021
119 1022
118 1023
118 1024
117 1025
117 1026
117 1027
116 1028
116 1029
116 1030
116 1031
115 1032
115 1033
114 1034
114 1035
114 1036
114 1037
113 1038
113 1039
113 1040
113 1041
113 1042
113 1043
113 1044
113 1045
113 1046
113 1047
113 1048
113 1049
113 1050
113 1051
112 1052
112 1053
112 1054
112 1055
111 1056
111 1057
112 1058
112 1059
112 1060
112 1061
112 1062
112 1063
112 1064
112 1065
111 1066
111 1067
110 1068
110 1069
110 1070
110 1071
109 1072
108 1072
108 1073
108 1074
108 1075
107 1076
107 1077
107 1078
107 1079
108 1080
108 1081
108 1082
108 1083
109 1084
109 1085
109 1086
109 1087
109 1088
109 1089
109 1090
109 1091
109 1092
109 1093
110 1094
110 1095
110 1096
111 1097
111 1098
111 1099
111 1100
111 1101
111 1102
111 1103
111 1104
112 1105
112 1106
112 1107
113 1108
113 1109
113 1110
113 1111
113 1112
113 1113
113 1114
113 1115
113 1116
113 1117
113 1118
113 1119
113 1120
113 1121
113 1122
113 1123
113 1124
113 1125
113 1126
113 1127
113 1128
113 1129
113 1130
113 1131
113 1132
113 1133
114 1134
114 1135
114 1136
115 1137
116 1138
116 1139
117 1140
118 1141
118 1142
119 1142
120 1143
120 1144
121 1144
122 1145
122 1146
122 1147
123 1147
124 1148
125 1149
125 1150
126 1150
127 1150
128 1151
128 1152
129 1153
130 1153
131 1154
131 1155
132 1156
132 1157
133 1157
134 1158
135 1159
135 1160
136 1160
137 1161
138 1162
139 1163
140 1164
141 1165
142 1165
143 1166
144 1166
145 1167
146 1167
147 1168
148 1168
149 1169
150 1170
151 1171
152 1172
153 1173
153 1174
154 1174
155 1174
156 1174
157 1175
157 1176
158 1176
159 1176
160 1176
161 1177
162 1177
163 1178
164 1178
165 1179
166 1180
167 1180
168 1181
169 1182
170 1183
171 1183
172 1184
173 1184
174 1185
175 1185
176 1186
177 1186
178 1187
179 1187
180 1188
181 1188
182 1188
183 1189
184 1189
185 1190
186 1190
187 1190
188 1191
189 1192
190 1192
191 1192
192 1192
193 1193
193 1194
194 1194
195 1194
196 1195
197 1195
198 1196
199 1196
200 1196
201 1197
202 1197
203 1197
204 1197
205 1198
206 1198
207 1198
208 1198
209 1199
210 1199
211 1199
212 1199
213 1200
214 1200
215 1200
216 1200
217 1201
218 1201
219 1201
220 1201
221 1201
222 1201
223 1201
224 1201
225 1202
226 1202
227 1201
228 1201
229 1202
230 1202
231 1201
232 1201
233 1201
234 1201
235 1200
236 1200
237 1200
238 1199
239 1199
240 1198
241 1198
242 1197
243 1197
244 1196
245 1196
246 1196
247 1195
248 1195
249 1194
250 1194
251 1194
252 1194
252 1193
253 1192
254 1192
255 1192
256 1192
256 1191
257 1190
258 1190
259 1190
260 1190
261 1189
262 1188
263 1188
264 1188
265 1187
266 1187
267 1186
268 1186
269 1186
270 1186
271 1185
272 1184
273 1184
274 1183
275 1182
276 1182
277 1182
278 1182
279 1181
280 1180
281 1180
282 1180
283 1179
284 1178
285 1178
286 1178
287 1177
288 1176
289 1176
290 1175
291 1175
292 1174
293 1173
294 1173
295 1172
296 1172
297 1171
298 1171
299 1170
300 1170
301 1170
302 1169
303 1168
304 1168
304 1167
305 1166
306 1166
307 1166
308 1166
309 1165
310 1164
311 1164
312 1164
312 1163
313 1162
314 1162
315 1161
316 1161
317 1160
318 1160
318 1159
319 1158
320 1157
320 1156
320 1155
320 1154
320 1153
320 1152
321 1151
321 1150
321 1149
321 1148
322 1147
322 1146
322 1145
322 1144
322 1143
322 1142
322 1141
322 1140
322 1139
322 1138
322 1137
322 1136
322 1135
322 1134
322 1133
322 1132
322 1131
322 1130
322 1129
322 1128
322 1127
322 1126
322 1125
322 1124
321 1123
321 1122
321 1121
321 1120
320 1119
320 1118
320 1117
320 1116
320 1115
320 1114
320 1113
320 1112
320 1111
320 1110
320 1109
320 1108
320 1107
320 1106
320 1105
320 1104
320 1103
320 1102
320 1101
320 1100
320 1099
320 1098
320 1097
320 1096
320 1095
320 1094
320 1093
320 1092
320 1091
320 1090
320 1089
320 1088
320 1087
320 1086
320 1085
320 1084
320 1083
320 1082
320 1081
320 1080
320 1079
320 1078
320 1077
320 1076
320 1075
320 1074
320 1073
320 1072
320 1071
320 1070
320 1069
320 1068
320 1067
320 1066
320 1065
320 1064
320 1063
320 1062
320 1061
320 1060
319 1059
319 1058
319 1057
318 1056
318 1055
318 1054
318 1053
318 1052
318 1051
318 1050
318 1049
318 1048
318 1047
318 1046
317 1045
317 1044
317 1043
317 1042
316 1041
316 1040
316 1039
316 1038
316 1037
316 1036
316 1035
316 1034
316 1033
316 1032
316 1031
316 1030
316 1029
316 1028
316 1027
316 1026
316 1025
316 1024
316 1023
316 1022
316 1021
316 1020
316 1019
316 1018
316 1017
316 1016
316 1015
316 1014
316 1013
316 1012
316 1011
316 1010
316 1009
316 1008
316 1007
316 1006
316 1005
316 1004
316 1003
316 1002
316 1001
316 1000
316 999
316 998
315 997
315 996
314 995
314 994
313 993
312 993
311 992
310 991
309 991
308 991
307 990
306 989
305 989
304 989
303 989
302 988
301 988
300 987
299 987
298 987
297 987
296 986
295 986
294 986
293 986
292 986
291 986
290 986
289 986
288 986
287 986
286 985
285 985
284 985
283 984
282 984
281 983
280 983
279 982
278 981
277 981
276 981
275 981
274 980
273 979
272 979
271 978
270 978
269 977
268 977
267 976
266 976
265 975
264 975
263 974
262 974
261 973
260 973
259 973
258 972
257 972
256 971
255 971
254 970
253 970
252 969
251 969
250 968
249 968
248 967
247 967
246 967
245 967
244 966
243 966
242 965
241 965
240 965
239 964
238 964
237 964
236 964
235 964
234 964
233 964
232 964
231 964
230 964
229 964
228 964
227 964
226 964
225 964
224 964
223 964
222 964
221 964
220 964
219 964
218 964
217 964
