3212 3612
3211 3613
3210 3613
3209 3613
3208 3614
3207 3614
3206 3614
3205 3614
3204 3614
3203 3614
3202 3614
3201 3615
3200 3615
3199 3615
3198 3615
3197 3616
3196 3616
3195 3616
3194 3616
3193 3616
3192 3617
3191 3617
3190 3618
3189 3618
3188 3618
3187 3618
3186 3618
3185 3618
3184 3618
3183 3618
3182 3618
3181 3618
3180 3618
3179 3618
3178 3618
3177 3618
3176 3618
3175 3618
3174 3618
3173 3619
3172 3619
3171 3619
3170 3619
3169 3620
3168 3620
3167 3620
3166 3620
3165 3621
3164 3621
3163 3621
3162 3621
3161 3622
3160 3622
3159 3623
3158 3623
3157 3623
3156 3623
3155 3624
3154 3624
3153 3625
3152 3625
3151 3625
3150 3625
3149 3626
3148 3626
3147 3627
3146 3627
3145 3627
3144 3627
3143 3628
3142 3628
3141 3629
3140 3629
3139 3629
3138 3629
3137 3630
3136 3630
3135 3631
3134 3631
3133 3631
3132 3631
3131 3632
3130 3632
3129 3633
3128 3633
3127 3633
3126 3633
3125 3634
3124 3634
3123 3635
3122 3635
3121 3636
3120 3637
3119 3637
3118 3638
3117 3639
3116 3639
3115 3640
3114 3640
3113 3641
3112 3641
3111 3641
3110 3641
3110 3642
3109 3643
3108 3643
3107 3644
3106 3644
3105 3645
3104 3645
3103 3646
3102 3646
3101 3646
3100 3646
3099 3647
3098 3647
3097 3647
3096 3648
3095 3648
3094 3649
3093 3649
3092 3650
3091 3650
3090 3651
3089 3651
3088 3652
3087 3653
3086 3653
3085 3654
3084 3654
3083 3655
3082 3655
3081 3655
3080 3656
3079 3657
3078 3658
3077 3658
3076 3659
3075 3659
3074 3660
3073 3660
3072 3661
3071 3662
3070 3662
3069 3663
3068 3663
3068 3664
3067 3665
3066 3665
3065 3666
3064 3667
3063 3667
3063 3668
3062 3669
3061 3670
3060 3671
3059 3671
3058 3672
3057 3673
3056 3673
3056 3674
3055 3675
3054 3675
3053 3676
3052 3677
3051 3677
3050 3677
3049 3678
3048 3679
3047 3679
3046 3680
3045 3681
3044 3682
3043 3682
3042 3683
3041 3684
3040 3684
3039 3685
3039 3686
3038 3687
3037 3687
3036 3688
3035 3689
3035 3690
3034 3691
3033 3691
3032 3692
3031 3693
3031 3694
3030 3695
3029 3695
3028 3696
3027 3697
3027 3698
3026 3699
3025 3699
3024 3700
3023 3701
3023 3702
3022 3703
3021 3703
3020 3704
3019 3705
3019 3706
3018 3707
3017 3707
3016 3708
3015 3709
3015 3710
3014 3711
3013 3711
3012 3712
3011 3713
3011 3714
3010 3715
3009 3716
3008 3717
3008 3718
3007 3719
3006 3720
3005 3721
3005 3722
3004 3723
3003 3723
3003 3724
3002 3725
3001 3726
3000 3727
3000 3728
2999 3729
2999 3730
2998 3731
2997 3732
2997 3733
2996 3734
2996 3735
2995 3736
2994 3737
2993 3737
2993 3738
2992 3739
2991 3740
2990 3741
2989 3742
2989 3743
2989 3744
2989 3745
2988 3746
2988 3747
2987 3748
2987 3749
2986 3750
2986 3751
2985 3752
2985 3753
2984 3754
2984 3755
2983 3756
2983 3757
2982 3758
2981 3759
2981 3760
2980 3761
2979 3761
2979 3762
2978 3763
2978 3764
2977 3765
2977 3766
2976 3767
2976 3768
2975 3769
2974 3770
2974 3771
2973 3772
2973 3773
2972 3774
2972 3775
2972 3776
2971 3777
2971 3778
2971 3779
2970 3780
2970 3781
2969 3782
2969 3783
2969 3784
2969 3785
2968 3786
2967 3787
2967 3788
2967 3789
2966 3790
2966 3791
2966 3792
2966 3793
2965 3794
2965 3795
2965 3796
2965 3797
2964 3798
2964 3799
2964 3800
2964 3801
2964 3802
2964 3803
2964 3804
2964 3805
2963 3806
2963 3807
2963 3808
2962 3809
2961 3810
2961 3811
2960 3812
2960 3813
2959 3814
2959 3815
2958 3816
2957 3817
2957 3818
2956 3819
2955 3820
2955 3821
2954 3822
2954 3823
2953 3824
2953 3825
2953 3826
2952 3827
2952 3828
2952 3829
2952 3830
2952 3831
2952 3832
2952 3833
2951 3834
2951 3835
2951 3836
2950 3837
2950 3838
2949 3839
2949 3840
2948 3841
2948 3842
2948 3843
2948 3844
2948 3845
2948 3846
2948 3847
2948 3848
2948 3849
2947 3850
2947 3851
2947 3852
2947 3853
2946 3854
2946 3855
2946 3856
2946 3857
2946 3858
2946 3859
2946 3860
2946 3861
2946 3862
2946 3863
2946 3864
2946 3865
2946 3866
2946 3867
2946 3868
2946 3869
2946 3870
2946 3871
2946 3872
2946 3873
2946 3874
2946 3875
2946 3876
2946 3877
2946 3878
2946 3879
2946 3880
2946 3881
2946 3882
2946 3883
2946 3884
2946 3885
2946 3886
2946 3887
2946 3888
2946 3889
2946 3890
2946 3891
2946 3892
2946 3893
2946 3894
2946 3895
2946 3896
2947 3897
2947 3898
2947 3899
2948 3900
2948 3901
2948 3902
2948 3903
2948 3904
2948 3905
2949 3906
2949 3907
2949 3908
2949 3909
2950 3910
2950 3911
2950 3912
2950 3913
2950 3914
2950 3915
2950 3916
2950 3917
2950 3918
2950 3919
2951 3920
2951 3921
2951 3922
2951 3923
2952 3924
2952 3925
2952 3926
2952 3927
2952 3928
2952 3929
2952 3930
2952 3931
2952 3932
2952 3933
2952 3934
2952 3935
2952 3936
2952 3937
2952 3938
2952 3939
2952 3940
2952 3941
2952 3942
2952 3943
2952 3944
2953 3945
2953 3946
2954 3947
2954 3948
2954 3949
2954 3950
2954 3951
2954 3952
2954 3953
2955 3954
2955 3955
2955 3956
2955 3957
2956 3958
2956 3959
2956 3960
2956 3961
2957 3962
2957 3963
2957 3964
2957 3965
2958 3966
2959 3967
2959 3968
2960 3969
2961 3970
2962 3971
2962 3972
2962 3973
2962 3974
2962 3975
2962 3976
2962 3977
2962 3978
2962 3979
2962 3980
2962 3981
2962 3982
2962 3983
2962 3984
2962 3985
2963 3986
2963 3987
2963 3988
2963 3989
2964 3990
2964 3991
2964 3992
2964 3993
2965 3994
2965 3995
2965 3996
2965 3997
2966 3998
2967 3999
2967 4000
2968 4000
2969 4001
2969 4002
2970 4002
2971 4003
2971 4004
2972 4005
2973 4006
2974 4006
2975 4007
2975 4008
2976 4008
2977 4009
2977 4010
2978 4011
2979 4012
2979 4013
2980 4014
2981 4015
2982 4016
2982 4017
2983 4018
2984 4019
2985 4019
2986 4020
2987 4021
2988 4022
2988 4023
2989 4024
2990 4025
2990 4026
2991 4027
2991 4028
2992 4029
2993 4030
2994 4031
2994 4032
2995 4033
2996 4034
2997 4035
2998 4036
2998 4037
2999 4038
2999 4039
3000 4040
3001 4041
3002 4042
3003 4043
3003 4044
3004 4045
3005 4046
3006 4046
3007 4047
3007 4048
3008 4049
3009 4050
3010 4051
3010 4052
3011 4053
3011 4054
3012 4055
3012 4056
3013 4057
3014 4058
3014 4059
3015 4060
3016 4061
3017 4062
3018 4063
3019 4064
3020 4065
3020 4066
3021 4067
3021 4068
3022 4069
3023 4070
3023 4071
3024 4071
3025 4072
3025 4073
3026 4074
3026 4075
3027 4076
3027 4077
3028 4078
3029 4079
3030 4080
3030 4081
3031 4082
3032 4083
3033 4083
3034 4084
3035 4085
3036 4086
3037 4086
3038 4087
3039 4088
3040 4088
3041 4089
3041 4090
3042 4090
3043 4091
3043 4092
3044 4093
3045 4094
3046 4094
3047 4095
3048 4096
3049 4096
3050 4097
3051 4097
3052 4098
3053 4098
3054 4099
3055 4100
3056 4100
3057 4101
3058 4101
3059 4102
3060 4103
3061 4103
3062 4104
3063 4105
3064 4105
3065 4106
3066 4107
3067 4107
3068 4108
3069 4108
3070 4109
3071 4109
3072 4110
3073 4110
3074 4110
3075 4111
3076 4112
3077 4112
3078 4113
3079 4114
3080 4114
3081 4115
3082 4115
3083 4116
3084 4117
3085 4117
3086 4118
3087 4119
3088 4120
3089 4120
3090 4121
3090 4122
3091 4122
3092 4122
3093 4122
3094 4123
3095 4124
3096 4124
3097 4125
3098 4126
3099 4126
3100 4127
3101 4127
3102 4128
3103 4128
3104 4128
3105 4129
3106 4130
3107 4130
3108 4131
3109 4131
3110 4132
3111 4133
3112 4134
3113 4135
3114 4135
3115 4136
3116 4136
3117 4136
3118 4137
3119 4137
3120 4137
3121 4137
3122 4138
3123 4138
3124 4138
3125 4138
3126 4139
3127 4139
3128 4139
3129 4140
3130 4140
3131 4141
3132 4142
3133 4142
3134 4142
3135 4142
3136 4143
3137 4143
3138 4143
3139 4143
3140 4144
3141 4144
3142 4144
3143 4144
3144 4145
3145 4145
3146 4145
3147 4145
3148 4145
3149 4145
3150 4146
3151 4146
3152 4147
3153 4147
3154 4148
3155 4148
3156 4148
3157 4148
3158 4149
3159 4149
3160 4149
3161 4149
3162 4149
3163 4149
3164 4149
3165 4149
3166 4149
3167 4149
3168 4149
3169 4149
3170 4149
3171 4149
3172 4150
3173 4150
3174 4150
3175 4150
3176 4151
3177 4151
3178 4151
3179 4151
3180 4151
3181 4151
3182 4151
3183 4151
3184 4151
3185 4151
3186 4151
3187 4151
3188 4151
3189 4151
3190 4151
3191 4151
3192 4151
3193 4151
3194 4151
3195 4151
3196 4151
3197 4151
3198 4151
3199 4151
3200 4151
3201 4151
3202 4151
3203 4151
3204 4152
3205 4152
3206 4153
3207 4154
3208 4154
3209 4154
3210 4155
3211 4155
3212 4155
3213 4155
3214 4155
3215 4155
3216 4155
3217 4155
3218 4155
3219 4155
3220 4155
3221 4155
3222 4155
3223 4155
3224 4155
3225 4155
3226 4155
3227 4155
3228 4155
3229 4155
3230 4155
3231 4155
3232 4155
3233 4155
3234 4155
3235 4155
3236 4155
3237 4155
3238 4154
3239 4154
3240 4154
3241 4153
3242 4152
3243 4151
3244 4151
3245 4151
3246 4151
3247 4151
3248 4151
3249 4151
3250 4151
3251 4151
3252 4151
3253 4151
3254 4151
3255 4151
3256 4151
3257 4151
3258 4150
3259 4150
3260 4150
3261 4150
3262 4149
3263 4149
3264 4149
3265 4149
3266 4149
3267 4149
3268 4149
3269 4149
3270 4149
3271 4149
3272 4149
3273 4149
3274 4149
3275 4149
3276 4149
3277 4149
3278 4148
3279 4148
3280 4148
3281 4148
3282 4147
3283 4147
3284 4146
3285 4146
3286 4146
3287 4146
3287 4145
3288 4144
3289 4144
3290 4144
3291 4143
3292 4143
3293 4143
3294 4143
3295 4143
3296 4143
3297 4143
3298 4142
3299 4142
3300 4142
3301 4142
3302 4141
3303 4141
3304 4141
3305 4140
3306 4140
3307 4139
3308 4138
3309 4138
3310 4137
3311 4136
3312 4136
3313 4136
3314 4135
3315 4135
3316 4135
3317 4135
3318 4134
3319 4134
3320 4134
3321 4134
3322 4133
3323 4133
3324 4133
3325 4133
3326 4133
3327 4133
3328 4133
3329 4132
3330 4132
3331 4132
3332 4131
3333 4131
3334 4130
3335 4130
3336 4129
3337 4129
3338 4128
3339 4128
3340 4127
3341 4127
3342 4127
3343 4126
3344 4125
3345 4125
3346 4124
3347 4123
3348 4123
3349 4122
3350 4122
3351 4122
3352 4121
3353 4121
3354 4120
3355 4120
3356 4120
3357 4119
3358 4119
3359 4118
3360 4118
3360 4117
3361 4116
3362 4116
3363 4115
3364 4114
3365 4113
3366 4113
3367 4112
3368 4111
3369 4111
3370 4110
3371 4110
3372 4109
3373 4109
3374 4108
3375 4108
3376 4108
3376 4107
3377 4106
3378 4106
3379 4105
3380 4105
3381 4104
3382 4104
3383 4103
3384 4103
3385 4102
3386 4101
3387 4101
3388 4100
3389 4099
3390 4099
3391 4098
3392 4098
3392 4097
3393 4096
3394 4096
3394 4095
3395 4094
3396 4094
3397 4093
3398 4092
3398 4091
3399 4090
3400 4090
3400 4089
3401 4088
3402 4088
3402 4087
3403 4086
3404 4086
3405 4085
3406 4084
3406 4083
3407 4082
3408 4082
3409 4081
3410 4080
3411 4079
3412 4078
3413 4078
3414 4077
3415 4076
3416 4075
3417 4074
3417 4073
3417 4072
3418 4071
3418 4070
3419 4069
3420 4068
3420 4067
3421 4066
3422 4066
3422 4065
3423 4064
3424 4064
3425 4063
3425 4062
3426 4061
3427 4060
3427 4059
3428 4058
3429 4057
3429 4056
3430 4055
3431 4054
3431 4053
3432 4052
3433 4051
3434 4050
3434 4049
3435 4048
3436 4047
3437 4046
3438 4045
3438 4044
3439 4043
3439 4042
3440 4041
3441 4040
3441 4039
3442 4038
3443 4037
3444 4036
3444 4035
3444 4034
3445 4033
3445 4032
3446 4031
3446 4030
3447 4029
3447 4028
3448 4027
3449 4026
3449 4025
3450 4024
3451 4023
3451 4022
3452 4021
3452 4020
3453 4019
3453 4018
3453 4017
3454 4016
3454 4015
3455 4014
3456 4013
3457 4012
3457 4011
3458 4010
3458 4009
3458 4008
3459 4007
3460 4007
3460 4006
3461 4005
3462 4004
3462 4003
3462 4002
3463 4001
3463 4000
3464 3999
3464 3998
3464 3997
3465 3996
3465 3995
3466 3994
3466 3993
3467 3992
3468 3991
3468 3990
3468 3989
3468 3988
3469 3987
3470 3987
3470 3986
3470 3985
3471 3984
3471 3983
3472 3982
3472 3981
3472 3980
3473 3979
3473 3978
3474 3977
3474 3976
3474 3975
3474 3974
3475 3973
3475 3972
3476 3971
3476 3970
3476 3969
3477 3968
3477 3967
3478 3966
3478 3965
3478 3964
3479 3963
3479 3962
3479 3961
3479 3960
3480 3959
3480 3958
3480 3957
3480 3956
3481 3955
3481 3954
3481 3953
3481 3952
3481 3951
3481 3950
3482 3949
3482 3948
3483 3947
3484 3946
3484 3945
3485 3944
3486 3943
3486 3942
3487 3941
3487 3940
3487 3939
3487 3938
3487 3937
3487 3936
3487 3935
3487 3934
3488 3933
3488 3932
3488 3931
3488 3930
3489 3929
3489 3928
3489 3927
3489 3926
3489 3925
3489 3924
3490 3923
3490 3922
3490 3921
3490 3920
3491 3919
3491 3918
3491 3917
3491 3916
3491 3915
3492 3914
3492 3913
3493 3912
3493 3911
3493 3910
3493 3909
3493 3908
3493 3907
3493 3906
3493 3905
3493 3904
3493 3903
3493 3902
3493 3901
3493 3900
3494 3899
3494 3898
3494 3897
3495 3896
3495 3895
3495 3894
3495 3893
3495 3892
3495 3891
3495 3890
3495 3889
3495 3888
3495 3887
3495 3886
3495 3885
3495 3884
3494 3883
3494 3882
3494 3881
3494 3880
3493 3879
3493 3878
3493 3877
3493 3876
3493 3875
3493 3874
3493 3873
3493 3872
3493 3871
3493 3870
3493 3869
3493 3868
3493 3867
3493 3866
3493 3865
3493 3864
3492 3863
3492 3862
3492 3861
3492 3860
3491 3859
3491 3858
3491 3857
3491 3856
3492 3855
3493 3854
3493 3853
3494 3852
3494 3851
3494 3850
3494 3849
3494 3848
3493 3847
3493 3846
3493 3845
3493 3844
3493 3843
3493 3842
3493 3841
3493 3840
3492 3839
3492 3838
3492 3837
3492 3836
3491 3835
3491 3834
3491 3833
3491 3832
3491 3831
3491 3830
3490 3829
3490 3828
3490 3827
3490 3826
3489 3825
3489 3824
3489 3823
3489 3822
3489 3821
3489 3820
3489 3819
3488 3818
3488 3817
3487 3816
3487 3815
3487 3814
3487 3813
3487 3812
3487 3811
3487 3810
3487 3809
3487 3808
3486 3807
3486 3806
3486 3805
3486 3804
3485 3803
3485 3802
3485 3801
3484 3800
3484 3799
3484 3798
3483 3797
3483 3796
3482 3795
3482 3794
3482 3793
3481 3792
3481 3791
3480 3790
3480 3789
3479 3788
3479 3787
3478 3786
3478 3785
3478 3784
3477 3783
3476 3782
3476 3781
3476 3780
3475 3779
3474 3778
3474 3777
3474 3776
3473 3775
3473 3774
3472 3773
3472 3772
3471 3771
3470 3770
3470 3769
3469 3768
3469 3767
3468 3766
3468 3765
3468 3764
3467 3764
3466 3763
3466 3762
3466 3761
3465 3760
3464 3759
3464 3758
3463 3757
3463 3756
3463 3755
3462 3754
3461 3753
3461 3752
3460 3751
3460 3750
3459 3749
3459 3748
3458 3747
3458 3746
3458 3745
3457 3744
3456 3743
3455 3742
3455 3741
3454 3740
3453 3739
3452 3738
3452 3737
3451 3737
3450 3736
3450 3735
3449 3734
3449 3733
3448 3732
3448 3731
3447 3730
3447 3729
3446 3728
3445 3727
3444 3726
3443 3725
3443 3724
3442 3723
3442 3722
3441 3721
3440 3720
3439 3719
3438 3718
3437 3717
3436 3716
3435 3715
3434 3714
3434 3713
3434 3712
3433 3711
3433 3710
3432 3709
3432 3708
3431 3707
3430 3706
3430 3705
3429 3704
3428 3703
3427 3703
3426 3702
3426 3701
3425 3700
3424 3699
3423 3699
3422 3698
3422 3697
3421 3696
3420 3695
3419 3695
3418 3694
3418 3693
3417 3692
3416 3691
3415 3691
3414 3690
3414 3689
3413 3688
3412 3687
3411 3687
3410 3686
3410 3685
3409 3684
3408 3683
3407 3683
3406 3682
3406 3681
3405 3680
3404 3679
3403 3678
3402 3678
3401 3677
3400 3676
3399 3676
3398 3675
3397 3674
3396 3673
3395 3672
3394 3671
3393 3670
3392 3669
3391 3669
3390 3668
3389 3667
3388 3666
3387 3666
3386 3665
3385 3664
3384 3663
3384 3662
3383 3662
3382 3661
3381 3660
3380 3659
3379 3659
3378 3659
3377 3658
3377 3657
3376 3657
3375 3656
3374 3656
3373 3655
3372 3655
3371 3654
3370 3654
3369 3653
3368 3653
3367 3652
3366 3651
3365 3651
3364 3650
3363 3649
3362 3648
3361 3648
3360 3648
3359 3647
3358 3647
3357 3646
3356 3646
3355 3645
3354 3645
3353 3644
3353 3643
3352 3643
3351 3643
3350 3642
3349 3641
3348 3641
3347 3640
3346 3639
3345 3639
3344 3639
3343 3638
3342 3638
3341 3637
3340 3637
3339 3637
3338 3636
3337 3635
3336 3635
3335 3635
3334 3634
3333 3633
3332 3633
3331 3632
3330 3632
3329 3632
3328 3632
3327 3631
3326 3631
3325 3631
3324 3630
3323 3630
3322 3629
3321 3629
3320 3628
3319 3628
3318 3627
3317 3626
3316 3626
3315 3625
3314 3624
3313 3624
3312 3624
3311 3624
3310 3624
3309 3623
3308 3623
3307 3623
3306 3623
3305 3622
3304 3622
3303 3622
3302 3622
3301 3621
3300 3621
3299 3621
3298 3621
3297 3620
3296 3620
3295 3620
3294 3620
3293 3620
3292 3620
3291 3620
3290 3620
3289 3619
3288 3619
3287 3619
3286 3619
3285 3618
3284 3618
3283 3618
3282 3618
3281 3618
3280 3618
3279 3617
3278 3617
3277 3617
3276 3617
3275 3616
3274 3616
3273 3616
3272 3616
3271 3616
3270 3616
3269 3615
3268 3615
3267 3615
3266 3615
3265 3614
3264 3614
3263 3614
3262 3614
3261 3614
3260 3614
3259 3614
3258 3614
3257 3614
3256 3614
3255 3613
3254 3613
3253 3613
3252 3613
3251 3612
3250 3612
3249 3612
3248 3612
3247 3612
3246 3612
3245 3612
3244 3612
3243 3612
3242 3612
3241 3612
3240 3612
3239 3612
3238 3612
3237 3612
3236 3612
3235 3612
3234 3612
3233 3612
3232 3612
3231 3612
3230 3612
3229 3612
3228 3612
3227 3612
3226 3612
3225 3612
3224 3612
3223 3612
3222 3612
3221 3612
3220 3612
3219 3612
3218 3612
3217 3612
3216 3612
3215 3612
3214 3612
3213 3612
3212 3612
