365 4650
364 4651
363 4651
362 4651
361 4651
361 4652
360 4653
359 4653
358 4653
357 4653
356 4654
355 4655
354 4655
354 4656
353 4657
352 4657
351 4658
350 4658
349 4659
348 4660
347 4661
346 4662
345 4662
344 4663
343 4664
342 4664
341 4665
340 4666
339 4666
338 4667
337 4668
336 4669
335 4669
335 4670
334 4671
333 4671
332 4671
331 4672
330 4672
329 4673
328 4673
327 4673
326 4674
325 4675
324 4676
323 4676
323 4677
322 4678
321 4679
320 4679
319 4680
319 4681
318 4682
317 4683
316 4683
315 4684
314 4685
313 4686
312 4687
311 4687
310 4688
309 4689
308 4690
307 4690
306 4691
305 4692
304 4693
303 4693
302 4694
301 4695
300 4696
299 4696
298 4697
298 4698
297 4699
296 4699
295 4700
294 4701
293 4702
292 4702
291 4703
290 4703
290 4704
289 4705
288 4705
288 4706
287 4707
286 4707
286 4708
285 4709
284 4709
284 4710
283 4711
282 4711
282 4712
281 4713
280 4714
279 4715
278 4716
278 4717
277 4718
276 4719
275 4720
274 4721
274 4722
273 4723
272 4723
271 4724
271 4725
270 4726
269 4727
268 4727
267 4728
266 4729
266 4730
265 4731
264 4732
263 4732
263 4733
262 4734
261 4734
260 4735
259 4735
258 4736
257 4737
256 4737
255 4737
255 4738
254 4739
253 4739
252 4740
251 4740
250 4741
249 4741
249 4742
248 4743
247 4743
246 4743
245 4743
244 4744
243 4744
242 4745
241 4745
240 4745
240 4746
239 4747
238 4747
237 4747
236 4748
235 4749
234 4749
233 4749
232 4750
231 4751
230 4751
229 4752
228 4753
227 4753
226 4754
225 4755
224 4755
223 4756
222 4757
221 4757
221 4758
220 4759
219 4759
218 4759
217 4759
217 4760
216 4761
215 4761
214 4762
213 4762
213 4763
212 4764
211 4764
210 4765
209 4765
208 4766
207 4767
206 4768
205 4768
204 4769
203 4770
202 4771
202 4772
201 4773
200 4773
200 4774
200 4775
199 4776
199 4777
199 4778
199 4779
198 4780
198 4781
198 4782
197 4783
197 4784
196 4785
196 4786
195 4787
194 4788
194 4789
194 4790
193 4791
193 4792
192 4793
192 4794
191 4795
191 4796
190 4797
190 4798
190 4799
189 4800
189 4801
189 4802
189 4803
188 4804
188 4805
188 4806
188 4807
187 4808
187 4809
187 4810
187 4811
187 4812
187 4813
186 4814
186 4815
186 4816
186 4817
185 4818
185 4819
185 4820
185 4821
185 4822
185 4823
185 4824
185 4825
185 4826
185 4827
186 4828
186 4829
186 4830
186 4831
187 4832
187 4833
187 4834
187 4835
187 4836
187 4837
188 4838
188 4839
188 4840
188 4841
189 4842
189 4843
189 4844
189 4845
189 4846
189 4847
189 4848
189 4849
189 4850
189 4851
190 4852
190 4853
190 4854
190 4855
191 4856
191 4857
191 4858
191 4859
191 4860
191 4861
192 4862
192 4863
192 4864
193 4865
193 4866
194 4867
194 4868
194 4869
195 4870
195 4871
195 4872
196 4873
196 4874
196 4875
197 4875
198 4876
198 4877
199 4878
199 4879
200 4880
201 4881
201 4882
201 4883
202 4884
202 4885
203 4886
203 4887
204 4888
204 4889
205 4889
206 4890
206 4891
206 4892
206 4893
207 4894
207 4895
208 4896
208 4897
208 4898
208 4899
209 4900
209 4901
209 4902
209 4903
209 4904
209 4905
209 4906
209 4907
209 4908
209 4909
209 4910
209 4911
209 4912
209 4913
209 4914
209 4915
210 4916
210 4917
210 4918
210 4919
211 4920
211 4921
211 4922
211 4923
211 4924
211 4925
211 4926
211 4927
211 4928
211 4929
211 4930
211 4931
211 4932
211 4933
211 4934
211 4935
211 4936
211 4937
211 4938
211 4939
211 4940
211 4941
211 4942
211 4943
211 4944
211 4945
210 4946
210 4947
210 4948
210 4949
209 4950
209 4951
209 4952
209 4953
209 4954
209 4955
208 4956
208 4957
208 4958
208 4959
207 4960
207 4961
207 4962
207 4963
207 4964
207 4965
207 4966
207 4967
207 4968
207 4969
206 4970
206 4971
206 4972
206 4973
205 4974
205 4975
205 4976
205 4977
205 4978
205 4979
205 4980
205 4981
205 4982
205 4983
205 4984
205 4985
205 4986
205 4987
205 4988
205 4989
205 4990
205 4991
205 4992
205 4993
205 4994
205 4995
205 4996
205 4997
205 4998
205 4999
205 5000
205 5001
205 5002
205 5003
205 5004
205 5005
205 5006
205 5007
205 5008
205 5009
206 5010
206 5011
206 5012
206 5013
207 5014
207 5015
207 5016
207 5017
207 5018
207 5019
207 5020
207 5021
208 5022
208 5023
208 5024
208 5025
209 5026
209 5027
209 5028
209 5029
210 5030
210 5031
210 5032
210 5033
211 5033
212 5034
212 5035
212 5036
212 5037
213 5038
213 5039
214 5040
214 5041
214 5042
214 5043
215 5044
216 5045
216 5046
217 5047
217 5048
218 5049
218 5050
218 5051
219 5052
219 5053
220 5054
220 5055
220 5056
221 5057
221 5058
221 5059
222 5060
222 5061
222 5062
222 5063
223 5064
223 5065
224 5066
224 5067
224 5068
224 5069
225 5070
225 5071
225 5072
226 5073
226 5074
226 5075
227 5076
227 5077
227 5078
227 5079
227 5080
227 5081
227 5082
227 5083
227 5084
227 5085
227 5086
227 5087
227 5088
227 5089
227 5090
227 5091
227 5092
227 5093
227 5094
227 5095
227 5096
227 5097
227 5098
227 5099
227 5100
227 5101
226 5102
226 5103
226 5104
226 5105
225 5106
225 5107
225 5108
225 5109
225 5110
225 5111
225 5112
225 5113
224 5114
224 5115
224 5116
224 5117
223 5118
223 5119
223 5120
222 5121
222 5122
222 5123
221 5124
221 5125
220 5126
220 5127
220 5128
219 5129
218 5129
218 5130
217 5131
217 5132
217 5133
216 5134
216 5135
215 5136
214 5137
214 5138
213 5139
212 5140
212 5141
211 5142
211 5143
211 5144
211 5145
210 5146
210 5147
210 5148
210 5149
209 5150
209 5151
209 5152
209 5153
208 5154
208 5155
208 5156
208 5157
207 5158
207 5159
207 5160
207 5161
206 5162
206 5163
206 5164
206 5165
205 5166
205 5167
205 5168
204 5169
203 5170
202 5171
201 5171
201 5172
200 5173
199 5173
198 5174
197 5174
196 5175
195 5176
194 5177
193 5177
193 5178
192 5179
191 5179
190 5179
189 5179
188 5180
187 5180
186 5181
185 5181
184 5181
183 5182
182 5182
181 5183
180 5183
179 5183
178 5184
177 5184
176 5185
175 5185
174 5186
173 5187
172 5188
171 5188
171 5189
170 5190
169 5190
168 5191
167 5192
166 5192
165 5193
164 5194
163 5194
162 5195
161 5196
160 5197
159 5198
158 5199
157 5200
156 5201
156 5202
156 5203
155 5204
155 5205
154 5206
154 5207
153 5208
152 5209
152 5210
151 5211
150 5212
150 5213
150 5214
149 5215
149 5216
148 5217
147 5218
147 5219
146 5220
145 5220
145 5221
144 5222
143 5222
143 5223
142 5224
141 5225
141 5226
140 5227
139 5228
139 5229
138 5230
137 5231
136 5231
135 5232
134 5233
134 5234
133 5235
132 5235
131 5236
131 5237
130 5238
129 5239
128 5239
127 5240
126 5241
125 5242
124 5243
123 5243
122 5244
121 5245
120 5245
119 5245
118 5246
117 5247
116 5247
115 5247
114 5248
113 5249
112 5249
111 5250
110 5251
109 5251
108 5251
107 5251
106 5252
105 5252
104 5253
103 5253
102 5253
101 5253
100 5254
99 5254
98 5255
97 5255
96 5255
95 5255
94 5256
93 5256
92 5256
91 5256
90 5257
89 5257
88 5257
87 5257
86 5258
85 5258
84 5259
83 5259
82 5260
82 5261
82 5262
82 5263
83 5264
83 5265
84 5266
85 5266
86 5267
87 5268
87 5269
88 5270
89 5270
90 5271
90 5272
91 5273
92 5274
93 5274
94 5275
95 5276
95 5277
96 5278
97 5278
98 5279
98 5280
99 5281
100 5282
101 5282
102 5283
103 5284
103 5285
104 5286
105 5286
106 5287
106 5288
107 5289
108 5290
109 5290
110 5291
111 5292
111 5293
112 5294
113 5294
114 5295
115 5296
116 5297
117 5297
118 5298
119 5299
120 5300
121 5300
122 5301
123 5302
124 5302
125 5303
126 5304
127 5305
128 5305
129 5306
130 5307
131 5307
132 5308
133 5309
134 5309
135 5310
136 5310
137 5311
137 5312
138 5312
139 5313
140 5314
141 5315
142 5315
143 5316
144 5316
145 5317
145 5318
146 5318
147 5319
148 5320
149 5321
150 5321
151 5322
152 5323
153 5324
154 5324
155 5324
156 5325
157 5326
158 5326
159 5326
160 5327
160 5328
161 5328
162 5328
163 5329
164 5329
165 5329
166 5329
167 5329
168 5329
169 5329
170 5329
171 5329
172 5329
173 5328
174 5328
175 5328
176 5328
177 5327
178 5327
179 5327
180 5327
181 5327
182 5327
183 5328
184 5328
185 5328
186 5328
187 5329
188 5329
189 5329
190 5329
191 5330
192 5330
193 5330
194 5330
195 5331
196 5331
197 5332
198 5332
199 5332
200 5332
201 5333
202 5333
203 5333
204 5333
205 5334
206 5334
207 5334
208 5334
209 5335
210 5335
211 5336
212 5336
213 5336
214 5336
215 5337
216 5337
217 5338
218 5338
219 5338
220 5338
221 5339
222 5339
223 5339
224 5339
225 5339
226 5339
227 5340
228 5340
229 5340
230 5340
231 5341
232 5341
233 5342
234 5342
235 5342
236 5342
237 5343
238 5343
239 5343
240 5343
241 5344
242 5344
243 5344
244 5344
245 5345
246 5345
247 5346
248 5346
249 5346
250 5346
251 5347
252 5347
253 5347
254 5347
255 5347
256 5347
257 5348
258 5348
259 5348
260 5349
261 5350
262 5350
263 5350
264 5350
265 5351
266 5351
267 5352
268 5352
269 5352
270 5352
271 5353
272 5353
273 5354
274 5354
275 5355
276 5355
277 5356
278 5357
279 5357
280 5358
281 5358
282 5359
283 5360
284 5360
285 5361
286 5362
287 5363
288 5363
289 5364
290 5365
291 5366
292 5366
293 5366
294 5367
295 5367
296 5368
297 5368
298 5369
299 5370
300 5370
301 5370
302 5370
303 5371
304 5371
305 5372
306 5372
307 5372
308 5372
309 5373
310 5373
311 5374
312 5374
313 5374
314 5375
315 5375
316 5376
317 5376
318 5376
319 5377
320 5377
321 5377
322 5377
323 5377
324 5378
325 5379
326 5379
327 5380
328 5381
329 5382
330 5382
331 5382
332 5382
333 5383
334 5383
335 5384
336 5384
337 5384
338 5384
339 5385
340 5385
341 5385
342 5385
343 5385
344 5385
345 5386
346 5386
347 5386
348 5386
349 5387
350 5387
351 5388
352 5388
353 5388
354 5388
355 5389
356 5389
357 5390
358 5390
359 5390
360 5390
361 5391
361 5392
362 5392
363 5392
364 5393
365 5394
366 5394
367 5394
368 5395
368 5396
369 5397
370 5398
371 5399
371 5400
372 5401
372 5402
373 5402
374 5403
375 5404
375 5405
376 5406
377 5407
377 5408
378 5409
379 5410
379 5411
380 5412
381 5413
382 5414
383 5415
383 5416
384 5417
385 5418
385 5419
386 5420
387 5421
387 5422
388 5423
388 5424
388 5425
389 5425
390 5426
390 5427
390 5428
390 5429
391 5430
391 5431
392 5432
392 5433
392 5434
393 5435
393 5436
394 5437
394 5438
394 5439
395 5440
395 5441
396 5442
396 5443
396 5444
396 5445
397 5445
398 5446
398 5447
398 5448
398 5449
399 5450
399 5451
399 5452
399 5453
399 5454
400 5455
400 5456
401 5457
401 5458
401 5459
402 5460
402 5461
402 5462
402 5463
403 5464
404 5465
404 5466
404 5467
405 5468
405 5469
406 5470
406 5471
406 5472
407 5473
408 5474
409 5475
409 5476
410 5477
411 5478
411 5479
412 5479
413 5480
413 5481
414 5482
415 5483
416 5484
417 5485
418 5485
419 5486
419 5487
420 5488
421 5489
421 5490
422 5491
422 5492
422 5493
423 5494
424 5495
424 5496
424 5497
425 5498
425 5499
425 5500
425 5501
426 5502
426 5503
426 5504
427 5505
427 5506
427 5507
427 5508
427 5509
427 5510
427 5511
427 5512
427 5513
427 5514
427 5515
427 5516
427 5517
426 5518
426 5519
426 5520
426 5521
425 5522
425 5523
425 5524
425 5525
424 5526
424 5527
424 5528
423 5529
423 5530
423 5531
423 5532
423 5533
423 5534
423 5535
423 5536
423 5537
423 5538
423 5539
423 5540
423 5541
424 5542
424 5543
424 5544
425 5545
425 5546
426 5547
426 5548
426 5549
427 5550
427 5551
427 5552
428 5553
428 5554
429 5555
430 5555
431 5556
431 5557
432 5558
433 5559
434 5560
434 5561
435 5562
436 5563
436 5564
437 5564
438 5565
439 5566
440 5566
441 5567
441 5568
442 5568
443 5569
444 5569
445 5570
446 5571
447 5571
448 5572
449 5572
450 5573
451 5574
452 5574
453 5574
454 5574
455 5575
456 5575
457 5576
458 5576
459 5576
460 5576
461 5577
462 5577
463 5577
464 5577
465 5577
466 5577
467 5577
468 5577
469 5577
470 5577
471 5577
472 5577
473 5576
474 5576
475 5576
476 5576
477 5575
478 5575
479 5575
480 5575
481 5574
482 5574
483 5574
484 5574
485 5573
486 5572
487 5572
488 5572
489 5571
490 5570
491 5570
492 5569
493 5568
494 5568
495 5567
496 5567
497 5566
498 5565
499 5565
500 5564
501 5563
502 5563
502 5562
503 5561
504 5561
505 5560
506 5560
506 5559
507 5558
508 5558
509 5557
510 5557
511 5556
512 5556
513 5555
514 5554
515 5553
516 5553
517 5552
518 5551
519 5550
520 5550
521 5549
522 5548
523 5547
524 5547
525 5546
526 5545
527 5544
528 5543
529 5542
530 5541
531 5541
532 5540
533 5540
534 5539
535 5539
536 5538
537 5537
538 5537
539 5536
540 5536
540 5535
541 5534
542 5534
543 5534
544 5533
545 5532
546 5532
547 5531
548 5531
549 5530
550 5530
551 5529
552 5528
553 5528
553 5527
554 5526
555 5525
556 5525
556 5524
557 5523
558 5523
559 5522
559 5521
560 5520
561 5520
561 5519
562 5518
563 5518
563 5517
564 5516
565 5516
565 5515
566 5514
567 5514
567 5513
568 5512
569 5512
570 5511
571 5510
572 5509
573 5509
574 5508
575 5508
576 5507
577 5506
578 5506
579 5505
580 5504
581 5503
582 5503
583 5502
584 5502
584 5501
585 5500
586 5500
587 5500
588 5499
589 5498
590 5498
591 5498
592 5498
593 5497
594 5497
595 5496
596 5496
597 5495
598 5495
599 5494
600 5494
600 5493
601 5492
602 5492
603 5491
604 5491
605 5490
606 5490
607 5489
608 5488
609 5488
609 5487
610 5486
611 5485
612 5485
612 5484
613 5483
614 5483
615 5482
615 5481
616 5480
617 5480
617 5479
618 5478
619 5478
620 5477
620 5476
621 5475
622 5474
622 5473
623 5472
623 5471
623 5470
624 5469
624 5468
625 5467
625 5466
625 5465
625 5464
626 5463
626 5462
626 5461
626 5460
627 5459
627 5458
627 5457
628 5456
628 5455
629 5454
629 5453
629 5452
630 5451
630 5450
630 5449
630 5448
631 5447
631 5446
631 5445
631 5444
632 5443
632 5442
632 5441
632 5440
633 5439
633 5438
633 5437
633 5436
634 5435
634 5434
634 5433
634 5432
635 5431
635 5430
635 5429
635 5428
636 5427
637 5427
637 5426
638 5425
639 5424
639 5423
640 5422
641 5422
642 5421
642 5420
643 5419
644 5418
645 5418
646 5417
646 5416
647 5415
648 5414
648 5413
649 5412
650 5411
650 5410
651 5409
652 5409
652 5408
653 5407
654 5406
655 5405
655 5404
655 5403
656 5402
656 5401
657 5400
657 5399
658 5398
658 5397
658 5396
658 5395
658 5394
659 5393
659 5392
659 5391
659 5390
659 5389
659 5388
659 5387
659 5386
658 5385
658 5384
658 5383
658 5382
657 5381
657 5380
656 5379
655 5378
654 5377
653 5377
652 5376
651 5375
650 5375
649 5374
648 5373
647 5373
646 5373
645 5372
644 5371
643 5371
642 5371
641 5371
640 5370
639 5370
638 5370
637 5370
636 5370
635 5370
634 5369
633 5369
632 5369
631 5369
630 5368
629 5368
628 5368
627 5368
626 5368
625 5368
624 5368
623 5368
622 5368
621 5368
620 5368
619 5368
618 5368
617 5368
616 5367
615 5367
614 5367
613 5367
612 5366
611 5366
610 5366
609 5366
608 5366
607 5366
606 5366
605 5366
604 5366
603 5366
602 5366
601 5366
600 5366
599 5366
598 5366
597 5366
596 5365
595 5365
594 5365
593 5364
592 5363
591 5363
590 5362
589 5362
588 5361
587 5360
586 5359
585 5358
584 5357
583 5356
583 5355
583 5354
582 5353
582 5352
582 5351
582 5350
582 5349
582 5348
582 5347
582 5346
582 5345
582 5344
582 5343
582 5342
582 5341
582 5340
582 5339
582 5338
582 5337
582 5336
582 5335
582 5334
583 5333
583 5332
583 5331
583 5330
584 5329
584 5328
585 5327
585 5326
585 5325
585 5324
586 5323
587 5323
587 5322
587 5321
588 5320
588 5319
589 5318
589 5317
589 5316
590 5315
591 5314
592 5313
593 5312
593 5311
594 5310
595 5310
595 5309
596 5308
597 5308
597 5307
598 5306
599 5306
599 5305
600 5304
601 5304
602 5303
603 5302
604 5301
605 5301
606 5300
607 5299
608 5298
609 5298
610 5297
611 5296
611 5295
612 5294
613 5294
614 5293
614 5292
615 5291
616 5290
616 5289
617 5288
618 5287
618 5286
619 5285
619 5284
620 5283
620 5282
620 5281
620 5280
620 5279
620 5278
620 5277
620 5276
620 5275
620 5274
620 5273
620 5272
620 5271
620 5270
620 5269
620 5268
620 5267
620 5266
620 5265
620 5264
620 5263
620 5262
620 5261
620 5260
620 5259
620 5258
620 5257
620 5256
619 5255
619 5254
619 5253
619 5252
618 5251
618 5250
618 5249
617 5248
617 5247
616 5246
616 5245
615 5244
615 5243
615 5242
614 5241
614 5240
613 5239
613 5238
613 5237
613 5236
612 5235
612 5234
612 5233
611 5232
611 5231
611 5230
610 5229
610 5228
609 5227
609 5226
609 5225
609 5224
608 5223
608 5222
608 5221
608 5220
607 5219
607 5218
607 5217
606 5216
606 5215
606 5214
606 5213
606 5212
606 5211
606 5210
606 5209
606 5208
606 5207
606 5206
606 5205
606 5204
606 5203
606 5202
606 5201
606 5200
606 5199
606 5198
606 5197
606 5196
606 5195
606 5194
606 5193
606 5192
606 5191
606 5190
606 5189
606 5188
607 5187
607 5186
607 5185
608 5184
608 5183
609 5182
609 5181
610 5180
611 5179
611 5178
611 5177
611 5176
612 5175
613 5175
613 5174
613 5173
613 5172
614 5171
614 5170
615 5169
615 5168
615 5167
616 5166
616 5165
617 5164
617 5163
618 5162
619 5161
619 5160
619 5159
619 5158
620 5157
620 5156
621 5155
621 5154
621 5153
622 5152
622 5151
622 5150
622 5149
622 5148
623 5147
623 5146
624 5145
625 5144
625 5143
626 5142
627 5141
627 5140
627 5139
628 5138
628 5137
629 5136
630 5135
630 5134
631 5133
632 5133
633 5132
634 5131
635 5130
636 5129
636 5128
637 5127
638 5127
638 5126
639 5125
640 5124
640 5123
641 5122
641 5121
641 5120
642 5119
643 5119
643 5118
643 5117
643 5116
644 5115
644 5114
645 5113
645 5112
645 5111
646 5110
647 5109
647 5108
648 5107
648 5106
648 5105
648 5104
649 5103
649 5102
649 5101
649 5100
650 5099
650 5098
650 5097
651 5096
651 5095
651 5094
652 5093
652 5092
653 5091
653 5090
653 5089
654 5088
654 5087
654 5086
655 5085
655 5084
655 5083
655 5082
656 5081
656 5080
656 5079
656 5078
657 5077
657 5076
657 5075
657 5074
658 5073
658 5072
659 5071
659 5070
659 5069
659 5068
660 5067
660 5066
660 5065
660 5064
660 5063
660 5062
660 5061
660 5060
661 5059
661 5058
661 5057
662 5056
662 5055
662 5054
662 5053
662 5052
662 5051
662 5050
662 5049
663 5048
663 5047
663 5046
664 5045
664 5044
664 5043
664 5042
664 5041
664 5040
664 5039
664 5038
665 5037
665 5036
665 5035
665 5034
666 5033
666 5032
666 5031
666 5030
666 5029
666 5028
667 5027
667 5026
667 5025
668 5024
668 5023
668 5022
669 5021
669 5020
669 5019
669 5018
670 5017
670 5016
670 5015
670 5014
670 5013
670 5012
671 5011
671 5010
671 5009
671 5008
672 5007
672 5006
672 5005
672 5004
672 5003
672 5002
672 5001
672 5000
672 4999
672 4998
672 4997
672 4996
672 4995
672 4994
672 4993
672 4992
672 4991
672 4990
672 4989
672 4988
672 4987
672 4986
672 4985
672 4984
672 4983
672 4982
672 4981
672 4980
672 4979
672 4978
671 4977
671 4976
671 4975
671 4974
670 4973
670 4972
670 4971
670 4970
669 4969
669 4968
669 4967
669 4966
668 4965
668 4964
668 4963
668 4962
668 4961
668 4960
668 4959
668 4958
667 4957
667 4956
667 4955
667 4954
666 4953
666 4952
667 4951
667 4950
667 4949
667 4948
668 4947
668 4946
668 4945
668 4944
668 4943
668 4942
668 4941
668 4940
668 4939
668 4938
668 4937
668 4936
668 4935
668 4934
668 4933
668 4932
668 4931
668 4930
668 4929
668 4928
668 4927
668 4926
668 4925
668 4924
668 4923
668 4922
667 4921
667 4920
667 4919
667 4918
666 4917
666 4916
666 4915
666 4914
665 4913
665 4912
665 4911
665 4910
664 4909
664 4908
663 4907
663 4906
662 4905
662 4904
661 4903
660 4902
660 4901
659 4900
658 4899
658 4898
657 4897
656 4896
656 4895
656 4894
655 4893
655 4892
654 4891
654 4890
653 4889
652 4888
652 4887
651 4886
651 4885
651 4884
650 4883
649 4882
649 4881
649 4880
648 4879
648 4878
648 4877
648 4876
647 4875
647 4874
646 4873
646 4872
645 4871
645 4870
644 4869
643 4868
643 4867
642 4867
641 4866
641 4865
640 4864
639 4864
638 4863
638 4862
637 4861
636 4861
635 4861
634 4860
633 4860
632 4860
631 4860
630 4860
629 4860
628 4861
627 4861
626 4861
625 4861
624 4862
623 4862
622 4862
621 4862
620 4863
619 4863
618 4864
617 4864
616 4865
615 4865
614 4866
613 4867
612 4867
611 4867
610 4868
609 4868
608 4868
607 4868
606 4868
605 4868
604 4868
603 4868
602 4868
601 4868
600 4868
599 4868
598 4867
597 4867
596 4867
595 4867
594 4866
593 4866
592 4865
591 4865
590 4864
589 4864
588 4863
587 4862
586 4862
585 4861
584 4861
583 4860
582 4859
581 4859
580 4859
579 4859
578 4858
577 4857
576 4857
575 4856
574 4855
573 4855
572 4854
571 4854
570 4853
569 4853
568 4852
567 4852
566 4851
565 4851
564 4850
563 4849
562 4849
561 4849
560 4848
560 4847
559 4847
558 4847
557 4847
556 4846
555 4846
554 4846
553 4846
552 4846
551 4846
550 4845
549 4845
548 4845
547 4845
546 4844
545 4844
544 4844
543 4844
542 4843
541 4843
540 4843
539 4843
538 4842
537 4842
536 4841
535 4841
534 4841
533 4841
532 4840
531 4840
530 4839
529 4839
528 4838
527 4837
526 4837
525 4836
524 4836
523 4835
522 4834
521 4833
520 4833
519 4832
519 4831
518 4831
517 4830
516 4829
516 4828
515 4828
514 4827
513 4827
512 4826
512 4825
511 4825
510 4824
509 4823
508 4823
507 4822
506 4822
505 4821
504 4820
503 4820
502 4819
501 4818
501 4817
500 4816
499 4816
498 4815
498 4814
497 4813
496 4812
496 4811
495 4810
494 4809
494 4808
493 4807
492 4806
491 4805
491 4804
490 4803
489 4802
488 4801
488 4800
487 4799
486 4798
485 4797
485 4796
485 4795
484 4794
484 4793
483 4792
483 4791
483 4790
482 4789
481 4788
481 4787
480 4786
480 4785
479 4784
479 4783
479 4782
478 4781
478 4780
477 4779
477 4778
477 4777
477 4776
476 4775
476 4774
476 4773
476 4772
475 4771
475 4770
475 4769
474 4768
474 4767
474 4766
473 4765
473 4764
473 4763
472 4762
472 4761
471 4760
471 4759
471 4758
470 4757
470 4756
469 4755
469 4754
469 4753
469 4752
468 4751
468 4750
468 4749
468 4748
468 4747
468 4746
467 4745
467 4744
467 4743
467 4742
466 4741
466 4740
466 4739
466 4738
466 4737
466 4736
466 4735
466 4734
466 4733
466 4732
466 4731
466 4730
466 4729
466 4728
466 4727
466 4726
466 4725
466 4724
466 4723
466 4722
466 4721
465 4720
465 4719
465 4718
464 4717
464 4716
464 4715
464 4714
463 4713
463 4712
463 4711
463 4710
462 4709
462 4708
462 4707
461 4706
460 4705
460 4704
459 4703
458 4702
457 4701
456 4700
455 4700
454 4699
454 4698
453 4698
452 4697
452 4696
451 4695
450 4694
449 4693
448 4692
447 4692
446 4691
446 4690
445 4690
444 4689
444 4688
443 4688
442 4687
441 4686
440 4685
439 4685
438 4684
437 4684
436 4683
435 4682
435 4681
434 4681
433 4680
433 4679
432 4679
431 4678
430 4677
429 4676
428 4676
427 4675
426 4674
425 4673
424 4672
423 4671
422 4670
421 4670
420 4669
419 4669
418 4668
417 4668
416 4667
415 4667
414 4667
413 4666
412 4665
411 4665
410 4665
409 4665
408 4664
407 4664
406 4663
405 4663
404 4663
403 4662
402 4662
401 4661
400 4661
399 4660
398 4659
397 4659
396 4658
395 4657
394 4656
393 4655
392 4655
391 4654
390 4653
389 4653
388 4652
387 4652
386 4651
385 4651
384 4651
383 4650
382 4650
381 4650
380 4650
379 4650
378 4650
377 4650
376 4650
375 4650
374 4650
373 4650
372 4650
371 4650
370 4650
369 4650
368 4650
367 4650
366 4650
365 4650
