2648 2916
2647 2917
2646 2917
2645 2917
2644 2917
2643 2918
2642 2918
2641 2918
2640 2918
2639 2918
2638 2918
2637 2918
2636 2918
2635 2918
2634 2918
2633 2919
2632 2919
2631 2919
2630 2919
2629 2920
2628 2920
2627 2920
2626 2920
2625 2919
2624 2919
2623 2919
2622 2919
2621 2918
2620 2918
2619 2918
2618 2918
2617 2918
2616 2918
2615 2918
2614 2918
2613 2918
2612 2918
2611 2918
2610 2918
2609 2918
2608 2918
2607 2919
2606 2919
2605 2920
2604 2920
2603 2921
2602 2921
2601 2922
2600 2922
2599 2923
2598 2923
2597 2923
2596 2923
2595 2924
2594 2925
2593 2926
2592 2926
2591 2927
2590 2927
2589 2928
2588 2928
2587 2928
2586 2928
2585 2928
2584 2928
2583 2927
2582 2927
2581 2927
2580 2927
2579 2927
2578 2927
2577 2927
2576 2928
2575 2928
2574 2928
2573 2928
2572 2928
2571 2928
2570 2928
2569 2928
2568 2928
2567 2928
2566 2928
2565 2929
2564 2929
2563 2930
2562 2931
2561 2931
2560 2932
2559 2933
2558 2933
2557 2934
2556 2934
2555 2934
2554 2934
2553 2934
2552 2935
2551 2935
2550 2935
2549 2936
2548 2936
2547 2936
2546 2936
2545 2936
2544 2936
2543 2937
2542 2937
2541 2937
2540 2938
2539 2938
2538 2939
2537 2939
2536 2939
2536 2940
2535 2941
2534 2941
2533 2942
2532 2942
2531 2943
2530 2943
2529 2944
2528 2944
2527 2945
2526 2945
2525 2945
2524 2946
2523 2946
2522 2947
2521 2947
2520 2947
2519 2948
2518 2948
2517 2949
2516 2949
2515 2949
2514 2949
2514 2950
2513 2951
2512 2951
2511 2951
2510 2952
2509 2952
2508 2953
2507 2953
2506 2953
2505 2954
2504 2954
2503 2955
2502 2955
2501 2955
2500 2955
2499 2956
2498 2956
2497 2956
2496 2957
2495 2958
2494 2958
2493 2959
2492 2960
2491 2961
2491 2962
2490 2963
2489 2963
2489 2964
2488 2965
2487 2965
2486 2966
2485 2967
2484 2968
2483 2968
2482 2969
2481 2969
2480 2969
2479 2970
2478 2971
2477 2972
2476 2972
2475 2973
2474 2974
2473 2975
2472 2976
2471 2976
2470 2977
2469 2978
2468 2978
2467 2979
2466 2980
2465 2980
2464 2981
2463 2981
2462 2982
2461 2983
2460 2983
2459 2983
2458 2983
2458 2984
2457 2985
2456 2985
2455 2986
2454 2987
2453 2988
2452 2988
2451 2989
2450 2990
2449 2990
2448 2991
2447 2991
2446 2992
2446 2993
2445 2994
2444 2995
2443 2995
2443 2996
2442 2997
2441 2998
2440 2999
2439 2999
2438 3000
2437 3001
2436 3001
2435 3002
2434 3003
2433 3003
2432 3004
2431 3004
2430 3005
2429 3005
2428 3005
2428 3006
2427 3007
2426 3007
2425 3007
2425 3008
2424 3009
2423 3009
2422 3010
2421 3011
2420 3011
2420 3012
2419 3013
2418 3013
2417 3013
2416 3013
2415 3014
2414 3015
2413 3016
2412 3017
2411 3017
2411 3018
2410 3019
2409 3019
2409 3020
2408 3021
2407 3021
2406 3022
2405 3023
2404 3023
2403 3023
2402 3023
2402 3024
2401 3025
2400 3025
2399 3025
2398 3025
2397 3026
2396 3027
2395 3028
2394 3029
2393 3029
2392 3030
2391 3031
2390 3032
2389 3033
2389 3034
2388 3035
2387 3035
2387 3036
2386 3037
2385 3038
2384 3039
2383 3040
2383 3041
2382 3042
2381 3043
2381 3044
2380 3045
2379 3045
2379 3046
2379 3047
2378 3048
2378 3049
2377 3050
2377 3051
2376 3052
2375 3053
2375 3054
2374 3055
2373 3055
2372 3056
2371 3057
2371 3058
2370 3059
2369 3059
2368 3060
2367 3061
2367 3062
2366 3063
2365 3064
2365 3065
2364 3066
2364 3067
2363 3068
2363 3069
2362 3070
2361 3071
2361 3072
2360 3073
2359 3073
2358 3074
2357 3075
2357 3076
2356 3077
2355 3078
2355 3079
2354 3080
2354 3081
2353 3082
2353 3083
2352 3084
2352 3085
2351 3086
2351 3087
2350 3088
2350 3089
2350 3090
2350 3091
2349 3092
2349 3093
2349 3094
2349 3095
2348 3096
2348 3097
2347 3098
2347 3099
2346 3100
2346 3101
2345 3102
2344 3102
2343 3103
2343 3104
2342 3105
2342 3106
2341 3107
2341 3108
2341 3109
2340 3110
2339 3110
2339 3111
2338 3112
2337 3113
2337 3114
2336 3115
2335 3116
2334 3117
2333 3118
2333 3119
2333 3120
2332 3121
2332 3122
2331 3123
2330 3124
2329 3125
2328 3126
2327 3127
2327 3128
2327 3129
2326 3130
2325 3130
2325 3131
2325 3132
2325 3133
2324 3134
2324 3135
2323 3136
2323 3137
2323 3138
2323 3139
2322 3140
2322 3141
2323 3142
2323 3143
2323 3144
2323 3145
2324 3146
2324 3147
2324 3148
2324 3149
2324 3150
2325 3151
2325 3152
2326 3153
2326 3154
2326 3155
2326 3156
2326 3157
2326 3158
2326 3159
2326 3160
2326 3161
2326 3162
2326 3163
2326 3164
2326 3165
2326 3166
2326 3167
2326 3168
2325 3169
2324 3170
2324 3171
2323 3172
2322 3173
2321 3174
2320 3174
2319 3175
2318 3176
2318 3177
2317 3178
2316 3179
2316 3180
2316 3181
2316 3182
2316 3183
2316 3184
2316 3185
2316 3186
2316 3187
2316 3188
2316 3189
2315 3190
2315 3191
2315 3192
2315 3193
2314 3194
2314 3195
2313 3196
2313 3197
2313 3198
2313 3199
2312 3200
2312 3201
2311 3202
2311 3203
2311 3204
2311 3205
2310 3206
2310 3207
2310 3208
2310 3209
2311 3210
2311 3211
2311 3212
2311 3213
2312 3214
2312 3215
2312 3216
2312 3217
2312 3218
2312 3219
2311 3220
2311 3221
2311 3222
2311 3223
2310 3224
2310 3225
2310 3226
2310 3227
2309 3228
2309 3229
2308 3230
2308 3231
2307 3232
2307 3233
2306 3234
2306 3235
2306 3236
2306 3237
2305 3238
2305 3239
2304 3240
2303 3241
2303 3242
2302 3243
2302 3244
2302 3245
2302 3246
2302 3247
2301 3248
2301 3249
2300 3250
2300 3251
2299 3252
2299 3253
2298 3254
2297 3254
2297 3255
2297 3256
2297 3257
2297 3258
2297 3259
2297 3260
2297 3261
2298 3262
2298 3263
2298 3264
2298 3265
2298 3266
2298 3267
2298 3268
2298 3269
2298 3270
2298 3271
2298 3272
2298 3273
2298 3274
2298 3275
2298 3276
2298 3277
2298 3278
2298 3279
2298 3280
2298 3281
2298 3282
2298 3283
2298 3284
2298 3285
2298 3286
2298 3287
2298 3288
2298 3289
2297 3290
2297 3291
2297 3292
2296 3293
2296 3294
2295 3295
2295 3296
2295 3297
2294 3298
2294 3299
2294 3300
2294 3301
2294 3302
2294 3303
2294 3304
2294 3305
2294 3306
2294 3307
2295 3308
2295 3309
2295 3310
2295 3311
2296 3312
2296 3313
2296 3314
2296 3315
2296 3316
2296 3317
2296 3318
2296 3319
2296 3320
2296 3321
2296 3322
2296 3323
2296 3324
2296 3325
2296 3326
2297 3327
2297 3328
2298 3329
2298 3330
2298 3331
2298 3332
2298 3333
2298 3334
2298 3335
2298 3336
2298 3337
2299 3338
2299 3339
2299 3340
2299 3341
2300 3342
2301 3343
2301 3344
2301 3345
2302 3346
2302 3347
2302 3348
2302 3349
2303 3350
2303 3351
2303 3352
2303 3353
2304 3354
2304 3355
2304 3356
2304 3357
2305 3358
2305 3359
2305 3360
2305 3361
2306 3362
2306 3363
2307 3364
2307 3365
2307 3366
2307 3367
2308 3367
2309 3368
2309 3369
2309 3370
2309 3371
2310 3372
2310 3373
2311 3374
2311 3375
2311 3376
2312 3377
2312 3378
2313 3379
2313 3380
2314 3381
2314 3382
2315 3383
2315 3384
2315 3385
2316 3386
2317 3387
2317 3388
2317 3389
2318 3390
2318 3391
2319 3392
2319 3393
2319 3394
2320 3395
2321 3396
2321 3397
2322 3398
2322 3399
2322 3400
2322 3401
2323 3402
2323 3403
2323 3404
2323 3405
2324 3406
2324 3407
2324 3408
2325 3409
2325 3410
2325 3411
2326 3412
2326 3413
2327 3414
2327 3415
2327 3416
2328 3417
2328 3418
2329 3419
2329 3420
2329 3421
2330 3422
2330 3423
2331 3424
2331 3425
2331 3426
2331 3427
2332 3428
2332 3429
2332 3430
2333 3431
2334 3432
2334 3433
2335 3434
2335 3435
2336 3436
2336 3437
2337 3438
2337 3439
2337 3440
2337 3441
2338 3442
2339 3443
2339 3444
2339 3445
2340 3446
2340 3447
2340 3448
2341 3449
2341 3450
2342 3451
2343 3452
2343 3453
2343 3454
2344 3455
2345 3456
2345 3457
2345 3458
2346 3459
2347 3460
2347 3461
2348 3462
2349 3463
2349 3464
2349 3465
2350 3466
2351 3467
2351 3468
2351 3469
2352 3470
2352 3471
2352 3472
2353 3473
2353 3474
2354 3475
2355 3476
2355 3477
2356 3478
2357 3479
2357 3480
2358 3481
2358 3482
2359 3483
2360 3484
2360 3485
2361 3486
2362 3487
2363 3488
2363 3489
2364 3490
2365 3491
2365 3492
2365 3493
2366 3494
2366 3495
2367 3496
2367 3497
2367 3498
2368 3499
2369 3499
2370 3500
2370 3501
2371 3502
2371 3503
2372 3504
2372 3505
2373 3506
2373 3507
2374 3508
2374 3509
2375 3510
2376 3511
2377 3512
2377 3513
2378 3514
2379 3515
2380 3516
2380 3517
2381 3518
2382 3519
2383 3520
2384 3521
2384 3522
2385 3523
2385 3524
2386 3525
2386 3526
2387 3527
2387 3528
2388 3528
2389 3529
2389 3530
2390 3531
2391 3532
2391 3533
2392 3534
2392 3535
2393 3536
2393 3537
2393 3538
2393 3539
2394 3540
2394 3541
2394 3542
2394 3543
2395 3544
2395 3545
2395 3546
2395 3547
2396 3547
2397 3548
2397 3549
2397 3550
2397 3551
2398 3552
2398 3553
2399 3554
2399 3555
2400 3556
2400 3557
2401 3558
2402 3558
2403 3559
2403 3560
2404 3561
2405 3562
2405 3563
2406 3564
2406 3565
2407 3566
2407 3567
2407 3568
2408 3568
2409 3569
2409 3570
2410 3571
2411 3571
2412 3572
2412 3573
2413 3574
2414 3575
2414 3576
2415 3577
2415 3578
2416 3579
2416 3580
2417 3581
2417 3582
2418 3583
2418 3584
2419 3585
2419 3586
2420 3587
2420 3588
2421 3589
2422 3590
2423 3591
2423 3592
2424 3593
2424 3594
2425 3595
2426 3596
2426 3597
2427 3598
2428 3599
2429 3599
2430 3600
2431 3601
2432 3601
2433 3602
2434 3603
2435 3603
2436 3604
2437 3605
2438 3605
2439 3606
2440 3606
2441 3607
2442 3608
2443 3609
2444 3609
2445 3610
2446 3610
2447 3611
2448 3612
2449 3612
2450 3613
2451 3613
2452 3614
2453 3614
2454 3615
2454 3616
2455 3616
2456 3616
2457 3616
2458 3617
2459 3618
2460 3619
2461 3619
2462 3620
2462 3621
2463 3622
2464 3622
2465 3623
2466 3624
2467 3624
2468 3625
2468 3626
2469 3626
2470 3627
2471 3627
2472 3628
2473 3629
2474 3629
2475 3630
2476 3631
2477 3631
2478 3632
2479 3633
2480 3633
2481 3634
2482 3635
2483 3635
2484 3636
2485 3637
2486 3637
2487 3638
2488 3638
2489 3639
2489 3640
2490 3640
2491 3641
2491 3642
2492 3642
2493 3643
2494 3644
2495 3645
2495 3646
2496 3646
2497 3647
2498 3648
2499 3649
2500 3649
2501 3650
2502 3650
2503 3651
2504 3652
2505 3652
2506 3652
2507 3653
2508 3654
2509 3654
2510 3654
2511 3654
2512 3655
2512 3656
2513 3656
2514 3657
2515 3658
2516 3658
2517 3658
2518 3659
2519 3659
2520 3659
2521 3659
2522 3660
2523 3660
2524 3661
2525 3661
2526 3662
2527 3663
2528 3663
2529 3664
2530 3664
2531 3664
2532 3665
2533 3665
2534 3666
2535 3666
2536 3666
2537 3666
2538 3667
2538 3668
2539 3668
2540 3668
2541 3668
2542 3669
2543 3669
2544 3670
2545 3670
2546 3670
2547 3670
2548 3671
2549 3671
2550 3672
2551 3672
2552 3673
2553 3673
2554 3674
2555 3674
2556 3675
2557 3675
2558 3676
2559 3676
2560 3676
2561 3677
2562 3677
2563 3678
2564 3678
2565 3678
2566 3679
2567 3679
2568 3679
2569 3679
2570 3680
2571 3680
2572 3680
2573 3680
2574 3681
2575 3681
2576 3682
2577 3682
2578 3682
2579 3682
2580 3683
2581 3683
2582 3683
2583 3683
2584 3684
2585 3684
2586 3684
2587 3684
2588 3685
2589 3685
2590 3685
2591 3685
2592 3685
2593 3685
2594 3686
2595 3686
2596 3686
2597 3687
2598 3688
2599 3688
2600 3688
2601 3689
2602 3689
2603 3689
2604 3690
2605 3690
2606 3690
2607 3691
2608 3692
2609 3692
2610 3692
2611 3693
2612 3693
2613 3693
2614 3693
2615 3693
2616 3694
2617 3694
2618 3694
2619 3695
2620 3695
2621 3696
2622 3696
2623 3696
2624 3697
2625 3697
2626 3698
2627 3698
2628 3698
2629 3698
2630 3699
2631 3699
2632 3699
2633 3699
2634 3700
2635 3700
2636 3700
2637 3700
2638 3701
2639 3701
2640 3701
2641 3701
2642 3701
2643 3701
2644 3702
2645 3702
2646 3702
2647 3703
2648 3704
2649 3704
2650 3705
2651 3706
2652 3707
2653 3708
2654 3709
2655 3710
2656 3710
2657 3711
2658 3711
2659 3712
2660 3712
2661 3712
2662 3713
2663 3713
2664 3713
2665 3713
2666 3713
2667 3713
2668 3713
2669 3713
2670 3713
2671 3713
2672 3713
2673 3713
2674 3713
2675 3713
2676 3713
2677 3713
2678 3713
2679 3713
2680 3713
2681 3713
2682 3712
2683 3712
2684 3712
2685 3712
2686 3711
2687 3711
2688 3711
2689 3711
2690 3711
2691 3711
2692 3710
2693 3710
2694 3710
2695 3710
2696 3709
2697 3709
2698 3709
2699 3709
2700 3709
2701 3709
2702 3709
2703 3709
2704 3709
2705 3709
2706 3709
2707 3709
2708 3709
2709 3709
2710 3709
2711 3709
2712 3709
2713 3709
2714 3709
2715 3709
2716 3709
2717 3709
2718 3709
2719 3709
2720 3709
2721 3709
2722 3709
2723 3709
2724 3708
2725 3708
2726 3708
2727 3708
2728 3707
2729 3707
2730 3707
2731 3707
2732 3706
2733 3706
2734 3706
2735 3706
2736 3705
2737 3705
2738 3704
2739 3704
2740 3704
2741 3703
2742 3703
2743 3702
2744 3702
2744 3701
2745 3700
2746 3700
2747 3699
2748 3698
2749 3698
2750 3697
2751 3697
2752 3696
2753 3696
2754 3695
2755 3695
2756 3695
2757 3695
2758 3695
2759 3695
2760 3695
2761 3694
2762 3694
2763 3694
2764 3693
2765 3693
2766 3692
2767 3692
2768 3691
2769 3690
2769 3689
2770 3688
2770 3687
2771 3686
2772 3685
2772 3684
2773 3683
2773 3682
2774 3681
2775 3680
2776 3679
2777 3678
2777 3677
2778 3676
2779 3675
2780 3674
2780 3673
2781 3672
2782 3672
2782 3671
2783 3670
2784 3670
2785 3669
2786 3668
2786 3667
2787 3666
2788 3666
2789 3665
2789 3664
2790 3663
2790 3662
2791 3661
2791 3660
2791 3659
2791 3658
2791 3657
2791 3656
2791 3655
2791 3654
2791 3653
2791 3652
2791 3651
2791 3650
2791 3649
2792 3648
2792 3647
2793 3646
2793 3645
2793 3644
2793 3643
2793 3642
2793 3641
2793 3640
2794 3639
2794 3638
2794 3637
2795 3636
2795 3635
2796 3634
2796 3633
2797 3632
2797 3631
2797 3630
2798 3629
2798 3628
2798 3627
2799 3626
2800 3625
2800 3624
2800 3623
2801 3622
2801 3621
2801 3620
2801 3619
2801 3618
2801 3617
2801 3616
2801 3615
2801 3614
2801 3613
2801 3612
2802 3611
2802 3610
2803 3609
2804 3608
2805 3607
2805 3606
2806 3605
2806 3604
2807 3603
2807 3602
2807 3601
2807 3600
2807 3599
2807 3598
2807 3597
2807 3596
2807 3595
2808 3594
2808 3593
2809 3592
2809 3591
2809 3590
2809 3589
2809 3588
2809 3587
2809 3586
2809 3585
2809 3584
2809 3583
2809 3582
2809 3581
2809 3580
2810 3579
2810 3578
2810 3577
2810 3576
2811 3575
2811 3574
2811 3573
2811 3572
2811 3571
2811 3570
2811 3569
2811 3568
2811 3567
2811 3566
2811 3565
2811 3564
2811 3563
2811 3562
2811 3561
2812 3560
2812 3559
2813 3558
2813 3557
2813 3556
2813 3555
2813 3554
2814 3553
2814 3552
2814 3551
2814 3550
2815 3549
2815 3548
2815 3547
2815 3546
2815 3545
2815 3544
2815 3543
2815 3542
2815 3541
2815 3540
2815 3539
2815 3538
2815 3537
2815 3536
2815 3535
2815 3534
2815 3533
2815 3532
2815 3531
2815 3530
2815 3529
2815 3528
2815 3527
2815 3526
2816 3525
2816 3524
2816 3523
2816 3522
2817 3521
2817 3520
2817 3519
2817 3518
2817 3517
2817 3516
2817 3515
2817 3514
2817 3513
2817 3512
2817 3511
2817 3510
2817 3509
2817 3508
2817 3507
2817 3506
2817 3505
2817 3504
2817 3503
2817 3502
2817 3501
2817 3500
2817 3499
2817 3498
2817 3497
2817 3496
2817 3495
2817 3494
2817 3493
2817 3492
2817 3491
2817 3490
2817 3489
2817 3488
2817 3487
2817 3486
2817 3485
2817 3484
2817 3483
2817 3482
2817 3481
2817 3480
2817 3479
2817 3478
2817 3477
2817 3476
2817 3475
2817 3474
2817 3473
2817 3472
2817 3471
2817 3470
2817 3469
2817 3468
2817 3467
2817 3466
2817 3465
2817 3464
2817 3463
2817 3462
2817 3461
2817 3460
2817 3459
2817 3458
2817 3457
2817 3456
2817 3455
2817 3454
2817 3453
2817 3452
2817 3451
2817 3450
2817 3449
2817 3448
2817 3447
2817 3446
2818 3445
2818 3444
2818 3443
2818 3442
2819 3441
2819 3440
2819 3439
2819 3438
2819 3437
2819 3436
2819 3435
2819 3434
2819 3433
2819 3432
2819 3431
2819 3430
2819 3429
2819 3428
2819 3427
2819 3426
2819 3425
2819 3424
2819 3423
2819 3422
2819 3421
2819 3420
2819 3419
2819 3418
2819 3417
2819 3416
2819 3415
2819 3414
2819 3413
2819 3412
2819 3411
2819 3410
2819 3409
2819 3408
2819 3407
2819 3406
2819 3405
2819 3404
2820 3403
2820 3402
2820 3401
2821 3400
2821 3399
2821 3398
2821 3397
2821 3396
2821 3395
2821 3394
2821 3393
2821 3392
2821 3391
2821 3390
2822 3389
2822 3388
2822 3387
2822 3386
2823 3385
2823 3384
2823 3383
2823 3382
2823 3381
2823 3380
2823 3379
2823 3378
2823 3377
2823 3376
2823 3375
2823 3374
2824 3373
2824 3372
2824 3371
2824 3370
2825 3369
2825 3368
2825 3367
2825 3366
2825 3365
2825 3364
2825 3363
2825 3362
2825 3361
2825 3360
2825 3359
2825 3358
2825 3357
2825 3356
2826 3355
2826 3354
2826 3353
2826 3352
2827 3351
2827 3350
2827 3349
2827 3348
2827 3347
2827 3346
2827 3345
2827 3344
2827 3343
2827 3342
2827 3341
2827 3340
2827 3339
2827 3338
2827 3337
2827 3336
2828 3335
2828 3334
2828 3333
2828 3332
2829 3331
2829 3330
2829 3329
2829 3328
2829 3327
2829 3326
2829 3325
2829 3324
2829 3323
2829 3322
2829 3321
2829 3320
2829 3319
2829 3318
2829 3317
2829 3316
2829 3315
2829 3314
2829 3313
2829 3312
2829 3311
2829 3310
2829 3309
2829 3308
2829 3307
2829 3306
2829 3305
2829 3304
2829 3303
2829 3302
2829 3301
2829 3300
2829 3299
2829 3298
2829 3297
2829 3296
2829 3295
2829 3294
2829 3293
2829 3292
2829 3291
2829 3290
2829 3289
2829 3288
2829 3287
2829 3286
2829 3285
2829 3284
2829 3283
2829 3282
2829 3281
2828 3280
2828 3279
2828 3278
2827 3277
2827 3276
2827 3275
2827 3274
2827 3273
2827 3272
2827 3271
2827 3270
2827 3269
2827 3268
2827 3267
2827 3266
2827 3265
2827 3264
2827 3263
2827 3262
2827 3261
2827 3260
2827 3259
2827 3258
2827 3257
2827 3256
2827 3255
2827 3254
2827 3253
2827 3252
2827 3251
2827 3250
2827 3249
2827 3248
2827 3247
2827 3246
2827 3245
2827 3244
2826 3243
2826 3242
2826 3241
2825 3240
2825 3239
2825 3238
2825 3237
2825 3236
2825 3235
2825 3234
2825 3233
2825 3232
2825 3231
2825 3230
2825 3229
2825 3228
2825 3227
2825 3226
2825 3225
2825 3224
2825 3223
2825 3222
2825 3221
2825 3220
2825 3219
2825 3218
2825 3217
2825 3216
2825 3215
2825 3214
2825 3213
2825 3212
2825 3211
2825 3210
2825 3209
2825 3208
2825 3207
2825 3206
2825 3205
2825 3204
2825 3203
2825 3202
2825 3201
2825 3200
2825 3199
2825 3198
2825 3197
2825 3196
2825 3195
2825 3194
2825 3193
2825 3192
2825 3191
2825 3190
2825 3189
2825 3188
2825 3187
2825 3186
2825 3185
2825 3184
2824 3183
2824 3182
2824 3181
2824 3180
2823 3179
2823 3178
2823 3177
2823 3176
2823 3175
2823 3174
2823 3173
2823 3172
2822 3171
2822 3170
2822 3169
2822 3168
2821 3167
2821 3166
2821 3165
2821 3164
2821 3163
2821 3162
2821 3161
2821 3160
2821 3159
2821 3158
2821 3157
2821 3156
2820 3155
2820 3154
2820 3153
2819 3152
2819 3151
2819 3150
2819 3149
2819 3148
2819 3147
2819 3146
2819 3145
2819 3144
2819 3143
2819 3142
2819 3141
2819 3140
2819 3139
2819 3138
2818 3137
2818 3136
2818 3135
2818 3134
2817 3133
2817 3132
2817 3131
2817 3130
2817 3129
2817 3128
2817 3127
2817 3126
2817 3125
2817 3124
2817 3123
2817 3122
2817 3121
2817 3120
2816 3119
2816 3118
2816 3117
2816 3116
2815 3115
2815 3114
2814 3113
2814 3112
2814 3111
2814 3110
2813 3109
2813 3108
2813 3107
2813 3106
2813 3105
2813 3104
2813 3103
2813 3102
2813 3101
2813 3100
2813 3099
2813 3098
2813 3097
2812 3096
2812 3095
2811 3094
2811 3093
2811 3092
2811 3091
2811 3090
2810 3089
2810 3088
2810 3087
2810 3086
2809 3085
2809 3084
2809 3083
2809 3082
2809 3081
2809 3080
2809 3079
2809 3078
2808 3077
2808 3076
2808 3075
2808 3074
2807 3073
2807 3072
2806 3071
2806 3070
2806 3069
2806 3068
2805 3067
2805 3066
2805 3065
2805 3064
2804 3063
2804 3062
2804 3061
2804 3060
2803 3059
2803 3058
2803 3057
2803 3056
2803 3055
2803 3054
2803 3053
2803 3052
2802 3051
2802 3050
2802 3049
2801 3048
2801 3047
2801 3046
2801 3045
2801 3044
2801 3043
2801 3042
2800 3041
2800 3040
2800 3039
2800 3038
2799 3037
2799 3036
2799 3035
2799 3034
2798 3033
2798 3032
2798 3031
2798 3030
2797 3029
2797 3028
2797 3027
2797 3026
2796 3025
2796 3024
2796 3023
2795 3022
2794 3021
2794 3020
2794 3019
2793 3018
2792 3017
2792 3016
2792 3015
2792 3014
2791 3013
2790 3012
2790 3011
2790 3010
2789 3009
2789 3008
2788 3007
2788 3006
2788 3005
2788 3004
2787 3004
2786 3003
2786 3002
2786 3001
2785 3000
2785 2999
2784 2998
2784 2997
2784 2996
2783 2995
2783 2994
2782 2993
2782 2992
2782 2991
2782 2990
2781 2990
2780 2989
2780 2988
2780 2987
2780 2986
2779 2985
2778 2984
2778 2983
2778 2982
2777 2981
2777 2980
2777 2979
2777 2978
2777 2977
2776 2976
2776 2975
2776 2974
2775 2973
2774 2972
2774 2971
2773 2970
2773 2969
2772 2968
2771 2967
2771 2966
2770 2965
2769 2964
2768 2964
2767 2963
2766 2962
2765 2962
2764 2961
2763 2960
2762 2959
2761 2959
2760 2958
2759 2958
2758 2957
2757 2956
2756 2956
2755 2955
2755 2954
2754 2953
2753 2953
2752 2952
2752 2951
2751 2951
2750 2950
2749 2949
2748 2949
2747 2948
2746 2948
2745 2947
2744 2947
2743 2947
2742 2946
2741 2945
2740 2945
2739 2944
2738 2943
2737 2943
2736 2942
2735 2941
2734 2940
2734 2939
2733 2939
2732 2939
2731 2938
2731 2937
2730 2936
2729 2936
2728 2935
2727 2934
2726 2933
2725 2933
2724 2933
2723 2932
2723 2931
2722 2931
2721 2931
2720 2931
2719 2930
2718 2930
2717 2929
2716 2929
2715 2929
2714 2929
2713 2928
2712 2928
2711 2928
2710 2928
2709 2928
2708 2928
2707 2927
2706 2927
2705 2927
2704 2926
2703 2926
2702 2926
2701 2925
2700 2925
2699 2925
2698 2925
2697 2924
2696 2924
2695 2923
2694 2923
2693 2923
2692 2923
2691 2922
2690 2922
2689 2922
2688 2922
2687 2922
2686 2922
2685 2921
2684 2921
2683 2921
2682 2921
2681 2920
2680 2920
2679 2920
2678 2920
2677 2919
2676 2919
2675 2919
2674 2919
2673 2918
2672 2918
2671 2918
2670 2918
2669 2918
2668 2918
2667 2918
2666 2918
2665 2918
2664 2918
2663 2918
2662 2918
2661 2918
2660 2918
2659 2918
2658 2918
2657 2918
2656 2917
2655 2917
2654 2917
2653 2916
2652 2916
2651 2916
2650 2916
2649 2916
2648 2916
