1929 5285
1928 5286
1927 5286
1926 5286
1925 5286
1924 5287
1923 5287
1922 5287
1921 5287
1920 5287
1919 5287
1918 5287
1917 5287
1916 5287
1915 5287
1914 5287
1913 5288
1912 5288
1911 5288
1910 5289
1909 5289
1908 5289
1907 5289
1906 5289
1905 5289
1904 5289
1903 5289
1902 5289
1901 5289
1900 5289
1899 5290
1898 5290
1897 5290
1896 5291
1895 5291
1894 5291
1893 5291
1892 5291
1891 5291
1890 5291
1889 5291
1888 5291
1887 5291
1886 5292
1885 5292
1884 5293
1883 5293
1882 5294
1881 5294
1880 5295
1879 5295
1878 5296
1877 5296
1876 5297
1875 5297
1875 5298
1874 5299
1873 5299
1872 5300
1871 5301
1870 5302
1869 5303
1868 5304
1867 5305
1866 5305
1865 5306
1864 5306
1863 5307
1862 5308
1861 5309
1860 5309
1859 5310
1858 5311
1857 5312
1856 5313
1855 5313
1854 5314
1853 5315
1852 5316
1851 5316
1850 5316
1849 5316
1848 5317
1847 5318
1846 5319
1845 5319
1844 5320
1843 5321
1843 5322
1842 5323
1841 5323
1840 5324
1839 5325
1839 5326
1838 5327
1837 5327
1836 5328
1835 5329
1835 5330
1834 5331
1833 5331
1832 5332
1831 5333
1831 5334
1830 5335
1829 5335
1828 5336
1827 5337
1827 5338
1826 5339
1825 5339
1824 5340
1823 5341
1823 5342
1822 5343
1821 5343
1820 5344
1819 5345
1819 5346
1818 5347
1817 5348
1817 5349
1817 5350
1816 5351
1816 5352
1815 5353
1815 5354
1814 5355
1814 5356
1813 5357
1813 5358
1812 5359
1812 5360
1812 5361
1811 5362
1811 5363
1810 5364
1809 5365
1809 5366
1808 5367
1808 5368
1807 5369
1807 5370
1806 5371
1806 5372
1805 5373
1805 5374
1804 5375
1804 5376
1803 5377
1802 5377
1802 5378
1801 5379
1801 5380
1800 5381
1799 5382
1799 5383
1798 5384
1797 5385
1797 5386
1796 5387
1795 5388
1794 5389
1794 5390
1793 5391
1793 5392
1792 5393
1792 5394
1791 5395
1791 5396
1790 5397
1789 5398
1789 5399
1788 5400
1787 5401
1787 5402
1786 5403
1785 5403
1785 5404
1784 5405
1783 5406
1783 5407
1782 5408
1782 5409
1782 5410
1781 5411
1781 5412
1780 5413
1780 5414
1779 5415
1779 5416
1778 5417
1777 5418
1777 5419
1776 5420
1776 5421
1775 5422
1775 5423
1774 5424
1774 5425
1773 5426
1772 5427
1772 5428
1772 5429
1772 5430
1771 5431
1770 5432
1770 5433
1770 5434
1769 5435
1769 5436
1768 5437
1768 5438
1767 5439
1767 5440
1766 5441
1765 5442
1765 5443
1764 5444
1764 5445
1763 5446
1763 5447
1762 5448
1761 5449
1760 5450
1759 5451
1758 5452
1758 5453
1757 5454
1756 5455
1755 5455
1755 5456
1754 5457
1753 5457
1753 5458
1752 5459
1751 5459
1751 5460
1750 5461
1750 5462
1749 5463
1749 5464
1749 5465
1749 5466
1749 5467
1749 5468
1749 5469
1749 5470
1749 5471
1749 5472
1749 5473
1749 5474
1749 5475
1749 5476
1748 5477
1748 5478
1748 5479
1748 5480
1747 5481
1746 5481
1746 5482
1746 5483
1746 5484
1745 5485
1745 5486
1745 5487
1745 5488
1745 5489
1745 5490
1745 5491
1745 5492
1745 5493
1745 5494
1745 5495
1745 5496
1745 5497
1745 5498
1745 5499
1745 5500
1745 5501
1745 5502
1745 5503
1745 5504
1745 5505
1745 5506
1745 5507
1745 5508
1745 5509
1745 5510
1745 5511
1745 5512
1745 5513
1745 5514
1745 5515
1745 5516
1745 5517
1745 5518
1745 5519
1745 5520
1746 5521
1746 5522
1746 5523
1746 5524
1747 5525
1747 5526
1747 5527
1747 5528
1747 5529
1747 5530
1748 5531
1748 5532
1748 5533
1748 5534
1749 5535
1749 5536
1750 5537
1750 5538
1751 5539
1751 5540
1752 5541
1752 5542
1753 5543
1753 5544
1754 5545
1754 5546
1754 5547
1754 5548
1755 5549
1756 5550
1756 5551
1756 5552
1757 5553
1757 5554
1758 5555
1758 5556
1758 5557
1758 5558
1759 5559
1760 5560
1760 5561
1760 5562
1761 5563
1761 5564
1762 5565
1762 5566
1762 5567
1762 5568
1763 5568
1764 5569
1764 5570
1765 5571
1766 5572
1767 5573
1767 5574
1768 5575
1768 5576
1769 5577
1769 5578
1769 5579
1769 5580
1770 5581
1770 5582
1770 5583
1770 5584
1771 5584
1772 5585
1772 5586
1772 5587
1772 5588
1773 5589
1773 5590
1773 5591
1773 5592
1774 5593
1774 5594
1775 5595
1775 5596
1776 5597
1777 5598
1778 5598
1779 5599
1779 5600
1780 5601
1781 5602
1782 5603
1783 5604
1783 5605
1784 5606
1785 5607
1785 5608
1786 5609
1787 5610
1787 5611
1788 5612
1788 5613
1789 5614
1790 5614
1791 5615
1791 5616
1792 5617
1793 5618
1793 5619
1794 5620
1795 5621
1795 5622
1796 5623
1796 5624
1797 5625
1797 5626
1798 5627
1798 5628
1798 5629
1798 5630
1799 5631
1800 5632
1800 5633
1801 5634
1801 5635
1802 5636
1802 5637
1803 5638
1804 5639
1805 5640
1806 5641
1807 5642
1808 5642
1809 5643
1810 5644
1811 5645
1812 5645
1813 5646
1814 5646
1815 5646
1816 5646
1817 5647
1818 5647
1819 5648
1820 5648
1821 5649
1822 5649
1823 5650
1824 5650
1825 5650
1826 5650
1827 5651
1828 5651
1829 5652
1830 5653
1830 5654
1831 5655
1831 5656
1832 5657
1832 5658
1832 5659
1833 5660
1833 5661
1834 5662
1835 5663
1836 5663
1837 5664
1838 5664
1839 5665
1840 5665
1841 5665
1842 5666
1843 5667
1844 5667
1845 5667
1846 5667
1847 5668
1848 5668
1849 5668
1850 5668
1851 5669
1852 5669
1853 5669
1854 5669
1855 5670
1856 5670
1857 5671
1858 5671
1859 5672
1860 5673
1861 5674
1862 5675
1863 5676
1863 5677
1864 5678
1865 5679
1865 5680
1866 5681
1867 5682
1868 5682
1869 5683
1870 5684
1871 5685
1871 5686
1872 5687
1873 5688
1874 5688
1875 5689
1876 5690
1877 5690
1878 5690
1879 5690
1880 5690
1881 5691
1882 5691
1883 5692
1884 5692
1885 5693
1886 5693
1887 5694
1888 5694
1889 5694
1890 5694
1891 5694
1892 5694
1893 5694
1894 5694
1895 5694
1896 5694
1897 5694
1898 5694
1899 5694
1900 5694
1901 5694
1902 5694
1903 5694
1904 5694
1905 5694
1906 5694
1907 5694
1908 5694
1909 5694
1910 5694
1911 5694
1912 5694
1913 5694
1914 5694
1915 5694
1916 5694
1917 5694
1918 5694
1919 5694
1920 5694
1921 5694
1922 5694
1923 5694
1924 5694
1925 5694
1926 5694
1927 5694
1928 5694
1929 5694
1930 5694
1931 5695
1932 5695
1933 5696
1934 5697
1935 5698
1936 5698
1937 5699
1938 5699
1939 5700
1940 5700
1941 5700
1942 5700
1943 5700
1944 5700
1945 5700
1946 5700
1947 5699
1948 5699
1949 5699
1950 5699
1951 5698
1952 5698
1953 5698
1954 5698
1955 5698
1956 5698
1957 5698
1958 5698
1959 5698
1960 5698
1961 5697
1962 5697
1963 5697
1964 5696
1965 5696
1966 5695
1967 5695
1968 5695
1969 5694
1970 5694
1971 5693
1972 5693
1973 5692
1974 5692
1974 5691
1975 5690
1976 5689
1977 5688
1977 5687
1978 5686
1978 5685
1979 5684
1980 5683
1981 5683
1982 5682
1982 5681
1983 5680
1983 5679
1984 5678
1984 5677
1985 5676
1985 5675
1985 5674
1985 5673
1986 5672
1987 5672
1987 5671
1987 5670
1988 5669
1988 5668
1989 5667
1989 5666
1989 5665
1990 5664
1990 5663
1990 5662
1990 5661
1990 5660
1990 5659
1991 5658
1991 5657
1992 5656
1992 5655
1993 5654
1994 5653
1995 5652
1995 5651
1995 5650
1995 5649
1996 5648
1997 5648
1997 5647
1998 5646
1998 5645
1999 5644
2000 5643
2001 5643
2002 5642
2003 5641
2003 5640
2004 5639
2005 5638
2006 5638
2006 5637
2007 5636
2008 5635
2009 5635
2010 5634
2011 5633
2011 5632
2012 5631
2013 5630
2014 5630
2015 5629
2016 5629
2017 5628
2018 5627
2019 5626
2020 5626
2021 5625
2022 5624
2022 5623
2023 5622
2024 5622
2025 5621
2026 5620
2026 5619
2027 5618
2028 5617
2029 5616
2029 5615
2030 5614
2030 5613
2031 5612
2032 5611
2032 5610
2033 5609
2033 5608
2034 5607
2035 5606
2036 5605
2036 5604
2037 5603
2038 5602
2039 5601
2040 5600
2040 5599
2041 5598
2042 5597
2043 5596
2043 5595
2043 5594
2043 5593
2044 5592
2045 5592
2045 5591
2045 5590
2046 5589
2047 5588
2047 5587
2047 5586
2047 5585
2048 5584
2048 5583
2049 5582
2049 5581
2049 5580
2049 5579
2050 5578
2050 5577
2051 5576
2051 5575
2051 5574
2051 5573
2052 5572
2052 5571
2052 5570
2052 5569
2052 5568
2052 5567
2053 5566
2053 5565
2053 5564
2053 5563
2054 5562
2054 5561
2054 5560
2054 5559
2054 5558
2054 5557
2055 5556
2055 5555
2055 5554
2055 5553
2056 5552
2056 5551
2056 5550
2056 5549
2056 5548
2056 5547
2056 5546
2056 5545
2056 5544
2056 5543
2056 5542
2056 5541
2056 5540
2056 5539
2056 5538
2056 5537
2056 5536
2056 5535
2056 5534
2056 5533
2056 5532
2056 5531
2056 5530
2056 5529
2056 5528
2056 5527
2056 5526
2056 5525
2056 5524
2056 5523
2056 5522
2056 5521
2056 5520
2056 5519
2056 5518
2056 5517
2056 5516
2056 5515
2056 5514
2056 5513
2056 5512
2056 5511
2056 5510
2056 5509
2056 5508
2056 5507
2056 5506
2056 5505
2056 5504
2056 5503
2056 5502
2056 5501
2056 5500
2056 5499
2056 5498
2056 5497
2056 5496
2056 5495
2056 5494
2056 5493
2056 5492
2056 5491
2056 5490
2056 5489
2056 5488
2056 5487
2056 5486
2056 5485
2056 5484
2056 5483
2056 5482
2056 5481
2056 5480
2056 5479
2055 5478
2055 5477
2055 5476
2055 5475
2054 5474
2054 5473
2054 5472
2054 5471
2054 5470
2054 5469
2054 5468
2054 5467
2054 5466
2053 5465
2053 5464
2053 5463
2052 5462
2052 5461
2052 5460
2052 5459
2052 5458
2052 5457
2052 5456
2052 5455
2052 5454
2052 5453
2051 5452
2051 5451
2051 5450
2051 5449
2050 5448
2050 5447
2050 5446
2050 5445
2050 5444
2050 5443
2050 5442
2050 5441
2050 5440
2050 5439
2050 5438
2050 5437
2050 5436
2050 5435
2050 5434
2050 5433
2050 5432
2050 5431
2050 5430
2050 5429
2050 5428
2050 5427
2050 5426
2050 5425
2050 5424
2050 5423
2050 5422
2050 5421
2050 5420
2050 5419
2050 5418
2049 5417
2049 5416
2049 5415
2048 5414
2048 5413
2048 5412
2048 5411
2048 5410
2048 5409
2048 5408
2048 5407
2047 5406
2047 5405
2047 5404
2047 5403
2046 5402
2046 5401
2046 5400
2046 5399
2046 5398
2046 5397
2046 5396
2046 5395
2046 5394
2046 5393
2046 5392
2046 5391
2046 5390
2046 5389
2046 5388
2046 5387
2046 5386
2046 5385
2046 5384
2046 5383
2046 5382
2046 5381
2045 5380
2045 5379
2045 5378
2045 5377
2044 5376
2044 5375
2044 5374
2044 5373
2044 5372
2044 5371
2044 5370
2043 5369
2043 5368
2043 5367
2042 5366
2042 5365
2042 5364
2042 5363
2042 5362
2041 5361
2041 5360
2041 5359
2040 5358
2040 5357
2040 5356
2040 5355
2039 5354
2039 5353
2039 5352
2038 5351
2038 5350
2037 5349
2036 5348
2036 5347
2035 5347
2034 5346
2034 5345
2033 5345
2032 5344
2032 5343
2031 5342
2031 5341
2030 5341
2029 5340
2029 5339
2028 5338
2028 5337
2027 5336
2026 5335
2026 5334
2025 5333
2024 5332
2024 5331
2023 5330
2023 5329
2022 5329
2021 5328
2021 5327
2021 5326
2020 5325
2019 5324
2019 5323
2018 5322
2018 5321
2017 5320
2016 5319
2016 5318
2015 5317
2015 5316
2014 5315
2014 5314
2013 5313
2012 5312
2012 5311
2011 5311
2010 5310
2009 5310
2008 5309
2008 5308
2007 5308
2006 5307
2005 5307
2004 5306
2003 5305
2002 5305
2001 5304
2000 5304
1999 5303
1998 5302
1997 5302
1996 5302
1995 5301
1994 5300
1993 5300
1992 5300
1991 5300
1990 5299
1989 5298
1988 5298
1987 5298
1986 5297
1985 5297
1984 5297
1983 5297
1982 5296
1981 5296
1980 5295
1979 5295
1978 5294
1978 5293
1977 5292
1976 5291
1975 5291
1974 5290
1973 5289
1972 5289
1971 5288
1970 5288
1969 5288
1968 5287
1967 5287
1966 5286
1965 5286
1964 5286
1963 5286
1962 5285
1961 5285
1960 5285
1959 5285
1958 5285
1957 5285
1956 5285
1955 5285
1954 5285
1953 5285
1952 5285
1951 5285
1950 5285
1949 5285
1948 5285
1947 5285
1946 5285
1945 5285
1944 5285
1943 5285
1942 5285
1941 5285
1940 5285
1939 5285
1938 5285
1937 5285
1936 5285
1935 5285
1934 5285
1933 5285
1932 5285
1931 5285
1930 5285
1929 5285
