1349 3896
1348 3897
1347 3897
1346 3897
1345 3897
1344 3898
1343 3898
1342 3898
1341 3898
1340 3898
1339 3898
1338 3898
1337 3898
1336 3899
1335 3899
1334 3899
1333 3899
1332 3900
1331 3901
1330 3901
1329 3901
1329 3902
1328 3903
1327 3903
1326 3903
1325 3903
1324 3904
1323 3904
1322 3905
1321 3905
1320 3905
1319 3905
1318 3906
1317 3906
1316 3906
1315 3906
1314 3907
1313 3907
1312 3907
1311 3907
1310 3908
1309 3909
1308 3909
1307 3909
1306 3910
1305 3910
1304 3910
1303 3910
1302 3911
1301 3911
1300 3911
1299 3911
1298 3912
1297 3912
1296 3912
1295 3912
1294 3913
1293 3913
1292 3913
1291 3913
1290 3914
1289 3914
1288 3914
1287 3914
1286 3915
1285 3915
1284 3915
1283 3915
1282 3916
1281 3916
1280 3917
1279 3917
1278 3917
1277 3917
1276 3918
1275 3918
1274 3918
1273 3918
1272 3918
1271 3918
1270 3918
1269 3918
1268 3919
1267 3919
1266 3919
1265 3919
1264 3920
1263 3920
1262 3920
1261 3920
1260 3921
1259 3921
1258 3921
1257 3921
1256 3922
1255 3922
1254 3923
1253 3923
1252 3923
1251 3923
1250 3924
1249 3924
1248 3924
1247 3924
1246 3924
1245 3924
1244 3925
1243 3925
1242 3925
1241 3925
1240 3926
1239 3926
1238 3926
1237 3926
1236 3927
1235 3927
1234 3927
1233 3927
1233 3928
1232 3929
1231 3929
1230 3929
1229 3929
1228 3930
1227 3930
1226 3930
1225 3930
1224 3930
1223 3930
1222 3930
1221 3930
1220 3931
1219 3931
1218 3931
1217 3931
1216 3932
1215 3932
1214 3932
1213 3932
1212 3932
1211 3932
1210 3932
1209 3932
1208 3933
1207 3933
1206 3933
1205 3933
1204 3934
1203 3934
1202 3934
1201 3934
1200 3934
1199 3934
1198 3934
1197 3934
1196 3934
1195 3934
1194 3934
1193 3934
1192 3935
1191 3935
1190 3935
1189 3935
1188 3936
1187 3936
1186 3936
1185 3936
1184 3936
1183 3936
1182 3936
1181 3936
1180 3936
1179 3936
1178 3937
1177 3937
1176 3937
1175 3937
1174 3938
1173 3938
1172 3938
1171 3938
1170 3938
1169 3938
1168 3938
1167 3938
1166 3939
1165 3939
1164 3939
1163 3939
1162 3940
1161 3940
1160 3940
1159 3940
1158 3940
1157 3940
1156 3941
1155 3941
1154 3941
1153 3941
1152 3942
1151 3942
1150 3943
1149 3943
1148 3943
1147 3943
1146 3944
1145 3945
1144 3946
1143 3946
1142 3947
1141 3948
1140 3949
1139 3949
1138 3950
1137 3951
1136 3952
1135 3952
1134 3953
1134 3954
1133 3955
1132 3956
1131 3956
1130 3957
1129 3957
1128 3958
1127 3959
1126 3959
1125 3959
1125 3960
1124 3961
1123 3961
1122 3962
1121 3963
1120 3963
1119 3964
1119 3965
1118 3966
1117 3967
1116 3967
1115 3968
1114 3969
1114 3970
1113 3971
1112 3971
1111 3972
1111 3973
1110 3974
1109 3975
1108 3975
1108 3976
1107 3977
1106 3977
1106 3978
1105 3979
1104 3979
1103 3980
1103 3981
1102 3982
1101 3983
1100 3983
1099 3984
1098 3985
1098 3986
1097 3987
1096 3988
1095 3988
1095 3989
1094 3990
1093 3991
1093 3992
1092 3993
1091 3994
1091 3995
1090 3996
1089 3996
1088 3997
1087 3998
1086 3999
1085 4000
1085 4001
1084 4002
1083 4002
1083 4003
1082 4004
1081 4004
1081 4005
1080 4006
1079 4006
1079 4007
1078 4008
1077 4009
1077 4010
1076 4011
1075 4012
1075 4013
1074 4014
1073 4015
1072 4015
1072 4016
1071 4017
1070 4017
1070 4018
1069 4019
1068 4019
1067 4020
1067 4021
1066 4022
1065 4023
1065 4024
1064 4025
1063 4026
1063 4027
1062 4028
1061 4029
1060 4029
1059 4030
1058 4031
1058 4032
1057 4033
1056 4033
1056 4034
1055 4035
1054 4036
1053 4037
1052 4037
1051 4038
1051 4039
1050 4040
1049 4041
1049 4042
1048 4043
1047 4044
1047 4045
1046 4046
1046 4047
1045 4048
1044 4048
1044 4049
1044 4050
1044 4051
1043 4052
1043 4053
1043 4054
1043 4055
1042 4056
1042 4057
1042 4058
1042 4059
1041 4060
1041 4061
1041 4062
1041 4063
1041 4064
1041 4065
1040 4066
1040 4067
1040 4068
1040 4069
1039 4070
1039 4071
1039 4072
1039 4073
1039 4074
1039 4075
1038 4076
1038 4077
1038 4078
1038 4079
1037 4080
1037 4081
1037 4082
1037 4083
1036 4084
1036 4085
1036 4086
1035 4087
1035 4088
1034 4089
1034 4090
1034 4091
1033 4092
1033 4093
1033 4094
1033 4095
1032 4096
1032 4097
1032 4098
1031 4099
1031 4100
1031 4101
1031 4102
1031 4103
1030 4104
1030 4105
1030 4106
1030 4107
1029 4108
1029 4109
1028 4110
1028 4111
1028 4112
1028 4113
1027 4114
1027 4115
1027 4116
1027 4117
1026 4118
1026 4119
1026 4120
1025 4121
1025 4122
1025 4123
1024 4124
1024 4125
1024 4126
1024 4127
1023 4128
1023 4129
1022 4130
1022 4131
1022 4132
1022 4133
1021 4134
1020 4134
1020 4135
1019 4136
1018 4137
1018 4138
1017 4139
1016 4139
1015 4140
1015 4141
1014 4142
1013 4143
1012 4143
1011 4144
1010 4145
1010 4146
1009 4147
1008 4147
1007 4148
1007 4149
1006 4150
1005 4151
1004 4151
1003 4152
1002 4153
1002 4154
1001 4155
1000 4156
999 4156
999 4157
998 4158
997 4158
996 4159
995 4160
994 4161
993 4161
993 4162
992 4163
991 4163
990 4164
989 4164
989 4165
988 4166
987 4167
986 4167
986 4168
985 4169
984 4169
984 4170
983 4171
982 4171
982 4172
981 4173
980 4174
980 4175
979 4176
978 4177
978 4178
977 4179
976 4180
976 4181
975 4182
975 4183
975 4184
975 4185
975 4186
975 4187
975 4188
975 4189
975 4190
975 4191
975 4192
975 4193
975 4194
975 4195
975 4196
975 4197
976 4198
976 4199
976 4200
977 4201
977 4202
977 4203
978 4204
978 4205
978 4206
978 4207
979 4208
980 4209
980 4210
980 4211
981 4212
981 4213
982 4214
982 4215
982 4216
982 4217
983 4218
983 4219
984 4220
984 4221
984 4222
985 4222
986 4223
986 4224
987 4225
988 4226
989 4227
989 4228
990 4229
991 4230
991 4231
992 4232
993 4233
993 4234
994 4235
995 4236
995 4237
996 4238
997 4238
998 4239
998 4240
999 4241
1000 4242
1001 4242
1002 4243
1003 4244
1003 4245
1004 4246
1005 4246
1006 4247
1006 4248
1007 4249
1008 4250
1009 4251
1009 4252
1010 4253
1011 4254
1011 4255
1012 4255
1013 4256
1013 4257
1014 4258
1014 4259
1015 4260
1015 4261
1015 4262
1015 4263
1016 4264
1016 4265
1016 4266
1016 4267
1017 4268
1017 4269
1018 4270
1018 4271
1018 4272
1018 4273
1019 4274
1019 4275
1019 4276
1019 4277
1020 4278
1020 4279
1020 4280
1020 4281
1021 4282
1021 4283
1021 4284
1021 4285
1022 4286
1022 4287
1022 4288
1023 4289
1023 4290
1023 4291
1023 4292
1023 4293
1023 4294
1023 4295
1023 4296
1024 4297
1024 4298
1025 4299
1025 4300
1026 4301
1026 4302
1027 4303
1027 4304
1028 4305
1028 4306
1029 4307
1029 4308
1030 4309
1031 4310
1031 4311
1032 4312
1033 4312
1034 4313
1034 4314
1035 4315
1036 4315
1037 4316
1038 4316
1039 4317
1040 4318
1041 4319
1042 4320
1043 4321
1044 4321
1045 4322
1046 4323
1047 4324
1048 4324
1049 4325
1050 4325
1051 4326
1052 4326
1053 4327
1054 4327
1055 4328
1056 4328
1057 4328
1058 4328
1059 4329
1060 4329
1061 4329
1062 4329
1063 4330
1064 4330
1065 4330
1066 4330
1067 4331
1068 4331
1069 4331
1070 4331
1071 4332
1072 4332
1073 4333
1074 4333
1075 4334
1076 4334
1077 4335
1078 4335
1079 4335
1080 4335
1081 4335
1082 4335
1083 4335
1084 4335
1085 4335
1086 4335
1087 4336
1088 4336
1089 4336
1090 4336
1091 4337
1092 4337
1093 4338
1094 4338
1095 4338
1096 4338
1097 4339
1098 4339
1099 4340
1100 4340
1101 4340
1102 4340
1103 4341
1104 4341
1105 4342
1106 4342
1107 4342
1108 4342
1109 4343
1110 4343
1111 4344
1112 4344
1113 4344
1114 4344
1115 4345
1116 4345
1117 4345
1118 4345
1119 4345
1120 4345
1121 4345
1122 4345
1123 4345
1124 4345
1125 4345
1126 4345
1127 4345
1128 4346
1129 4346
1130 4346
1131 4347
1132 4347
1133 4347
1134 4347
1135 4347
1136 4347
1137 4347
1138 4347
1139 4347
1140 4347
1141 4347
1142 4347
1143 4347
1144 4347
1145 4347
1146 4347
1147 4347
1148 4347
1149 4347
1150 4347
1151 4347
1152 4347
1153 4347
1154 4347
1155 4347
1156 4347
1157 4347
1158 4347
1159 4347
1160 4347
1161 4347
1162 4347
1163 4347
1164 4347
1165 4347
1166 4347
1167 4347
1168 4347
1169 4347
1170 4347
1171 4347
1172 4347
1173 4347
1174 4347
1175 4347
1176 4347
1177 4347
1178 4347
1179 4347
1180 4347
1181 4347
1182 4347
1183 4347
1184 4347
1185 4346
1186 4346
1187 4346
1188 4346
1189 4345
1190 4345
1191 4345
1192 4345
1193 4345
1194 4345
1195 4345
1196 4345
1197 4345
1198 4345
1199 4344
1200 4344
1201 4344
1202 4344
1203 4343
1204 4343
1205 4343
1206 4343
1207 4342
1208 4342
1209 4342
1210 4342
1211 4341
1212 4341
1213 4341
1214 4341
1215 4341
1216 4341
1217 4340
1218 4340
1219 4340
1220 4340
1221 4339
1222 4339
1223 4338
1224 4338
1225 4338
1226 4338
1227 4337
1228 4337
1229 4336
1230 4336
1231 4336
1232 4336
1233 4335
1234 4335
1235 4335
1236 4335
1237 4334
1238 4334
1239 4334
1240 4334
1241 4333
1242 4333
1243 4333
1244 4333
1245 4333
1246 4333
1247 4333
1248 4332
1249 4332
1250 4331
1251 4331
1252 4330
1253 4329
1254 4329
1255 4328
1256 4328
1257 4327
1258 4327
1259 4327
1260 4327
1261 4326
1262 4326
1263 4326
1264 4326
1265 4325
1266 4325
1267 4324
1268 4324
1269 4324
1270 4323
1271 4322
1272 4322
1273 4321
1274 4321
1275 4321
1276 4321
1277 4321
1278 4320
1279 4319
1280 4319
1281 4318
1282 4318
1282 4317
1283 4316
1284 4316
1285 4316
1286 4316
1287 4315
1288 4314
1289 4314
1290 4314
1291 4313
1292 4313
1293 4312
1294 4312
1295 4311
1296 4310
1297 4310
1298 4309
1299 4308
1300 4308
1301 4307
1302 4307
1303 4306
1304 4306
1305 4306
1306 4305
1307 4305
1308 4304
1309 4304
1310 4304
1311 4303
1312 4303
1313 4303
1314 4303
1315 4302
1316 4302
1317 4302
1318 4302
1319 4301
1320 4301
1321 4301
1322 4301
1323 4300
1324 4300
1325 4299
1326 4299
1327 4298
1328 4298
1329 4297
1330 4297
1331 4297
1332 4297
1333 4296
1334 4296
1335 4296
1336 4296
1336 4295
1337 4294
1338 4294
1339 4294
1340 4294
1341 4293
1342 4292
1343 4292
1344 4292
1345 4291
1346 4291
1347 4291
1348 4291
1349 4290
1350 4290
1351 4290
1352 4290
1353 4289
1354 4289
1355 4289
1356 4289
1357 4289
1358 4289
1359 4289
1360 4289
1361 4289
1362 4289
1363 4289
1364 4289
1365 4288
1366 4288
1367 4288
1368 4288
1368 4287
1369 4286
1370 4286
1371 4286
1372 4286
1373 4285
1374 4284
1375 4283
1376 4282
1377 4282
1378 4281
1379 4280
1379 4279
1380 4278
1381 4278
1382 4277
1382 4276
1383 4275
1384 4274
1384 4273
1385 4272
1386 4271
1387 4270
1388 4269
1388 4268
1389 4267
1390 4266
1391 4265
1391 4264
1392 4263
1392 4262
1393 4261
1393 4260
1394 4259
1394 4258
1395 4257
1395 4256
1396 4255
1396 4254
1397 4253
1398 4253
1398 4252
1399 4251
1400 4251
1401 4250
1402 4249
1403 4248
1403 4247
1404 4246
1404 4245
1405 4244
1406 4243
1407 4242
1408 4241
1409 4240
1409 4239
1410 4238
1411 4238
1412 4237
1412 4236
1413 4235
1414 4234
1414 4233
1415 4232
1416 4231
1417 4230
1418 4229
1418 4228
1419 4227
1420 4226
1421 4225
1421 4224
1422 4223
1422 4222
1423 4221
1424 4221
1424 4220
1425 4219
1426 4219
1426 4218
1427 4217
1428 4216
1428 4215
1429 4214
1430 4213
1430 4212
1431 4211
1432 4211
1433 4210
1434 4209
1435 4208
1435 4207
1436 4206
1437 4205
1438 4205
1439 4204
1440 4204
1441 4203
1442 4202
1443 4201
1444 4201
1445 4200
1446 4199
1447 4198
1448 4198
1448 4197
1449 4196
1450 4196
1451 4195
1452 4195
1453 4194
1454 4194
1455 4193
1456 4192
1457 4192
1457 4191
1458 4190
1459 4189
1460 4189
1460 4188
1461 4187
1462 4187
1463 4186
1463 4185
1464 4184
1465 4183
1466 4182
1467 4181
1467 4180
1468 4179
1469 4178
1470 4177
1471 4176
1471 4175
1472 4174
1473 4174
1474 4173
1474 4172
1475 4171
1476 4170
1476 4169
1476 4168
1476 4167
1476 4166
1476 4165
1476 4164
1477 4163
1477 4162
1477 4161
1478 4160
1478 4159
1478 4158
1478 4157
1478 4156
1478 4155
1478 4154
1478 4153
1479 4152
1479 4151
1479 4150
1480 4149
1480 4148
1480 4147
1480 4146
1480 4145
1480 4144
1480 4143
1480 4142
1480 4141
1480 4140
1480 4139
1480 4138
1480 4137
1480 4136
1480 4135
1480 4134
1480 4133
1480 4132
1480 4131
1480 4130
1480 4129
1480 4128
1480 4127
1480 4126
1480 4125
1480 4124
1480 4123
1480 4122
1480 4121
1480 4120
1480 4119
1480 4118
1480 4117
1480 4116
1480 4115
1480 4114
1480 4113
1480 4112
1480 4111
1480 4110
1480 4109
1480 4108
1480 4107
1480 4106
1480 4105
1480 4104
1480 4103
1480 4102
1480 4101
1480 4100
1480 4099
1480 4098
1479 4097
1479 4096
1479 4095
1479 4094
1478 4093
1478 4092
1477 4091
1477 4090
1477 4089
1477 4088
1476 4087
1476 4086
1476 4085
1476 4084
1476 4083
1476 4082
1476 4081
1476 4080
1475 4079
1475 4078
1475 4077
1475 4076
1474 4075
1474 4074
1474 4073
1474 4072
1474 4071
1474 4070
1473 4069
1473 4068
1473 4067
1473 4066
1472 4065
1472 4064
1471 4063
1471 4062
1471 4061
1471 4060
1470 4059
1470 4058
1470 4057
1469 4056
1469 4055
1469 4054
1468 4053
1468 4052
1468 4051
1468 4050
1468 4049
1468 4048
1468 4047
1468 4046
1467 4045
1467 4044
1467 4043
1466 4042
1466 4041
1465 4040
1465 4039
1465 4038
1464 4037
1464 4036
1464 4035
1464 4034
1464 4033
1464 4032
1464 4031
1464 4030
1463 4029
1463 4028
1463 4027
1463 4026
1462 4025
1462 4024
1461 4023
1461 4022
1461 4021
1461 4020
1460 4020
1459 4019
1459 4018
1459 4017
1458 4016
1458 4015
1458 4014
1457 4013
1457 4012
1457 4011
1456 4010
1456 4009
1455 4008
1454 4007
1454 4006
1453 4005
1453 4004
1452 4003
1452 4002
1452 4001
1452 4000
1451 3999
1451 3998
1451 3997
1451 3996
1450 3995
1450 3994
1450 3993
1449 3992
1449 3991
1449 3990
1448 3989
1448 3988
1447 3987
1447 3986
1447 3985
1446 3984
1446 3983
1446 3982
1445 3981
1445 3980
1445 3979
1445 3978
1444 3977
1444 3976
1443 3975
1443 3974
1443 3973
1443 3972
1442 3971
1442 3970
1442 3969
1442 3968
1442 3967
1442 3966
1441 3965
1441 3964
1441 3963
1441 3962
1440 3961
1440 3960
1440 3959
1440 3958
1439 3957
1439 3956
1439 3955
1439 3954
1438 3953
1438 3952
1438 3951
1438 3950
1438 3949
1438 3948
1437 3947
1437 3946
1437 3945
1437 3944
1436 3943
1436 3942
1436 3941
1436 3940
1436 3939
1436 3938
1435 3937
1435 3936
1435 3935
1435 3934
1434 3933
1434 3932
1434 3931
1434 3930
1433 3929
1433 3928
1433 3927
1433 3926
1432 3925
1432 3924
1432 3923
1432 3922
1432 3921
1432 3920
1432 3919
1432 3918
1431 3917
1431 3916
1431 3915
1431 3914
1430 3913
1430 3912
1430 3911
1430 3910
1429 3909
1429 3908
1428 3907
1427 3906
1427 3905
1426 3904
1425 3904
1424 3903
1423 3903
1422 3902
1421 3902
1420 3902
1419 3902
1418 3902
1417 3902
1416 3902
1415 3902
1414 3901
1413 3901
1412 3901
1411 3901
1410 3900
1409 3900
1408 3900
1407 3900
1406 3900
1405 3900
1404 3899
1403 3899
1402 3899
1401 3899
1400 3898
1399 3898
1398 3898
1397 3898
1396 3898
1395 3898
1394 3898
1393 3898
1392 3898
1391 3898
1390 3898
1389 3898
1388 3898
1387 3898
1386 3898
1385 3898
1384 3898
1383 3898
1382 3898
1381 3898
1380 3898
1379 3898
1378 3898
1377 3898
1376 3897
1375 3897
1374 3897
1373 3897
1372 3896
1371 3896
1370 3896
1369 3896
1368 3896
1367 3896
1366 3896
1365 3896
1364 3896
1363 3896
1362 3896
1361 3896
1360 3896
1359 3896
1358 3896
1357 3896
1356 3896
1355 3896
1354 3896
1353 3896
1352 3896
1351 3896
1350 3896
1349 3896
