711 499
710 500
709 500
708 500
707 500
706 501
705 501
704 501
703 501
702 501
701 501
700 501
699 501
698 501
697 501
696 501
695 501
694 501
693 501
692 501
691 501
690 501
689 502
688 502
687 502
686 503
685 503
684 503
683 503
682 503
681 503
680 503
679 503
678 504
677 504
676 504
675 504
674 505
673 505
672 505
671 505
670 505
669 505
668 505
667 505
666 506
665 506
664 506
663 506
662 507
661 507
660 508
659 508
658 508
657 508
656 509
655 509
654 509
653 509
652 509
651 509
650 509
649 509
648 508
647 508
646 509
645 509
644 508
643 508
642 509
641 509
640 510
639 510
638 510
637 510
636 511
635 511
634 512
633 512
632 512
631 512
630 513
629 513
628 513
627 513
626 513
625 513
624 514
623 514
622 514
621 514
620 515
619 515
618 515
617 515
616 515
615 515
614 515
613 516
612 517
611 517
610 518
609 518
609 519
608 520
607 520
606 521
605 521
604 522
603 522
602 523
601 524
600 525
599 525
598 526
597 526
597 527
596 528
595 528
594 528
593 528
592 529
591 530
590 530
589 530
588 531
587 532
586 533
585 533
585 534
584 535
583 535
582 536
581 537
580 537
579 538
578 538
577 539
576 540
575 541
574 542
573 543
573 544
573 545
573 546
572 547
572 548
573 549
573 550
573 551
573 552
572 553
571 553
570 552
569 552
568 551
567 551
566 550
565 550
564 550
563 550
562 551
561 552
560 553
559 554
558 555
558 556
558 557
558 558
557 559
557 560
556 561
556 562
555 563
555 564
554 565
553 566
552 567
551 567
550 568
549 568
548 569
547 569
546 570
545 570
544 571
543 571
543 572
542 573
541 574
540 575
539 576
538 577
537 578
536 579
535 579
535 580
534 581
533 581
533 582
532 583
532 584
531 585
530 585
530 586
530 587
530 588
529 589
529 590
529 591
529 592
528 593
528 594
527 595
526 596
526 597
525 598
524 598
523 599
523 600
522 601
521 602
521 603
520 604
519 605
519 606
518 607
518 608
517 609
517 610
517 611
517 612
516 613
516 614
516 615
516 616
515 617
515 618
515 619
515 620
515 621
515 622
515 623
515 624
516 625
515 626
515 627
515 628
515 629
515 630
515 631
515 632
515 633
515 634
515 635
515 636
514 637
514 638
514 639
514 640
513 641
512 641
512 642
512 643
512 644
511 645
511 646
510 647
510 648
509 649
509 650
508 651
507 651
507 652
506 653
506 654
505 655
505 656
505 657
505 658
505 659
505 660
505 661
505 662
505 663
505 664
505 665
505 666
505 667
505 668
506 669
506 670
506 671
506 672
506 673
506 674
506 675
506 676
505 677
505 678
505 679
505 680
505 681
505 682
505 683
505 684
505 685
505 686
505 687
505 688
506 689
506 690
507 691
508 692
509 693
509 694
510 695
510 696
510 697
510 698
510 699
510 700
509 701
509 702
510 703
510 704
511 705
511 706
512 707
513 708
513 709
514 710
514 711
514 712
515 712
516 713
516 714
516 715
516 716
516 717
516 718
516 719
516 720
515 721
515 722
515 723
515 724
515 725
515 726
515 727
516 728
517 729
517 730
518 731
518 732
519 732
520 733
520 734
520 735
520 736
521 736
522 737
522 738
522 739
522 740
523 741
523 742
524 743
524 744
524 745
524 746
525 747
525 748
525 749
525 750
525 751
525 752
525 753
525 754
526 755
526 756
527 757
527 758
528 759
528 760
529 761
529 762
529 763
529 764
530 765
530 766
530 767
530 768
531 768
532 769
532 770
533 771
533 772
534 773
534 774
534 775
534 776
535 777
535 778
535 779
535 780
536 781
537 782
537 783
537 784
538 785
538 786
538 787
538 788
539 789
540 790
541 791
541 792
542 793
543 794
544 795
545 796
546 796
547 797
547 798
548 798
549 799
550 799
551 800
552 800
553 801
554 801
555 802
556 803
556 804
557 805
557 806
558 807
559 808
560 809
561 810
562 810
563 811
563 812
564 813
564 814
565 815
565 816
565 817
565 818
566 819
566 820
567 821
567 822
568 822
569 823
570 824
571 824
572 825
573 826
574 827
575 828
576 829
577 830
578 830
579 831
579 832
580 833
581 834
582 834
583 835
583 836
584 837
585 838
586 838
587 839
588 840
589 840
590 840
591 841
592 841
593 842
594 843
595 844
596 845
596 846
597 847
597 848
598 849
599 850
600 850
601 851
602 851
603 852
604 852
605 853
606 853
607 853
608 853
609 854
610 854
611 855
612 855
613 855
614 856
615 856
616 857
617 857
618 858
619 858
620 858
621 858
622 858
623 859
624 859
625 860
626 860
627 861
628 861
629 862
629 863
630 863
631 863
632 863
633 864
634 864
635 865
636 865
637 865
638 865
639 866
640 866
641 866
642 866
643 867
644 867
645 868
646 868
647 869
648 869
649 870
649 871
650 871
651 872
652 872
653 873
654 873
655 874
656 874
657 874
658 874
659 875
660 875
661 875
662 876
663 876
664 877
665 878
666 878
667 879
668 879
669 879
670 879
671 879
672 879
673 878
674 878
675 878
676 878
677 879
678 879
679 879
680 879
681 880
682 880
683 880
684 880
685 880
686 880
687 880
688 880
689 880
690 880
691 879
692 879
693 879
694 879
695 878
696 878
697 878
698 878
699 878
700 877
701 876
702 876
703 875
704 875
705 874
706 873
707 873
708 873
709 872
710 872
711 872
712 872
713 872
714 872
715 871
716 871
717 871
718 870
719 869
720 869
721 869
722 869
723 868
724 868
725 868
726 868
727 867
728 867
729 867
730 867
731 866
732 866
733 866
734 866
735 866
736 866
737 866
738 866
739 865
740 865
741 864
742 864
742 863
743 862
744 862
745 861
746 861
747 861
748 861
749 861
750 861
751 861
752 861
753 861
754 861
755 860
756 860
757 859
758 858
759 858
760 857
761 856
762 856
763 855
764 855
765 854
766 854
766 853
767 852
768 852
768 851
769 850
770 850
771 849
772 848
773 848
774 847
775 846
776 846
777 845
778 844
778 843
779 842
780 842
781 841
782 840
782 839
783 838
784 837
784 836
785 835
786 834
786 833
787 832
787 831
788 830
788 829
788 828
788 827
789 826
789 825
788 824
789 823
790 822
790 821
791 820
792 820
793 819
794 819
795 818
796 818
797 817
798 816
799 815
799 814
800 813
801 812
801 811
801 810
801 809
801 808
801 807
801 806
801 805
801 804
802 803
802 802
803 801
803 800
804 799
804 798
804 797
804 796
804 795
804 794
804 793
805 792
805 791
805 790
805 789
806 788
806 787
806 786
806 785
806 784
806 783
807 782
807 781
807 780
807 779
808 778
808 777
808 776
808 775
808 774
808 773
808 772
808 771
808 770
808 769
808 768
808 767
808 766
808 765
809 764
809 763
809 762
809 761
810 760
810 759
810 758
810 757
810 756
810 755
810 754
810 753
811 752
811 751
811 750
811 749
812 748
812 747
812 746
812 745
813 744
813 743
814 742
814 741
815 740
816 739
816 738
817 737
817 736
818 735
818 734
818 733
818 732
818 731
818 730
818 729
818 728
818 727
819 726
819 725
819 724
819 723
820 722
820 721
821 720
821 719
821 718
822 717
823 716
823 715
823 714
823 713
824 712
824 711
824 710
824 709
825 708
825 707
825 706
825 705
826 704
826 703
826 702
826 701
826 700
826 699
827 698
827 697
827 696
828 695
828 694
828 693
828 692
828 691
828 690
828 689
828 688
828 687
829 686
829 685
829 684
829 683
830 682
830 681
830 680
830 679
830 678
830 677
830 676
830 675
830 674
830 673
830 672
830 671
830 670
830 669
830 668
830 667
830 666
830 665
830 664
830 663
830 662
830 661
830 660
830 659
830 658
830 657
829 656
830 655
830 654
830 653
829 652
829 651
830 650
830 649
830 648
830 647
830 646
830 645
831 644
831 643
831 642
831 641
831 640
831 639
831 638
831 637
830 636
830 635
831 634
831 633
830 632
830 631
831 630
831 629
830 628
830 627
829 626
829 625
829 624
829 623
828 622
828 621
828 620
828 619
827 618
827 617
827 616
827 615
826 614
826 613
826 612
826 611
826 610
825 609
825 608
825 607
824 606
824 605
824 604
824 603
823 602
823 601
823 600
823 599
822 598
822 597
821 596
821 595
821 594
821 593
820 592
820 591
819 590
819 589
818 588
818 587
817 587
816 586
815 585
814 585
813 584
812 583
811 582
811 581
810 580
810 579
810 578
810 577
809 576
809 575
809 574
808 573
807 572
806 571
806 570
805 569
804 568
803 567
802 566
802 565
801 564
801 563
800 562
799 561
798 560
797 559
796 558
795 557
795 556
795 555
794 554
794 553
794 552
793 552
792 551
791 551
790 551
789 551
788 550
788 549
788 548
788 547
788 546
788 545
788 544
788 543
789 542
790 542
791 542
792 542
792 541
792 540
791 539
791 538
790 538
789 537
789 536
788 535
787 535
786 534
785 533
784 532
783 532
782 531
781 531
780 530
779 529
778 528
777 527
776 527
775 526
774 525
774 524
773 524
772 523
771 523
770 522
769 522
768 521
768 520
767 520
766 520
765 519
764 518
763 517
762 517
761 516
760 515
759 515
758 514
757 514
756 513
755 512
754 511
753 511
752 510
751 509
750 509
749 508
748 508
747 508
746 507
745 507
744 507
743 507
742 507
741 507
740 507
739 507
738 507
737 506
736 506
735 506
734 505
733 505
732 504
731 504
730 504
729 504
728 503
727 503
726 503
725 503
724 503
723 503
722 502
721 502
720 502
719 501
718 500
717 500
716 500
715 500
714 499
713 499
712 499
711 499
