2533 6018
2532 6019
2531 6019
2530 6019
2529 6019
2528 6020
2527 6020
2526 6020
2525 6020
2524 6020
2523 6020
2522 6020
2521 6020
2520 6020
2519 6020
2518 6020
2517 6020
2516 6020
2515 6020
2514 6020
2513 6020
2512 6020
2511 6020
2510 6020
2509 6020
2508 6020
2507 6020
2506 6020
2505 6020
2504 6020
2503 6020
2502 6020
2501 6020
2500 6020
2499 6020
2498 6020
2497 6020
2496 6020
2495 6020
2494 6020
2493 6020
2492 6020
2491 6020
2490 6020
2489 6020
2488 6020
2487 6020
2486 6020
2485 6020
2484 6020
2483 6020
2482 6020
2481 6020
2480 6020
2479 6020
2478 6020
2477 6020
2476 6021
2475 6021
2474 6021
2473 6021
2472 6022
2471 6022
2470 6022
2469 6022
2468 6022
2467 6022
2466 6022
2465 6022
2464 6022
2463 6022
2462 6022
2461 6022
2460 6023
2459 6023
2458 6023
2457 6023
2456 6024
2455 6024
2454 6024
2453 6024
2452 6025
2451 6025
2450 6025
2449 6025
2448 6026
2447 6026
2446 6026
2445 6026
2444 6026
2443 6026
2442 6026
2441 6027
2440 6027
2439 6027
2438 6028
2437 6028
2436 6029
2435 6029
2434 6029
2433 6029
2432 6030
2431 6030
2430 6030
2429 6030
2428 6031
2427 6031
2426 6031
2425 6031
2425 6032
2424 6033
2423 6033
2422 6033
2421 6033
2420 6034
2419 6035
2418 6036
2417 6036
2416 6037
2415 6038
2414 6039
2413 6040
2412 6040
2411 6041
2410 6042
2409 6043
2408 6043
2407 6044
2407 6045
2406 6046
2405 6047
2404 6047
2404 6048
2403 6049
2402 6049
2402 6050
2401 6051
2400 6051
2399 6052
2399 6053
2398 6054
2397 6055
2396 6055
2395 6056
2394 6057
2394 6058
2393 6059
2392 6059
2391 6060
2390 6061
2389 6062
2388 6062
2387 6063
2386 6063
2386 6064
2385 6065
2384 6065
2383 6066
2382 6067
2381 6068
2380 6068
2379 6069
2378 6069
2377 6070
2376 6071
2375 6071
2374 6072
2373 6073
2372 6074
2371 6074
2370 6075
2369 6076
2368 6077
2367 6078
2366 6079
2365 6080
2364 6080
2363 6081
2362 6081
2361 6081
2361 6082
2360 6083
2359 6083
2358 6084
2357 6084
2357 6085
2356 6086
2355 6087
2354 6087
2354 6088
2353 6089
2352 6090
2351 6091
2350 6092
2350 6093
2349 6094
2349 6095
2348 6096
2347 6097
2347 6098
2347 6099
2346 6100
2346 6101
2345 6102
2344 6103
2344 6104
2343 6105
2342 6105
2342 6106
2342 6107
2341 6108
2341 6109
2341 6110
2341 6111
2340 6112
2340 6113
2340 6114
2339 6115
2338 6116
2338 6117
2338 6118
2338 6119
2337 6120
2337 6121
2337 6122
2337 6123
2336 6124
2336 6125
2336 6126
2336 6127
2335 6128
2335 6129
2334 6130
2334 6131
2334 6132
2334 6133
2333 6134
2333 6135
2333 6136
2332 6137
2332 6138
2332 6139
2331 6140
2331 6141
2331 6142
2331 6143
2331 6144
2331 6145
2331 6146
2331 6147
2331 6148
2331 6149
2331 6150
2331 6151
2331 6152
2331 6153
2331 6154
2331 6155
2331 6156
2331 6157
2331 6158
2331 6159
2331 6160
2330 6161
2330 6162
2330 6163
2329 6164
2329 6165
2329 6166
2329 6167
2329 6168
2329 6169
2329 6170
2329 6171
2329 6172
2329 6173
2329 6174
2329 6175
2329 6176
2329 6177
2329 6178
2329 6179
2329 6180
2329 6181
2329 6182
2329 6183
2329 6184
2329 6185
2329 6186
2329 6187
2329 6188
2329 6189
2329 6190
2329 6191
2329 6192
2329 6193
2329 6194
2329 6195
2328 6196
2328 6197
2328 6198
2328 6199
2327 6200
2327 6201
2327 6202
2327 6203
2327 6204
2327 6205
2327 6206
2327 6207
2327 6208
2327 6209
2327 6210
2327 6211
2327 6212
2327 6213
2327 6214
2327 6215
2327 6216
2327 6217
2327 6218
2327 6219
2327 6220
2327 6221
2326 6222
2326 6223
2326 6224
2325 6225
2325 6226
2325 6227
2324 6228
2324 6229
2324 6230
2324 6231
2323 6232
2323 6233
2323 6234
2323 6235
2322 6236
2322 6237
2322 6238
2322 6239
2321 6240
2321 6241
2321 6242
2321 6243
2321 6244
2321 6245
2321 6246
2321 6247
2321 6248
2321 6249
2321 6250
2321 6251
2321 6252
2321 6253
2321 6254
2321 6255
2321 6256
2321 6257
2321 6258
2321 6259
2321 6260
2321 6261
2322 6262
2322 6263
2322 6264
2323 6265
2323 6266
2323 6267
2323 6268
2323 6269
2323 6270
2323 6271
2323 6272
2324 6273
2324 6274
2324 6275
2325 6276
2325 6277
2325 6278
2325 6279
2325 6280
2325 6281
2325 6282
2325 6283
2325 6284
2325 6285
2325 6286
2325 6287
2325 6288
2325 6289
2325 6290
2325 6291
2326 6292
2326 6293
2326 6294
2326 6295
2327 6296
2327 6297
2327 6298
2327 6299
2327 6300
2327 6301
2327 6302
2327 6303
2327 6304
2327 6305
2327 6306
2327 6307
2327 6308
2327 6309
2327 6310
2327 6311
2327 6312
2327 6313
2328 6314
2328 6315
2328 6316
2328 6317
2329 6318
2329 6319
2329 6320
2329 6321
2330 6322
2330 6323
2330 6324
2330 6325
2331 6326
2331 6327
2331 6328
2331 6329
2332 6330
2332 6331
2332 6332
2332 6333
2333 6333
2334 6334
2334 6335
2334 6336
2335 6337
2335 6338
2336 6339
2336 6340
2336 6341
2337 6342
2338 6343
2339 6344
2340 6345
2340 6346
2340 6347
2341 6348
2342 6349
2342 6350
2343 6351
2343 6352
2344 6353
2345 6354
2345 6355
2346 6356
2346 6357
2347 6358
2347 6359
2348 6360
2348 6361
2349 6362
2349 6363
2350 6364
2350 6365
2351 6366
2352 6367
2352 6368
2353 6369
2353 6370
2353 6371
2354 6372
2354 6373
2354 6374
2354 6375
2355 6376
2355 6377
2356 6378
2356 6379
2356 6380
2356 6381
2357 6382
2358 6383
2359 6384
2359 6385
2360 6386
2361 6387
2361 6388
2362 6389
2362 6390
2363 6391
2363 6392
2364 6393
2364 6394
2365 6394
2366 6395
2367 6396
2367 6397
2368 6398
2369 6399
2369 6400
2370 6401
2370 6402
2371 6403
2372 6404
2372 6405
2372 6406
2373 6407
2374 6408
2374 6409
2375 6410
2375 6411
2376 6412
2377 6413
2377 6414
2378 6415
2379 6416
2379 6417
2380 6418
2381 6419
2382 6419
2383 6420
2384 6421
2385 6422
2386 6422
2387 6423
2388 6424
2389 6425
2390 6426
2391 6427
2392 6428
2393 6429
2394 6429
2395 6430
2395 6431
2396 6431
2397 6432
2397 6433
2398 6434
2399 6435
2400 6436
2401 6437
2402 6437
2403 6438
2403 6439
2404 6439
2405 6440
2405 6441
2406 6442
2407 6443
2408 6444
2409 6445
2410 6445
2411 6446
2411 6447
2412 6447
2413 6448
2413 6449
2414 6450
2415 6451
2416 6452
2417 6452
2418 6453
2419 6454
2420 6454
2421 6455
2422 6456
2423 6457
2424 6457
2425 6458
2426 6459
2427 6459
2428 6460
2429 6460
2430 6461
2431 6461
2432 6462
2433 6463
2434 6463
2435 6464
2436 6465
2437 6465
2438 6466
2439 6467
2440 6468
2441 6469
2442 6469
2443 6470
2444 6470
2445 6471
2446 6471
2447 6472
2448 6472
2449 6472
2450 6473
2451 6473
2452 6474
2453 6474
2454 6474
2455 6475
2455 6476
2456 6476
2457 6477
2458 6477
2459 6478
2460 6479
2461 6479
2462 6480
2463 6480
2464 6480
2465 6481
2466 6481
2467 6481
2468 6481
2469 6481
2470 6481
2471 6481
2472 6481
2473 6481
2474 6481
2475 6482
2476 6482
2477 6482
2478 6482
2479 6483
2480 6483
2481 6483
2482 6483
2483 6483
2484 6483
2485 6483
2486 6483
2487 6483
2488 6483
2489 6483
2490 6483
2491 6483
2492 6483
2493 6483
2494 6483
2495 6483
2496 6483
2497 6483
2498 6483
2499 6483
2500 6483
2501 6483
2502 6483
2503 6483
2504 6483
2505 6482
2506 6482
2507 6482
2508 6482
2509 6481
2510 6481
2511 6480
2512 6480
2513 6480
2514 6480
2515 6479
2516 6479
2517 6479
2518 6479
2519 6479
2520 6479
2521 6479
2522 6479
2523 6480
2524 6480
2525 6480
2526 6480
2527 6481
2528 6481
2529 6482
2530 6482
2531 6482
2532 6482
2533 6483
2534 6483
2535 6483
2536 6483
2537 6483
2538 6483
2539 6483
2540 6483
2541 6482
2542 6482
2543 6482
2544 6482
2545 6481
2546 6481
2547 6481
2548 6481
2549 6480
2550 6480
2551 6480
2552 6480
2553 6479
2554 6479
2555 6478
2556 6478
2557 6477
2558 6477
2559 6476
2560 6476
2561 6475
2562 6475
2563 6474
2564 6474
2565 6474
2566 6473
2567 6472
2568 6472
2569 6471
2570 6471
2571 6471
2572 6471
2573 6470
2574 6470
2575 6470
2576 6470
2576 6469
2577 6468
2578 6468
2579 6468
2580 6467
2581 6466
2582 6466
2583 6466
2584 6466
2585 6465
2586 6465
2587 6464
2588 6464
2589 6464
2590 6464
2591 6463
2592 6463
2593 6463
2594 6463
2595 6462
2596 6462
2597 6462
2598 6462
2599 6461
2600 6461
2601 6461
2602 6461
2603 6461
2604 6461
2605 6460
2606 6460
2607 6460
2608 6460
2609 6459
2610 6459
2611 6459
2612 6459
2613 6459
2614 6459
2615 6458
2616 6458
2617 6458
2618 6457
2619 6457
2620 6457
2621 6457
2622 6457
2623 6457
2624 6457
2625 6457
2626 6457
2627 6456
2628 6456
2629 6456
2630 6456
2631 6455
2632 6455
2633 6455
2634 6455
2635 6455
2636 6454
2637 6454
2638 6453
2639 6452
2640 6452
2640 6451
2641 6450
2642 6450
2643 6449
2644 6449
2645 6448
2646 6448
2647 6447
2648 6446
2649 6446
2650 6445
2651 6445
2652 6444
2653 6444
2654 6444
2655 6443
2656 6443
2657 6442
2658 6442
2659 6442
2660 6442
2661 6441
2662 6440
2663 6439
2664 6438
2665 6438
2666 6437
2666 6436
2667 6435
2668 6434
2668 6433
2668 6432
2668 6431
2668 6430
2668 6429
2668 6428
2669 6427
2669 6426
2669 6425
2670 6424
2670 6423
2671 6422
2672 6421
2673 6420
2674 6419
2674 6418
2675 6417
2676 6416
2677 6415
2678 6415
2679 6414
2680 6414
2680 6413
2681 6412
2682 6412
2683 6412
2684 6411
2685 6410
2686 6410
2687 6410
2688 6410
2688 6409
2689 6408
2690 6408
2691 6407
2692 6406
2693 6406
2694 6405
2695 6404
2696 6403
2697 6402
2698 6401
2699 6400
2699 6399
2700 6398
2701 6398
2702 6397
2702 6396
2703 6395
2704 6394
2705 6394
2706 6393
2706 6392
2707 6391
2708 6391
2709 6390
2710 6390
2711 6389
2712 6388
2713 6387
2714 6387
2715 6386
2715 6385
2716 6384
2717 6384
2718 6383
2719 6382
2719 6381
2720 6380
2721 6379
2722 6378
2722 6377
2723 6376
2723 6375
2724 6374
2724 6373
2725 6372
2725 6371
2726 6370
2726 6369
2727 6368
2727 6367
2727 6366
2728 6365
2728 6364
2729 6363
2729 6362
2729 6361
2730 6360
2730 6359
2730 6358
2730 6357
2730 6356
2730 6355
2730 6354
2730 6353
2731 6352
2731 6351
2731 6350
2732 6349
2732 6348
2733 6347
2733 6346
2733 6345
2734 6344
2734 6343
2735 6342
2735 6341
2736 6340
2736 6339
2737 6338
2738 6337
2739 6336
2739 6335
2740 6334
2741 6334
2742 6333
2742 6332
2743 6331
2744 6330
2745 6329
2746 6328
2746 6327
2746 6326
2746 6325
2746 6324
2746 6323
2746 6322
2746 6321
2746 6320
2745 6319
2745 6318
2745 6317
2745 6316
2744 6315
2744 6314
2744 6313
2743 6312
2743 6311
2742 6310
2742 6309
2741 6308
2741 6307
2741 6306
2740 6305
2740 6304
2739 6303
2739 6302
2739 6301
2739 6300
2738 6299
2738 6298
2738 6297
2737 6296
2737 6295
2737 6294
2736 6293
2736 6292
2735 6291
2735 6290
2735 6289
2735 6288
2734 6287
2734 6286
2734 6285
2734 6284
2733 6283
2733 6282
2733 6281
2733 6280
2732 6279
2732 6278
2732 6277
2732 6276
2732 6275
2732 6274
2732 6273
2732 6272
2732 6271
2732 6270
2732 6269
2732 6268
2732 6267
2732 6266
2732 6265
2732 6264
2732 6263
2732 6262
2732 6261
2732 6260
2733 6259
2733 6258
2733 6257
2733 6256
2734 6255
2734 6254
2734 6253
2734 6252
2734 6251
2734 6250
2734 6249
2734 6248
2734 6247
2734 6246
2733 6245
2733 6244
2733 6243
2733 6242
2732 6241
2732 6240
2731 6239
2731 6238
2731 6237
2731 6236
2730 6235
2730 6234
2730 6233
2729 6232
2729 6231
2729 6230
2728 6229
2728 6228
2728 6227
2728 6226
2728 6225
2728 6224
2727 6223
2727 6222
2727 6221
2727 6220
2726 6219
2726 6218
2726 6217
2726 6216
2725 6215
2725 6214
2725 6213
2725 6212
2724 6211
2724 6210
2724 6209
2724 6208
2724 6207
2724 6206
2724 6205
2724 6204
2724 6203
2724 6202
2724 6201
2724 6200
2724 6199
2724 6198
2725 6197
2725 6196
2725 6195
2725 6194
2726 6193
2726 6192
2726 6191
2726 6190
2726 6189
2726 6188
2727 6187
2727 6186
2727 6185
2727 6184
2728 6183
2728 6182
2728 6181
2728 6180
2728 6179
2728 6178
2728 6177
2728 6176
2728 6175
2728 6174
2728 6173
2728 6172
2728 6171
2728 6170
2728 6169
2728 6168
2728 6167
2728 6166
2728 6165
2728 6164
2728 6163
2728 6162
2727 6161
2727 6160
2727 6159
2726 6158
2725 6157
2725 6156
2725 6155
2724 6154
2723 6153
2723 6152
2722 6151
2722 6150
2721 6149
2720 6148
2720 6147
2719 6146
2718 6145
2718 6144
2717 6143
2717 6142
2716 6141
2715 6140
2715 6139
2714 6139
2713 6138
2713 6137
2712 6136
2711 6135
2710 6134
2709 6133
2709 6132
2709 6131
2708 6130
2708 6129
2707 6128
2706 6127
2706 6126
2705 6125
2704 6124
2704 6123
2703 6122
2702 6121
2702 6120
2701 6119
2700 6118
2699 6117
2699 6116
2698 6115
2697 6114
2696 6113
2695 6112
2695 6111
2694 6110
2693 6109
2692 6109
2691 6108
2690 6107
2690 6106
2689 6105
2688 6104
2688 6103
2687 6102
2686 6101
2686 6100
2685 6099
2684 6099
2683 6098
2683 6097
2682 6096
2681 6095
2680 6095
2679 6094
2678 6093
2678 6092
2677 6091
2676 6091
2675 6090
2675 6089
2674 6089
2673 6088
2673 6087
2672 6086
2671 6085
2670 6084
2670 6083
2669 6082
2668 6081
2668 6080
2667 6079
2666 6078
2666 6077
2665 6076
2665 6075
2664 6074
2663 6073
2662 6072
2661 6071
2661 6070
2660 6069
2660 6068
2659 6067
2659 6066
2658 6065
2657 6064
2657 6063
2656 6062
2656 6061
2655 6060
2655 6059
2654 6058
2654 6057
2653 6056
2652 6055
2652 6054
2651 6053
2651 6052
2650 6051
2649 6050
2649 6049
2648 6048
2648 6047
2647 6046
2646 6045
2646 6044
2645 6043
2644 6043
2643 6042
2643 6041
2642 6040
2642 6039
2641 6038
2640 6037
2640 6036
2639 6035
2638 6034
2637 6034
2636 6033
2635 6032
2634 6032
2633 6031
2632 6031
2631 6030
2630 6029
2629 6029
2628 6029
2627 6029
2626 6028
2625 6027
2624 6027
2623 6027
2622 6026
2621 6026
2620 6025
2619 6025
2618 6025
2617 6025
2616 6024
2616 6023
2615 6023
2614 6023
2613 6023
2612 6022
2611 6022
2610 6022
2609 6022
2608 6022
2607 6022
2606 6021
2605 6021
2604 6021
2603 6021
2602 6020
2601 6020
2600 6020
2599 6020
2598 6020
2597 6020
2596 6019
2595 6019
2594 6019
2593 6019
2592 6018
2591 6018
2590 6018
2589 6018
2588 6018
2587 6018
2586 6018
2585 6018
2584 6018
2583 6018
2582 6018
2581 6018
2580 6018
2579 6018
2578 6018
2577 6018
2576 6018
2575 6018
2574 6018
2573 6018
2572 6018
2571 6018
2570 6018
2569 6018
2568 6018
2567 6018
2566 6018
2565 6018
2564 6018
2563 6018
2562 6018
2561 6018
2560 6018
2559 6018
2558 6018
2557 6018
2556 6018
2555 6018
2554 6018
2553 6018
2552 6018
2551 6018
2550 6018
2549 6018
2548 6018
2547 6018
2546 6018
2545 6018
2544 6018
2543 6018
2542 6018
2541 6018
2540 6018
2539 6018
2538 6018
2537 6018
2536 6018
2535 6018
2534 6018
2533 6018
