2718 3910
2717 3911
2716 3911
2715 3911
2714 3912
2713 3913
2712 3914
2711 3914
2710 3914
2709 3914
2708 3914
2707 3914
2706 3914
2705 3914
2704 3914
2703 3914
2702 3914
2701 3914
2700 3914
2699 3914
2698 3914
2697 3914
2696 3914
2695 3914
2694 3914
2693 3914
2692 3914
2691 3914
2690 3914
2689 3914
2688 3914
2687 3914
2686 3914
2685 3914
2684 3914
2683 3914
2682 3914
2681 3914
2680 3914
2679 3914
2678 3914
2677 3914
2676 3914
2675 3914
2674 3914
2673 3914
2672 3913
2671 3913
2670 3912
2669 3912
2668 3912
2667 3912
2666 3912
2665 3912
2664 3912
2663 3912
2662 3912
2661 3912
2660 3912
2659 3912
2658 3912
2657 3912
2656 3912
2655 3912
2654 3912
2653 3912
2652 3912
2651 3912
2650 3912
2649 3912
2648 3912
2647 3912
2646 3912
2645 3912
2644 3912
2643 3912
2642 3912
2641 3912
2640 3912
2639 3912
2638 3912
2637 3912
2636 3912
2635 3912
2634 3912
2633 3912
2632 3912
2631 3912
2630 3912
2629 3912
2628 3912
2627 3912
2626 3912
2625 3912
2624 3912
2623 3913
2622 3913
2621 3913
2620 3914
2619 3914
2618 3915
2617 3915
2617 3916
2616 3917
2615 3917
2614 3918
2613 3919
2612 3920
2611 3920
2610 3921
2609 3922
2608 3923
2607 3923
2606 3924
2605 3924
2604 3925
2603 3926
2602 3926
2601 3927
2600 3928
2599 3928
2598 3929
2597 3930
2596 3930
2595 3931
2594 3932
2593 3932
2592 3933
2591 3933
2590 3933
2589 3934
2588 3935
2587 3936
2586 3937
2585 3937
2585 3938
2584 3939
2583 3939
2583 3940
2582 3941
2581 3942
2580 3943
2579 3943
2578 3944
2577 3945
2576 3945
2575 3946
2574 3947
2573 3948
2572 3948
2572 3949
2571 3950
2570 3951
2569 3951
2569 3952
2568 3953
2567 3953
2567 3954
2566 3955
2565 3956
2564 3956
2563 3957
2562 3957
2561 3958
2560 3958
2559 3958
2558 3958
2557 3959
2556 3959
2555 3959
2554 3959
2553 3960
2552 3960
2551 3960
2550 3960
2549 3960
2548 3960
2547 3960
2546 3960
2545 3960
2544 3961
2543 3962
2542 3962
2541 3963
2540 3963
2539 3964
2538 3964
2537 3965
2536 3965
2535 3965
2534 3966
2533 3967
2532 3967
2531 3967
2530 3967
2530 3968
2529 3969
2528 3969
2527 3970
2526 3970
2525 3971
2524 3971
2523 3972
2522 3972
2521 3973
2520 3973
2519 3973
2518 3974
2517 3974
2516 3974
2515 3974
2514 3974
2513 3975
2512 3975
2511 3975
2510 3976
2509 3977
2508 3977
2507 3978
2506 3979
2505 3979
2504 3979
2503 3980
2502 3980
2501 3980
2500 3980
2499 3980
2498 3980
2497 3980
2496 3981
2495 3981
2494 3981
2493 3982
2492 3982
2491 3982
2490 3982
2489 3982
2488 3982
2487 3983
2486 3983
2485 3984
2484 3984
2483 3985
2482 3986
2481 3987
2480 3988
2479 3988
2478 3989
2477 3989
2476 3990
2475 3991
2474 3991
2474 3992
2473 3993
2472 3993
2471 3993
2470 3993
2470 3994
2469 3995
2468 3995
2467 3996
2466 3996
2465 3997
2464 3998
2463 3998
2462 3998
2461 3999
2460 3999
2459 3999
2458 3999
2457 4000
2456 4000
2455 4000
2454 4000
2453 4000
2452 4000
2451 4000
2450 4001
2449 4001
2448 4001
2447 4002
2446 4002
2445 4003
2444 4003
2443 4004
2442 4004
2441 4005
2440 4005
2439 4006
2438 4007
2437 4007
2436 4008
2435 4008
2434 4009
2433 4010
2432 4011
2431 4011
2430 4012
2429 4013
2428 4014
2427 4014
2426 4015
2425 4015
2425 4016
2424 4017
2423 4017
2423 4018
2422 4019
2421 4020
2420 4020
2420 4021
2419 4022
2418 4023
2417 4024
2417 4025
2416 4026
2415 4027
2415 4028
2414 4029
2413 4030
2412 4031
2411 4031
2410 4032
2409 4033
2408 4033
2408 4034
2407 4035
2406 4035
2405 4035
2404 4035
2403 4036
2402 4037
2401 4037
2400 4038
2399 4038
2398 4039
2397 4039
2396 4040
2395 4041
2394 4041
2393 4042
2392 4042
2391 4043
2390 4043
2389 4043
2388 4043
2387 4044
2386 4045
2385 4045
2384 4046
2383 4046
2382 4047
2381 4048
2380 4048
2379 4049
2379 4050
2378 4051
2377 4051
2376 4052
2375 4053
2375 4054
2374 4055
2373 4055
2372 4056
2371 4057
2371 4058
2370 4059
2369 4059
2368 4060
2367 4061
2366 4061
2365 4062
2364 4062
2363 4062
2362 4062
2361 4062
2360 4063
2359 4063
2358 4064
2357 4064
2356 4065
2355 4065
2354 4065
2353 4066
2352 4066
2351 4067
2350 4067
2349 4067
2348 4067
2347 4068
2346 4069
2345 4069
2344 4070
2343 4070
2342 4071
2341 4072
2340 4072
2339 4073
2339 4074
2338 4075
2337 4075
2336 4076
2336 4077
2335 4078
2334 4079
2334 4080
2333 4081
2332 4082
2331 4083
2331 4084
2330 4085
2329 4086
2328 4087
2328 4088
2328 4089
2327 4090
2327 4091
2327 4092
2327 4093
2326 4094
2326 4095
2326 4096
2326 4097
2326 4098
2326 4099
2326 4100
2326 4101
2326 4102
2326 4103
2326 4104
2326 4105
2326 4106
2326 4107
2325 4108
2325 4109
2325 4110
2325 4111
2324 4112
2324 4113
2324 4114
2324 4115
2324 4116
2324 4117
2324 4118
2324 4119
2324 4120
2324 4121
2323 4122
2323 4123
2323 4124
2323 4125
2322 4126
2322 4127
2322 4128
2322 4129
2321 4130
2321 4131
2321 4132
2320 4133
2320 4134
2319 4135
2319 4136
2318 4137
2317 4138
2316 4139
2315 4140
2315 4141
2314 4142
2313 4143
2313 4144
2312 4145
2311 4145
2311 4146
2311 4147
2310 4148
2310 4149
2310 4150
2310 4151
2310 4152
2310 4153
2310 4154
2310 4155
2310 4156
2310 4157
2310 4158
2310 4159
2310 4160
2310 4161
2310 4162
2310 4163
2310 4164
2310 4165
2310 4166
2310 4167
2310 4168
2310 4169
2310 4170
2310 4171
2310 4172
2310 4173
2310 4174
2310 4175
2310 4176
2310 4177
2310 4178
2310 4179
2310 4180
2310 4181
2310 4182
2310 4183
2310 4184
2310 4185
2309 4186
2309 4187
2309 4188
2309 4189
2308 4190
2308 4191
2308 4192
2308 4193
2308 4194
2308 4195
2308 4196
2308 4197
2308 4198
2308 4199
2308 4200
2308 4201
2308 4202
2308 4203
2308 4204
2308 4205
2308 4206
2308 4207
2308 4208
2308 4209
2308 4210
2308 4211
2308 4212
2308 4213
2308 4214
2308 4215
2308 4216
2308 4217
2308 4218
2308 4219
2308 4220
2308 4221
2308 4222
2309 4223
2310 4224
2311 4225
2311 4226
2312 4227
2313 4228
2313 4229
2314 4230
2314 4231
2314 4232
2314 4233
2315 4234
2315 4235
2315 4236
2316 4237
2317 4238
2317 4239
2318 4240
2318 4241
2318 4242
2318 4243
2318 4244
2318 4245
2319 4246
2319 4247
2319 4248
2320 4249
2320 4250
2321 4251
2321 4252
2321 4253
2322 4254
2322 4255
2322 4256
2322 4257
2322 4258
2322 4259
2322 4260
2322 4261
2322 4262
2322 4263
2322 4264
2323 4265
2323 4266
2323 4267
2324 4268
2324 4269
2325 4270
2325 4271
2325 4272
2326 4273
2326 4274
2327 4275
2327 4276
2327 4277
2328 4278
2328 4279
2328 4280
2328 4281
2328 4282
2328 4283
2328 4284
2328 4285
2328 4286
2329 4287
2329 4288
2329 4289
2330 4290
2330 4291
2330 4292
2330 4293
2331 4294
2331 4295
2331 4296
2332 4297
2332 4298
2333 4299
2333 4300
2334 4301
2335 4302
2335 4303
2336 4303
2337 4304
2337 4305
2337 4306
2337 4307
2338 4308
2339 4309
2340 4310
2341 4311
2341 4312
2342 4313
2343 4314
2344 4315
2344 4316
2345 4317
2346 4318
2347 4319
2347 4320
2348 4321
2349 4322
2350 4322
2351 4323
2351 4324
2352 4325
2353 4326
2354 4326
2355 4327
2356 4328
2357 4328
2358 4329
2359 4329
2360 4330
2361 4330
2362 4330
2363 4331
2364 4332
2365 4332
2366 4332
2367 4333
2368 4334
2369 4334
2370 4334
2371 4335
2372 4336
2373 4337
2374 4337
2375 4338
2376 4339
2377 4340
2378 4340
2379 4340
2380 4341
2381 4341
2382 4342
2383 4342
2384 4343
2385 4343
2386 4344
2387 4345
2388 4345
2389 4346
2390 4346
2391 4347
2392 4348
2393 4348
2394 4349
2395 4349
2396 4350
2397 4350
2398 4351
2398 4352
2399 4352
2400 4352
2401 4352
2402 4353
2403 4354
2404 4355
2405 4355
2406 4356
2406 4357
2407 4358
2408 4358
2409 4359
2410 4360
2411 4361
2412 4361
2413 4362
2414 4363
2415 4364
2416 4364
2417 4365
2417 4366
2418 4366
2419 4367
2419 4368
2420 4369
2421 4370
2422 4370
2423 4371
2423 4372
2424 4373
2425 4374
2426 4374
2427 4375
2427 4376
2428 4377
2429 4378
2430 4378
2431 4379
2431 4380
2432 4381
2433 4382
2434 4382
2435 4383
2435 4384
2436 4385
2437 4386
2438 4386
2439 4387
2439 4388
2440 4389
2441 4390
2442 4390
2443 4391
2443 4392
2444 4393
2445 4393
2446 4394
2447 4395
2448 4395
2449 4396
2450 4397
2451 4397
2452 4398
2453 4399
2454 4400
2454 4401
2455 4402
2456 4403
2457 4403
2458 4404
2459 4405
2459 4406
2460 4406
2461 4407
2462 4408
2462 4409
2463 4410
2464 4410
2465 4411
2466 4411
2467 4412
2468 4412
2469 4412
2470 4413
2470 4414
2471 4414
2472 4415
2473 4416
2474 4416
2475 4417
2475 4418
2476 4418
2477 4419
2478 4420
2478 4421
2479 4422
2480 4422
2481 4423
2482 4423
2483 4424
2484 4424
2485 4425
2486 4425
2487 4426
2488 4426
2489 4427
2489 4428
2490 4428
2491 4429
2492 4430
2493 4430
2494 4430
2495 4430
2496 4431
2496 4432
2497 4432
2498 4433
2499 4434
2500 4434
2501 4435
2502 4435
2503 4436
2504 4436
2505 4437
2506 4437
2507 4438
2508 4439
2509 4439
2510 4440
2511 4441
2512 4441
2513 4441
2514 4441
2515 4441
2516 4442
2517 4442
2518 4442
2519 4442
2520 4443
2521 4443
2522 4443
2523 4443
2524 4444
2525 4444
2526 4444
2527 4445
2528 4446
2529 4446
2530 4446
2531 4446
2532 4447
2533 4447
2534 4447
2535 4447
2536 4447
2537 4447
2538 4447
2539 4447
2540 4447
2541 4447
2542 4447
2543 4447
2544 4447
2545 4447
2546 4447
2547 4447
2548 4448
2549 4448
2550 4448
2551 4448
2552 4449
2553 4449
2554 4449
2555 4449
2556 4449
2557 4449
2558 4449
2559 4449
2560 4449
2561 4449
2562 4449
2563 4449
2564 4449
2565 4449
2566 4449
2567 4449
2568 4449
2569 4449
2570 4449
2571 4449
2572 4449
2573 4449
2574 4449
2575 4449
2576 4449
2577 4449
2578 4449
2579 4449
2580 4449
2581 4449
2582 4449
2583 4449
2584 4449
2585 4449
2586 4449
2587 4449
2588 4449
2589 4449
2590 4449
2591 4449
2592 4449
2593 4449
2594 4449
2595 4449
2596 4449
2597 4449
2598 4449
2599 4449
2600 4449
2601 4449
2602 4449
2603 4449
2604 4449
2605 4449
2606 4449
2607 4449
2608 4449
2609 4449
2610 4449
2611 4449
2612 4449
2613 4449
2614 4449
2615 4449
2616 4449
2617 4449
2618 4449
2619 4449
2620 4449
2621 4449
2622 4449
2623 4449
2624 4449
2625 4449
2626 4449
2627 4449
2628 4449
2629 4449
2630 4449
2631 4449
2632 4449
2633 4449
2634 4448
2635 4448
2636 4448
2637 4448
2638 4447
2639 4447
2640 4447
2641 4447
2642 4447
2643 4447
2644 4447
2645 4447
2646 4447
2647 4447
2648 4447
2649 4446
2650 4446
2651 4446
2651 4445
2652 4444
2653 4444
2654 4444
2655 4444
2656 4443
2657 4443
2658 4443
2659 4443
2660 4443
2661 4443
2662 4443
2663 4443
2664 4442
2665 4442
2666 4442
2667 4442
2668 4441
2669 4441
2670 4441
2671 4441
2672 4441
2673 4441
2674 4441
2675 4441
2676 4441
2677 4441
2678 4441
2679 4441
2680 4441
2681 4441
2682 4440
2683 4439
2684 4439
2685 4438
2686 4437
2687 4437
2688 4437
2689 4437
2690 4436
2691 4436
2692 4436
2693 4436
2694 4435
2695 4435
2696 4435
2697 4434
2698 4434
2699 4434
2700 4433
2701 4433
2702 4433
2703 4433
2704 4433
2705 4433
2706 4433
2707 4433
2708 4433
2709 4433
2710 4433
2711 4432
2712 4431
2713 4430
2714 4430
2715 4430
2716 4429
2717 4429
2718 4429
2719 4429
2720 4429
2721 4428
2722 4428
2723 4428
2724 4427
2725 4427
2726 4427
2727 4427
2728 4427
2729 4427
2730 4427
2731 4427
2732 4427
2733 4427
2734 4427
2735 4427
2736 4427
2737 4427
2738 4427
2739 4427
2740 4426
2741 4426
2742 4426
2743 4426
2744 4425
2745 4425
2746 4424
2747 4424
2748 4424
2749 4423
2750 4423
2751 4422
2752 4422
2752 4421
2753 4420
2754 4420
2755 4419
2756 4418
2757 4418
2758 4418
2759 4418
2759 4417
2760 4416
2761 4416
2762 4416
2763 4416
2764 4415
2765 4414
2766 4414
2767 4414
2768 4413
2769 4413
2770 4413
2771 4413
2772 4413
2773 4413
2774 4413
2775 4413
2776 4413
2777 4412
2778 4411
2779 4411
2780 4410
2781 4409
2782 4408
2782 4407
2783 4406
2784 4406
2784 4405
2785 4404
2786 4404
2787 4403
2788 4402
2789 4402
2790 4401
2791 4401
2792 4400
2793 4400
2794 4399
2795 4398
2796 4397
2797 4397
2797 4396
2798 4395
2799 4394
2800 4394
2801 4393
2802 4392
2803 4391
2804 4391
2805 4390
2806 4390
2807 4389
2808 4389
2809 4388
2810 4387
2811 4387
2812 4386
2813 4385
2814 4384
2814 4383
2815 4382
2816 4382
2817 4381
2817 4380
2818 4379
2819 4378
2819 4377
2820 4376
2821 4375
2821 4374
2822 4373
2823 4372
2824 4371
2825 4371
2826 4370
2827 4369
2828 4368
2829 4367
2830 4366
2831 4365
2832 4365
2833 4364
2834 4363
2835 4363
2836 4362
2837 4361
2838 4360
2838 4359
2839 4358
2839 4357
2840 4356
2840 4355
2841 4354
2841 4353
2842 4352
2842 4351
2843 4350
2844 4349
2845 4348
2846 4347
2847 4346
2848 4345
2848 4344
2849 4343
2850 4343
2850 4342
2851 4341
2852 4340
2852 4339
2853 4338
2853 4337
2854 4336
2855 4335
2856 4334
2856 4333
2857 4332
2858 4332
2859 4331
2860 4330
2861 4329
2862 4329
2863 4328
2864 4327
2865 4326
2866 4326
2867 4325
2868 4324
2869 4323
2870 4323
2871 4322
2872 4321
2872 4320
2873 4319
2874 4318
2875 4317
2876 4316
2877 4315
2878 4314
2879 4313
2880 4312
2881 4312
2882 4311
2883 4310
2884 4309
2885 4309
2885 4308
2886 4307
2887 4306
2888 4306
2888 4305
2889 4304
2890 4304
2890 4303
2891 4302
2892 4302
2892 4301
2892 4300
2893 4299
2893 4298
2893 4297
2893 4296
2893 4295
2893 4294
2893 4293
2893 4292
2894 4291
2894 4290
2894 4289
2895 4288
2896 4287
2897 4286
2897 4285
2897 4284
2897 4283
2897 4282
2897 4281
2897 4280
2897 4279
2897 4278
2897 4277
2897 4276
2898 4275
2898 4274
2899 4273
2899 4272
2900 4271
2901 4270
2902 4270
2902 4269
2903 4268
2904 4267
2905 4267
2906 4266
2907 4265
2907 4264
2908 4263
2909 4262
2910 4262
2910 4261
2911 4260
2912 4259
2913 4259
2914 4258
2915 4257
2916 4256
2917 4255
2917 4254
2918 4253
2918 4252
2919 4251
2919 4250
2919 4249
2919 4248
2919 4247
2919 4246
2919 4245
2919 4244
2919 4243
2919 4242
2919 4241
2919 4240
2919 4239
2919 4238
2919 4237
2919 4236
2919 4235
2919 4234
2919 4233
2919 4232
2919 4231
2919 4230
2919 4229
2919 4228
2919 4227
2920 4226
2920 4225
2920 4224
2921 4223
2921 4222
2922 4221
2922 4220
2922 4219
2922 4218
2923 4217
2923 4216
2923 4215
2923 4214
2923 4213
2923 4212
2923 4211
2923 4210
2923 4209
2923 4208
2923 4207
2923 4206
2923 4205
2923 4204
2923 4203
2923 4202
2923 4201
2923 4200
2923 4199
2923 4198
2923 4197
2923 4196
2923 4195
2923 4194
2923 4193
2924 4192
2924 4191
2924 4190
2925 4189
2925 4188
2925 4187
2925 4186
2925 4185
2925 4184
2925 4183
2925 4182
2925 4181
2925 4180
2925 4179
2925 4178
2925 4177
2925 4176
2925 4175
2925 4174
2925 4173
2925 4172
2925 4171
2925 4170
2925 4169
2925 4168
2925 4167
2925 4166
2925 4165
2925 4164
2924 4163
2924 4162
2924 4161
2924 4160
2923 4159
2923 4158
2923 4157
2923 4156
2922 4155
2922 4154
2922 4153
2921 4152
2921 4151
2921 4150
2921 4149
2921 4148
2921 4147
2921 4146
2921 4145
2921 4144
2921 4143
2921 4142
2921 4141
2921 4140
2921 4139
2921 4138
2921 4137
2921 4136
2921 4135
2921 4134
2921 4133
2921 4132
2921 4131
2921 4130
2921 4129
2921 4128
2921 4127
2921 4126
2921 4125
2921 4124
2921 4123
2921 4122
2921 4121
2921 4120
2921 4119
2921 4118
2921 4117
2921 4116
2921 4115
2921 4114
2921 4113
2920 4112
2919 4111
2919 4110
2918 4109
2918 4108
2917 4107
2916 4106
2915 4105
2915 4104
2914 4103
2914 4102
2913 4101
2913 4100
2913 4099
2913 4098
2913 4097
2913 4096
2913 4095
2913 4094
2913 4093
2913 4092
2913 4091
2912 4090
2912 4089
2912 4088
2911 4088
2910 4087
2910 4086
2909 4085
2908 4084
2908 4083
2908 4082
2907 4081
2906 4080
2906 4079
2905 4078
2904 4077
2904 4076
2903 4075
2902 4074
2902 4073
2902 4072
2901 4071
2901 4070
2901 4069
2901 4068
2901 4067
2900 4066
2900 4065
2900 4064
2899 4063
2898 4062
2898 4061
2898 4060
2897 4059
2897 4058
2897 4057
2896 4056
2895 4055
2895 4054
2894 4053
2894 4052
2893 4051
2892 4050
2891 4049
2891 4048
2890 4047
2889 4046
2889 4045
2888 4044
2887 4043
2886 4042
2886 4041
2885 4041
2884 4040
2884 4039
2883 4038
2882 4037
2882 4036
2882 4035
2882 4034
2881 4034
2880 4033
2880 4032
2880 4031
2879 4030
2878 4029
2878 4028
2877 4027
2876 4026
2876 4025
2876 4024
2875 4023
2874 4022
2874 4021
2873 4020
2873 4019
2872 4018
2871 4017
2871 4016
2870 4015
2869 4014
2869 4013
2868 4012
2867 4011
2866 4010
2866 4009
2865 4009
2864 4008
2864 4007
2863 4006
2862 4005
2862 4004
2861 4004
2860 4003
2860 4002
2860 4001
2859 4000
2859 3999
2858 3998
2858 3997
2857 3996
2856 3995
2855 3994
2855 3993
2854 3992
2854 3991
2853 3990
2852 3990
2851 3989
2850 3988
2850 3987
2849 3987
2848 3986
2847 3985
2846 3985
2845 3984
2844 3984
2843 3983
2842 3983
2841 3982
2840 3982
2839 3981
2838 3980
2838 3979
2837 3979
2836 3978
2835 3977
2835 3976
2834 3975
2833 3974
2832 3974
2831 3973
2830 3972
2830 3971
2829 3971
2828 3970
2827 3969
2827 3968
2826 3967
2825 3966
2824 3965
2823 3964
2822 3963
2821 3962
2821 3961
2820 3960
2819 3959
2819 3958
2818 3957
2817 3956
2816 3955
2815 3955
2814 3954
2813 3953
2812 3952
2811 3952
2810 3951
2809 3950
2808 3950
2807 3949
2806 3948
2805 3947
2804 3947
2803 3946
2802 3945
2801 3945
2800 3944
2799 3943
2798 3943
2797 3942
2796 3942
2795 3941
2794 3941
2793 3941
2792 3941
2791 3940
2790 3940
2789 3939
2788 3939
2787 3938
2786 3938
2785 3937
2784 3937
2783 3936
2782 3936
2781 3935
2780 3935
2779 3934
2778 3933
2777 3933
2776 3932
2775 3932
2774 3931
2773 3931
2772 3930
2771 3929
2770 3929
2769 3929
2768 3929
2767 3928
2766 3928
2765 3927
2764 3927
2763 3927
2762 3927
2761 3926
2760 3926
2759 3925
2758 3925
2757 3925
2756 3925
2755 3924
2754 3924
2753 3923
2752 3923
2751 3923
2750 3922
2749 3921
2748 3921
2747 3920
2746 3919
2745 3919
2744 3918
2743 3917
2742 3917
2741 3917
2740 3917
2739 3916
2739 3915
2738 3915
2737 3915
2736 3914
2735 3914
2734 3913
2733 3913
2732 3913
2731 3912
2730 3912
2729 3911
2728 3911
2727 3911
2726 3911
2725 3910
2724 3910
2723 3910
2722 3910
2721 3910
2720 3910
2719 3910
2718 3910
