1291 200
1290 201
1289 201
1288 201
1287 201
1286 201
1285 201
1284 201
1283 201
1282 201
1281 201
1280 202
1279 202
1278 202
1277 202
1277 203
1276 204
1275 204
1274 205
1273 205
1272 206
1271 206
1270 207
1269 207
1268 208
1267 209
1266 210
1265 211
1264 212
1263 213
1263 214
1262 215
1261 215
1260 216
1259 217
1258 218
1257 218
1257 219
1256 220
1255 220
1254 221
1253 221
1252 222
1251 222
1250 223
1249 224
1248 225
1247 225
1247 226
1246 227
1246 228
1245 229
1245 230
1245 231
1245 232
1245 233
1245 234
1245 235
1245 236
1245 237
1245 238
1245 239
1245 240
1244 241
1244 242
1244 243
1244 244
1243 245
1243 246
1243 247
1243 248
1243 249
1243 250
1243 251
1243 252
1243 253
1243 254
1243 255
1242 256
1242 257
1241 258
1241 259
1240 260
1240 261
1240 262
1239 263
1239 264
1240 265
1240 266
1240 267
1240 268
1241 269
1241 270
1241 271
1241 272
1241 273
1241 274
1241 275
1241 276
1240 277
1240 278
1240 279
1240 280
1239 281
1239 282
1238 283
1238 284
1237 285
1237 286
1236 287
1236 288
1235 289
1235 290
1235 291
1235 292
1234 293
1234 294
1234 295
1234 296
1233 297
1233 298
1233 299
1233 300
1233 301
1233 302
1233 303
1233 304
1233 305
1233 306
1234 307
1235 308
1235 309
1236 310
1237 311
1237 312
1237 313
1237 314
1237 315
1237 316
1237 317
1237 318
1237 319
1238 320
1238 321
1238 322
1238 323
1238 324
1238 325
1237 326
1237 327
1236 328
1235 329
1235 330
1234 331
1233 332
1233 333
1233 334
1233 335
1233 336
1233 337
1233 338
1233 339
1233 340
1232 341
1232 342
1232 343
1232 344
1231 345
1231 346
1230 347
1230 348
1230 349
1230 350
1229 351
1229 352
1229 353
1229 354
1229 355
1229 356
1229 357
1229 358
1228 359
1228 360
1228 361
1228 362
1227 363
1227 364
1227 365
1227 366
1227 367
1226 368
1226 369
1226 370
1225 371
1225 372
1225 373
1225 374
1225 375
1225 376
1225 377
1225 378
1225 379
1225 380
1225 381
1225 382
1225 383
1225 384
1225 385
1225 386
1225 387
1225 388
1225 389
1225 390
1225 391
1225 392
1225 393
1225 394
1225 395
1225 396
1225 397
1225 398
1225 399
1225 400
1225 401
1225 402
1225 403
1225 404
1225 405
1225 406
1225 407
1225 408
1225 409
1225 410
1225 411
1225 412
1225 413
1225 414
1225 415
1225 416
1225 417
1225 418
1225 419
1225 420
1225 421
1225 422
1224 423
1224 424
1224 425
1224 426
1223 427
1223 428
1222 429
1222 430
1222 431
1222 432
1222 433
1222 434
1222 435
1222 436
1223 437
1223 438
1223 439
1223 440
1223 441
1223 442
1223 443
1223 444
1223 445
1223 446
1223 447
1223 448
1223 449
1223 450
1223 451
1223 452
1223 453
1223 454
1223 455
1223 456
1223 457
1223 458
1223 459
1223 460
1223 461
1223 462
1223 463
1223 464
1223 465
1223 466
1223 467
1223 468
1223 469
1223 470
1223 471
1223 472
1223 473
1223 474
1223 475
1223 476
1223 477
1223 478
1222 479
1222 480
1222 481
1221 482
1221 483
1221 484
1221 485
1221 486
1221 487
1221 488
1221 489
1221 490
1221 491
1221 492
1221 493
1221 494
1221 495
1221 496
1221 497
1221 498
1221 499
1221 500
1221 501
1221 502
1221 503
1222 504
1222 505
1222 506
1223 507
1223 508
1223 509
1223 510
1223 511
1223 512
1224 513
1225 514
1225 515
1226 516
1227 517
1227 518
1227 519
1227 520
1226 521
1226 522
1226 523
1226 524
1226 525
1226 526
1226 527
1226 528
1227 529
1227 530
1228 531
1228 532
1228 533
1228 534
1229 535
1229 536
1229 537
1229 538
1229 539
1229 540
1230 541
1230 542
1230 543
1230 544
1231 545
1231 546
1232 547
1232 548
1233 549
1233 550
1234 551
1234 552
1235 553
1235 554
1234 555
1234 556
1234 557
1233 558
1233 559
1232 560
1232 561
1232 562
1231 563
1231 564
1231 565
1231 566
1232 567
1232 568
1233 569
1233 570
1234 571
1234 572
1235 573
1235 574
1236 575
1236 576
1236 577
1236 578
1237 579
1237 580
1237 581
1237 582
1237 583
1237 584
1236 585
1236 586
1235 587
1235 588
1234 589
1234 590
1233 591
1233 592
1233 593
1233 594
1233 595
1233 596
1233 597
1234 598
1234 599
1234 600
1235 601
1235 602
1235 603
1235 604
1235 605
1235 606
1235 607
1235 608
1235 609
1235 610
1235 611
1235 612
1235 613
1235 614
1235 615
1235 616
1235 617
1235 618
1235 619
1235 620
1235 621
1235 622
1235 623
1235 624
1235 625
1235 626
1235 627
1235 628
1235 629
1235 630
1235 631
1234 632
1234 633
1233 634
1233 635
1232 636
1232 637
1232 638
1231 639
1231 640
1231 641
1231 642
1231 643
1231 644
1231 645
1231 646
1230 647
1230 648
1230 649
1230 650
1229 651
1229 652
1229 653
1229 654
1230 655
1230 656
1230 657
1230 658
1231 659
1231 660
1231 661
1231 662
1231 663
1231 664
1231 665
1231 666
1231 667
1231 668
1231 669
1231 670
1231 671
1231 672
1231 673
1231 674
1232 675
1232 676
1232 677
1232 678
1233 679
1233 680
1233 681
1233 682
1233 683
1233 684
1233 685
1233 686
1232 687
1232 688
1232 689
1231 690
1231 691
1231 692
1231 693
1231 694
1231 695
1231 696
1231 697
1231 698
1231 699
1231 700
1231 701
1232 702
1232 703
1232 704
1233 705
1233 706
1233 707
1233 708
1233 709
1233 710
1233 711
1233 712
1234 713
1234 714
1234 715
1234 716
1235 717
1235 718
1235 719
1235 720
1235 721
1235 722
1235 723
1235 724
1235 725
1235 726
1235 727
1235 728
1235 729
1235 730
1235 731
1235 732
1235 733
1235 734
1235 735
1235 736
1235 737
1235 738
1235 739
1235 740
1235 741
1235 742
1235 743
1235 744
1235 745
1235 746
1235 747
1235 748
1235 749
1235 750
1235 751
1235 752
1235 753
1235 754
1235 755
1235 756
1236 757
1236 758
1236 759
1236 760
1237 761
1237 762
1237 763
1237 764
1237 765
1237 766
1237 767
1237 768
1238 769
1238 770
1238 771
1238 772
1239 773
1239 774
1239 775
1239 776
1239 777
1239 778
1239 779
1239 780
1239 781
1239 782
1239 783
1240 784
1240 785
1240 786
1241 787
1241 788
1241 789
1241 790
1241 791
1241 792
1241 793
1241 794
1241 795
1241 796
1241 797
1241 798
1241 799
1241 800
1241 801
1241 802
1241 803
1241 804
1241 805
1241 806
1241 807
1241 808
1241 809
1241 810
1241 811
1241 812
1241 813
1241 814
1241 815
1241 816
1241 817
1241 818
1242 819
1242 820
1242 821
1242 822
1243 823
1243 824
1243 825
1243 826
1243 827
1243 828
1243 829
1243 830
1243 831
1243 832
1243 833
1243 834
1243 835
1243 836
1243 837
1243 838
1243 839
1243 840
1243 841
1243 842
1243 843
1243 844
1243 845
1243 846
1243 847
1244 848
1244 849
1244 850
1244 851
1244 852
1244 853
1244 854
1243 855
1243 856
1243 857
1243 858
1243 859
1243 860
1244 861
1244 862
1244 863
1244 864
1245 865
1245 866
1246 867
1246 868
1246 869
1246 870
1247 871
1247 872
1247 873
1247 874
1247 875
1247 876
1247 877
1247 878
1247 879
1247 880
1247 881
1247 882
1247 883
1247 884
1247 885
1247 886
1246 887
1246 888
1246 889
1245 890
1245 891
1245 892
1245 893
1245 894
1245 895
1245 896
1245 897
1245 898
1245 899
1245 900
1245 901
1245 902
1245 903
1246 904
1246 905
1246 906
1247 907
1247 908
1247 909
1247 910
1247 911
1247 912
1247 913
1247 914
1248 915
1248 916
1248 917
1248 918
1249 919
1249 920
1248 921
1248 922
1248 923
1248 924
1248 925
1248 926
1248 927
1248 928
1249 928
1250 929
1250 930
1250 931
1250 932
1251 933
1251 934
1251 935
1251 936
1250 937
1250 938
1250 939
1249 940
1249 941
1249 942
1249 943
1249 944
1249 945
1249 946
1249 947
1249 948
1249 949
1250 950
1251 951
1251 952
1252 953
1252 954
1253 955
1254 956
1254 957
1255 958
1255 959
1256 960
1256 961
1256 962
1257 963
1257 964
1257 965
1257 966
1256 967
1256 968
1256 969
1255 970
1255 971
1255 972
1255 973
1255 974
1255 975
1255 976
1255 977
1255 978
1255 979
1255 980
1255 981
1256 982
1256 983
1256 984
1257 985
1257 986
1258 987
1258 988
1258 989
1259 990
1259 991
1260 992
1261 993
1261 994
1262 995
1262 996
1263 997
1264 998
1264 999
1264 1000
1265 1001
1265 1002
1265 1003
1265 1004
1265 1005
1265 1006
1265 1007
1265 1008
1266 1009
1266 1010
1266 1011
1266 1012
1267 1013
1268 1014
1268 1015
1268 1016
1269 1017
1270 1018
1271 1019
1271 1020
1272 1021
1273 1021
1274 1022
1275 1023
1275 1024
1276 1025
1276 1026
1277 1027
1277 1028
1278 1029
1278 1030
1278 1031
1278 1032
1279 1033
1280 1034
1280 1035
1281 1036
1281 1037
1282 1038
1282 1039
1282 1040
1283 1040
1284 1041
1284 1042
1285 1043
1285 1044
1286 1044
1287 1045
1287 1046
1288 1047
1289 1048
1290 1048
1291 1049
1291 1050
1292 1050
1293 1051
1294 1052
1295 1052
1296 1053
1297 1054
1298 1054
1299 1055
1300 1056
1300 1057
1301 1058
1302 1058
1303 1059
1303 1060
1304 1061
1305 1062
1306 1062
1307 1063
1308 1064
1309 1064
1310 1065
1311 1065
1312 1065
1313 1066
1314 1066
1315 1067
1316 1067
1317 1068
1318 1069
1319 1070
1320 1070
1321 1071
1321 1072
1322 1073
1323 1074
1323 1075
1324 1076
1324 1077
1325 1078
1325 1079
1326 1080
1327 1081
1328 1081
1329 1081
1330 1081
1331 1081
1332 1080
1333 1079
1334 1079
1335 1078
1336 1078
1337 1078
1338 1078
1339 1079
1340 1079
1341 1079
1342 1079
1343 1080
1344 1080
1345 1080
1346 1080
1347 1080
1348 1080
1349 1081
1350 1081
1351 1081
1352 1081
1353 1082
1354 1082
1355 1082
1356 1082
1357 1083
1358 1083
1359 1083
1360 1083
1361 1083
1362 1083
1363 1083
1364 1083
1365 1082
1366 1082
1367 1083
1368 1083
1369 1083
1370 1084
1371 1085
1372 1085
1373 1085
1374 1085
1375 1086
1376 1086
1377 1086
1378 1086
1379 1086
1380 1086
1381 1085
1382 1085
1383 1084
1384 1084
1385 1083
1386 1083
1387 1082
1388 1082
1389 1081
1390 1081
1391 1080
1392 1080
1392 1079
1393 1078
1394 1078
1395 1077
1396 1076
1397 1075
1398 1075
1399 1074
1400 1074
1401 1074
1402 1074
1403 1074
1404 1074
1405 1074
1406 1074
1407 1074
1408 1074
1409 1074
1410 1074
1411 1073
1412 1073
1413 1072
1414 1071
1415 1070
1416 1069
1417 1068
1417 1067
1418 1066
1419 1065
1420 1065
1421 1064
1422 1063
1423 1063
1424 1063
1424 1062
1425 1061
1426 1061
1427 1060
1428 1060
1428 1059
1429 1058
1430 1058
1431 1057
1432 1056
1433 1055
1434 1054
1435 1054
1436 1053
1437 1052
1438 1051
1439 1050
1439 1049
1440 1048
1441 1048
1441 1047
1442 1046
1442 1045
1443 1044
1443 1043
1444 1042
1444 1041
1444 1040
1444 1039
1444 1038
1444 1037
1444 1036
1444 1035
1444 1034
1444 1033
1444 1032
1444 1031
1444 1030
1444 1029
1443 1028
1443 1027
1442 1026
1442 1025
1441 1024
1441 1023
1440 1022
1440 1021
1440 1020
1440 1019
1440 1018
1440 1017
1439 1016
1439 1015
1438 1014
1438 1013
1437 1012
1437 1011
1436 1010
1436 1009
1437 1008
1437 1007
1438 1006
1438 1005
1439 1004
1439 1003
1440 1002
1440 1001
1440 1000
1440 999
1440 998
1440 997
1440 996
1440 995
1440 994
1440 993
1440 992
1440 991
1439 990
1439 989
1438 988
1438 987
1437 986
1437 985
1436 985
1435 984
1435 983
1434 982
1434 981
1433 980
1432 979
1431 978
1431 977
1431 976
1431 975
1432 974
1433 973
1434 973
1435 972
1436 972
1437 971
1438 971
1439 970
1439 969
1440 968
1441 968
1441 967
1441 966
1442 965
1442 964
1442 963
1442 962
1442 961
1442 960
1442 959
1443 958
1443 957
1443 956
1443 955
1444 954
1444 953
1444 952
1444 951
1444 950
1444 949
1444 948
1444 947
1443 946
1443 945
1442 944
1442 943
1441 942
1441 941
1440 940
1440 939
1440 938
1440 937
1440 936
1440 935
1440 934
1440 933
1440 932
1440 931
1440 930
1440 929
1441 928
1441 927
1440 926
1440 925
1440 924
1439 923
1438 923
1437 923
1436 923
1435 923
1434 923
1433 923
1432 922
1431 922
1430 921
1429 920
1429 919
1428 918
1428 917
1429 916
1430 916
1431 916
1432 916
1433 916
1434 916
1435 916
1436 916
1437 915
1438 914
1439 913
1439 912
1439 911
1440 910
1440 909
1440 908
1440 907
1439 906
1439 905
1439 904
1438 903
1438 902
1437 901
1436 900
1436 899
1435 898
1435 897
1434 897
1433 896
1433 895
1432 894
1432 893
1431 892
1431 891
1430 890
1430 889
1430 888
1430 887
1430 886
1430 885
1430 884
1430 883
1430 882
1430 881
1430 880
1430 879
1430 878
1430 877
1429 876
1429 875
1429 874
1429 873
1428 872
1428 871
1428 870
1428 869
1428 868
1428 867
1428 866
1428 865
1428 864
1428 863
1428 862
1428 861
1428 860
1428 859
1428 858
1428 857
1428 856
1428 855
1429 854
1429 853
1429 852
1429 851
1430 850
1430 849
1430 848
1430 847
1431 846
1431 845
1431 844
1431 843
1432 842
1432 841
1432 840
1432 839
1432 838
1432 837
1432 836
1432 835
1432 834
1432 833
1432 832
1432 831
1433 830
1433 829
1433 828
1433 827
1434 826
1434 825
1434 824
1434 823
1435 822
1435 821
1435 820
1435 819
1435 818
1435 817
1435 816
1435 815
1434 814
1434 813
1434 812
1434 811
1434 810
1434 809
1434 808
1434 807
1433 806
1433 805
1432 804
1432 803
1431 802
1431 801
1430 801
1429 800
1429 799
1429 798
1429 797
1428 796
1428 795
1428 794
1428 793
1428 792
1428 791
1429 790
1429 789
1430 788
1431 787
1431 786
1431 785
1432 784
1432 783
1432 782
1432 781
1432 780
1432 779
1432 778
1432 777
1432 776
1432 775
1432 774
1432 773
1432 772
1432 771
1432 770
1432 769
1432 768
1432 767
1431 766
1431 765
1430 764
1430 763
1429 762
1429 761
1428 760
1428 759
1429 758
1429 757
1429 756
1429 755
1430 754
1430 753
1430 752
1430 751
1429 750
1429 749
1429 748
1429 747
1428 746
1428 745
1428 744
1428 743
1428 742
1428 741
1428 740
1428 739
1428 738
1428 737
1427 736
1427 735
1427 734
1427 733
1426 732
1426 731
1426 730
1426 729
1426 728
1426 727
1426 726
1426 725
1426 724
1426 723
1426 722
1425 721
1425 720
1425 719
1424 718
1424 717
1424 716
1424 715
1424 714
1424 713
1423 712
1423 711
1423 710
1422 709
1421 708
1421 707
1420 706
1420 705
1420 704
1420 703
1420 702
1420 701
1420 700
1420 699
1420 698
1420 697
1420 696
1420 695
1420 694
1420 693
1420 692
1420 691
1420 690
1420 689
1420 688
1420 687
1420 686
1420 685
1421 684
1421 683
1421 682
1421 681
1422 680
1422 679
1421 678
1421 677
1421 676
1421 675
1420 674
1420 673
1420 672
1420 671
1420 670
1420 669
1420 668
1420 667
1420 666
1420 665
1420 664
1420 663
1420 662
1420 661
1420 660
1420 659
1420 658
1420 657
1420 656
1420 655
1420 654
1420 653
1420 652
1420 651
1420 650
1420 649
1420 648
1420 647
1420 646
1420 645
1420 644
1420 643
1420 642
1419 641
1419 640
1419 639
1418 638
1418 637
1418 636
1418 635
1418 634
1418 633
1418 632
1418 631
1419 630
1419 629
1419 628
1419 627
1420 626
1420 625
1421 624
1421 623
1421 622
1422 621
1423 620
1423 619
1423 618
1423 617
1424 616
1424 615
1424 614
1424 613
1424 612
1424 611
1424 610
1424 609
1424 608
1424 607
1424 606
1424 605
1424 604
1424 603
1423 602
1423 601
1423 600
1422 599
1422 598
1422 597
1422 596
1422 595
1422 594
1422 593
1423 592
1423 591
1423 590
1424 589
1424 588
1425 587
1425 586
1425 585
1426 584
1426 583
1426 582
1426 581
1426 580
1426 579
1426 578
1426 577
1426 576
1426 575
1426 574
1426 573
1426 572
1426 571
1426 570
1426 569
1426 568
1426 567
1426 566
1426 565
1426 564
1426 563
1426 562
1426 561
1426 560
1426 559
1426 558
1426 557
1426 556
1426 555
1426 554
1426 553
1426 552
1426 551
1426 550
1426 549
1426 548
1426 547
1427 546
1427 545
1427 544
1428 543
1429 542
1429 541
1429 540
1429 539
1430 538
1430 537
1430 536
1430 535
1431 534
1431 533
1431 532
1431 531
1432 530
1432 529
1432 528
1432 527
1432 526
1432 525
1432 524
1431 523
1431 522
1431 521
1430 520
1430 519
1430 518
1430 517
1429 516
1429 515
1429 514
1429 513
1428 513
1427 512
1427 511
1427 510
1427 509
1426 508
1426 507
1425 506
1425 505
1425 504
1425 503
1424 502
1424 501
1424 500
1424 499
1424 498
1424 497
1424 496
1424 495
1424 494
1424 493
1424 492
1424 491
1424 490
1424 489
1424 488
1424 487
1424 486
1424 485
1424 484
1423 483
1422 482
1422 481
1421 480
1420 479
1420 478
1419 477
1419 476
1419 475
1418 474
1418 473
1418 472
1418 471
1417 470
1417 469
1417 468
1417 467
1416 466
1416 465
1416 464
1416 463
1416 462
1416 461
1417 460
1417 459
1417 458
1417 457
1418 456
1418 455
1418 454
1418 453
1418 452
1418 451
1418 450
1417 449
1417 448
1417 447
1416 446
1416 445
1416 444
1416 443
1416 442
1416 441
1416 440
1416 439
1415 438
1415 437
1415 436
1415 435
1414 434
1414 433
1413 432
1413 431
1413 430
1413 429
1412 428
1412 427
1412 426
1412 425
1412 424
1412 423
1412 422
1412 421
1411 420
1411 419
1410 418
1410 417
1409 416
1409 415
1408 414
1408 413
1408 412
1408 411
1408 410
1408 409
1408 408
1408 407
1408 406
1408 405
1409 404
1409 403
1409 402
1409 401
1410 400
1410 399
1410 398
1410 397
1410 396
1410 395
1410 394
1409 393
1409 392
1409 391
1408 390
1408 389
1408 388
1408 387
1408 386
1408 385
1408 384
1408 383
1409 382
1409 381
1409 380
1409 379
1410 378
1410 377
1410 376
1410 375
1410 374
1410 373
1410 372
1410 371
1410 370
1410 369
1410 368
1410 367
1410 366
1410 365
1410 364
1410 363
1410 362
1410 361
1409 360
1409 359
1409 358
1409 357
1408 356
1408 355
1408 354
1408 353
1407 352
1407 351
1407 350
1407 349
1406 348
1405 347
1405 346
1405 345
1404 344
1404 343
1404 342
1404 341
1403 340
1403 339
1402 338
1402 337
1401 336
1401 335
1400 334
1400 333
1400 332
1400 331
1399 330
1399 329
1399 328
1399 327
1399 326
1399 325
1399 324
1400 323
1400 322
1401 321
1401 320
1402 319
1402 318
1402 317
1402 316
1402 315
1402 314
1402 313
1402 312
1402 311
1402 310
1402 309
1402 308
1401 307
1401 306
1401 305
1400 304
1400 303
1400 302
1400 301
1399 300
1399 299
1398 298
1397 297
1396 296
1395 296
1394 295
1393 295
1392 294
1391 294
1390 294
1389 293
1388 292
1387 291
1386 290
1385 289
1384 288
1384 287
1383 286
1382 285
1382 284
1381 283
1381 282
1381 281
1380 280
1380 279
1380 278
1380 277
1380 276
1380 275
1380 274
1380 273
1379 272
1379 271
1379 270
1379 269
1378 268
1378 267
1378 266
1378 265
1377 264
1377 263
1376 262
1375 261
1374 260
1373 259
1372 258
1372 257
1371 256
1371 255
1370 255
1369 254
1368 253
1367 253
1366 252
1365 252
1364 251
1363 250
1362 249
1361 248
1360 247
1360 246
1359 245
1358 244
1358 243
1357 242
1357 241
1356 241
1355 240
1355 239
1355 238
1355 237
1354 236
1354 235
1353 234
1352 233
1352 232
1351 232
1350 231
1349 230
1348 229
1348 228
1347 227
1346 226
1345 225
1344 224
1343 223
1342 223
1341 223
1340 223
1339 223
1338 223
1337 223
1336 222
1335 222
1334 222
1333 221
1332 221
1331 220
1330 219
1329 219
1328 218
1327 217
1326 217
1325 216
1324 215
1323 214
1322 213
1321 212
1320 211
1319 211
1318 210
1318 209
1317 208
1316 207
1315 206
1314 205
1313 205
1312 204
1311 203
1310 203
1309 202
1308 202
1307 201
1306 201
1305 201
1304 201
1303 201
1302 201
1301 201
1300 201
1299 201
1298 200
1297 200
1296 200
1295 200
1294 200
1293 200
1292 200
1291 200
