3176 4366
3175 4367
3174 4367
3173 4367
3172 4367
3171 4368
3170 4368
3169 4368
3168 4368
3167 4368
3166 4368
3165 4368
3164 4368
3163 4368
3162 4369
3161 4369
3160 4369
3159 4370
3158 4370
3157 4371
3156 4371
3155 4371
3154 4371
3153 4372
3152 4372
3151 4372
3150 4372
3149 4373
3148 4373
3147 4373
3146 4374
3145 4374
3144 4375
3143 4375
3142 4375
3141 4376
3140 4376
3139 4376
3138 4376
3137 4376
3136 4377
3135 4378
3134 4378
3133 4379
3132 4379
3131 4380
3130 4380
3129 4381
3128 4381
3127 4381
3126 4381
3125 4382
3124 4382
3123 4383
3122 4383
3121 4383
3120 4384
3119 4384
3118 4385
3117 4385
3116 4386
3115 4386
3114 4387
3113 4387
3112 4387
3111 4388
3110 4389
3109 4389
3108 4389
3107 4390
3106 4391
3105 4391
3104 4392
3103 4392
3102 4393
3101 4394
3100 4394
3099 4395
3098 4395
3097 4396
3096 4396
3095 4397
3094 4397
3093 4398
3092 4398
3091 4399
3091 4400
3090 4401
3089 4401
3089 4402
3088 4403
3087 4403
3086 4404
3086 4405
3085 4406
3084 4406
3083 4407
3082 4408
3081 4409
3080 4409
3079 4410
3078 4411
3077 4411
3076 4412
3075 4413
3075 4414
3074 4415
3073 4415
3073 4416
3072 4417
3071 4417
3071 4418
3070 4419
3069 4419
3068 4420
3067 4421
3067 4422
3066 4423
3065 4423
3065 4424
3064 4425
3063 4425
3063 4426
3062 4427
3061 4428
3060 4428
3060 4429
3059 4430
3058 4431
3057 4432
3057 4433
3056 4434
3055 4435
3055 4436
3054 4437
3053 4438
3052 4439
3051 4439
3051 4440
3050 4441
3049 4441
3049 4442
3048 4443
3047 4443
3046 4444
3046 4445
3045 4446
3045 4447
3044 4448
3044 4449
3043 4450
3043 4451
3042 4452
3042 4453
3041 4454
3040 4455
3040 4456
3039 4457
3038 4458
3037 4459
3036 4460
3036 4461
3035 4462
3034 4463
3033 4464
3033 4465
3032 4466
3031 4467
3030 4468
3029 4469
3028 4470
3027 4471
3027 4472
3026 4473
3026 4474
3025 4475
3025 4476
3025 4477
3024 4478
3024 4479
3023 4480
3022 4481
3022 4482
3021 4483
3020 4484
3020 4485
3019 4486
3019 4487
3018 4488
3017 4489
3017 4490
3016 4491
3015 4491
3014 4492
3014 4493
3013 4494
3012 4495
3012 4496
3011 4497
3011 4498
3010 4499
3009 4500
3009 4501
3008 4502
3008 4503
3007 4504
3007 4505
3006 4506
3005 4507
3004 4508
3003 4509
3002 4510
3001 4511
3000 4511
2999 4511
2998 4512
2997 4513
2997 4514
2996 4515
2995 4516
2994 4517
2994 4518
2993 4519
2992 4520
2991 4521
2991 4522
2991 4523
2990 4524
2989 4524
2989 4525
2989 4526
2988 4527
2988 4528
2987 4529
2987 4530
2987 4531
2986 4532
2986 4533
2986 4534
2986 4535
2986 4536
2986 4537
2986 4538
2986 4539
2985 4540
2985 4541
2985 4542
2984 4543
2984 4544
2983 4545
2983 4546
2983 4547
2982 4548
2982 4549
2982 4550
2982 4551
2982 4552
2982 4553
2982 4554
2982 4555
2982 4556
2982 4557
2981 4558
2981 4559
2981 4560
2981 4561
2980 4562
2980 4563
2980 4564
2980 4565
2979 4566
2979 4567
2979 4568
2979 4569
2978 4570
2978 4571
2978 4572
2978 4573
2977 4574
2977 4575
2977 4576
2977 4577
2977 4578
2977 4579
2977 4580
2977 4581
2977 4582
2977 4583
2977 4584
2976 4585
2976 4586
2976 4587
2976 4588
2976 4589
2976 4590
2976 4591
2976 4592
2976 4593
2976 4594
2976 4595
2976 4596
2976 4597
2976 4598
2976 4599
2976 4600
2976 4601
2976 4602
2976 4603
2976 4604
2976 4605
2976 4606
2976 4607
2976 4608
2976 4609
2976 4610
2976 4611
2976 4612
2976 4613
2976 4614
2976 4615
2976 4616
2976 4617
2976 4618
2976 4619
2976 4620
2976 4621
2976 4622
2977 4623
2977 4624
2977 4625
2978 4626
2978 4627
2978 4628
2978 4629
2979 4630
2979 4631
2979 4632
2979 4633
2980 4634
2980 4635
2980 4636
2980 4637
2980 4638
2981 4639
2981 4640
2982 4641
2982 4642
2982 4643
2983 4644
2983 4645
2983 4646
2983 4647
2984 4648
2984 4649
2985 4650
2985 4651
2985 4652
2985 4653
2986 4654
2986 4655
2986 4656
2986 4657
2987 4658
2987 4659
2987 4660
2987 4661
2988 4662
2989 4663
2989 4664
2990 4665
2990 4666
2990 4667
2990 4668
2990 4669
2990 4670
2990 4671
2990 4672
2990 4673
2990 4674
2990 4675
2991 4676
2991 4677
2991 4678
2991 4679
2992 4680
2992 4681
2992 4682
2992 4683
2992 4684
2992 4685
2992 4686
2993 4687
2993 4688
2994 4689
2994 4690
2994 4691
2994 4692
2994 4693
2994 4694
2994 4695
2994 4696
2994 4697
2995 4698
2995 4699
2995 4700
2995 4701
2996 4702
2996 4703
2996 4704
2996 4705
2997 4706
2997 4707
2997 4708
2997 4709
2998 4709
2999 4710
2999 4711
2999 4712
3000 4713
3000 4714
3001 4715
3002 4716
3002 4717
3003 4718
3004 4719
3004 4720
3005 4721
3005 4722
3005 4723
3006 4724
3006 4725
3007 4726
3007 4727
3008 4728
3008 4729
3009 4730
3010 4731
3010 4732
3011 4733
3011 4734
3012 4735
3012 4736
3013 4737
3013 4738
3014 4739
3014 4740
3015 4741
3015 4742
3016 4743
3017 4744
3018 4745
3018 4746
3019 4747
3020 4748
3020 4749
3021 4750
3021 4751
3022 4752
3022 4753
3023 4754
3023 4755
3024 4756
3024 4757
3025 4758
3025 4759
3026 4760
3026 4761
3026 4762
3026 4763
3027 4764
3027 4765
3028 4766
3028 4767
3029 4768
3030 4768
3031 4769
3031 4770
3032 4771
3033 4772
3034 4773
3034 4774
3035 4775
3036 4776
3036 4777
3037 4778
3038 4778
3039 4779
3039 4780
3040 4781
3041 4782
3042 4783
3042 4784
3043 4785
3043 4786
3044 4786
3045 4787
3046 4788
3047 4789
3048 4790
3049 4790
3050 4791
3051 4792
3052 4793
3053 4794
3054 4794
3055 4795
3055 4796
3056 4797
3057 4798
3058 4798
3059 4799
3060 4800
3061 4800
3062 4801
3063 4801
3064 4801
3065 4801
3066 4801
3067 4801
3068 4802
3069 4802
3070 4803
3071 4804
3072 4804
3073 4805
3073 4806
3074 4806
3075 4807
3075 4808
3076 4809
3077 4809
3078 4810
3079 4810
3080 4811
3081 4811
3082 4812
3083 4812
3084 4812
3085 4812
3086 4813
3087 4813
3088 4814
3089 4814
3090 4814
3091 4815
3092 4816
3093 4816
3094 4817
3095 4817
3096 4818
3097 4818
3098 4818
3099 4819
3100 4820
3101 4820
3102 4821
3103 4822
3104 4822
3105 4823
3106 4823
3107 4824
3108 4824
3109 4825
3110 4825
3111 4826
3112 4826
3113 4826
3114 4827
3115 4827
3116 4828
3117 4828
3118 4828
3119 4829
3120 4830
3121 4830
3122 4831
3123 4832
3124 4833
3125 4833
3126 4834
3127 4834
3128 4835
3129 4835
3130 4835
3131 4835
3132 4836
3133 4836
3134 4836
3135 4836
3136 4837
3137 4837
3138 4838
3139 4838
3140 4838
3141 4838
3142 4839
3143 4839
3144 4840
3145 4840
3146 4840
3147 4840
3148 4841
3149 4841
3150 4842
3151 4842
3152 4843
3153 4843
3154 4844
3155 4845
3156 4845
3157 4845
3158 4846
3159 4846
3160 4846
3161 4847
3162 4847
3163 4848
3164 4849
3165 4849
3166 4850
3167 4850
3168 4851
3169 4851
3170 4851
3171 4851
3172 4851
3173 4851
3174 4851
3175 4851
3176 4851
3177 4851
3178 4851
3179 4851
3180 4852
3181 4852
3182 4852
3183 4852
3184 4853
3185 4853
3186 4853
3187 4853
3188 4853
3189 4853
3190 4853
3191 4853
3192 4853
3193 4853
3194 4853
3195 4853
3196 4853
3197 4853
3198 4854
3199 4854
3200 4854
3201 4855
3202 4855
3203 4855
3204 4855
3205 4855
3206 4855
3207 4855
3208 4855
3209 4855
3210 4855
3211 4855
3212 4855
3213 4855
3214 4855
3215 4855
3216 4855
3217 4855
3218 4855
3219 4855
3220 4855
3221 4855
3222 4855
3223 4855
3224 4855
3225 4855
3226 4855
3227 4855
3228 4855
3229 4855
3230 4855
3231 4855
3232 4855
3233 4855
3234 4855
3235 4855
3236 4855
3237 4855
3238 4855
3239 4855
3240 4855
3241 4855
3242 4855
3243 4855
3244 4855
3245 4855
3246 4855
3247 4855
3248 4855
3249 4855
3250 4855
3251 4855
3252 4855
3253 4855
3254 4855
3255 4855
3256 4855
3257 4855
3258 4855
3259 4855
3260 4854
3261 4854
3262 4854
3263 4854
3264 4853
3265 4853
3266 4853
3267 4853
3268 4853
3269 4853
3270 4853
3271 4853
3272 4853
3273 4852
3274 4852
3275 4852
3276 4851
3277 4851
3278 4851
3279 4851
3280 4851
3281 4851
3282 4850
3283 4850
3284 4850
3285 4849
3286 4849
3287 4848
3288 4848
3289 4848
3290 4847
3291 4847
3292 4846
3293 4846
3294 4846
3295 4846
3295 4845
3296 4844
3297 4844
3298 4844
3299 4843
3300 4843
3301 4843
3302 4843
3303 4843
3304 4842
3305 4842
3306 4842
3307 4841
3308 4840
3309 4840
3310 4839
3311 4838
3312 4838
3313 4838
3314 4837
3315 4837
3316 4836
3317 4836
3318 4836
3319 4836
3319 4835
3320 4834
3321 4834
3322 4834
3323 4834
3324 4833
3325 4833
3326 4832
3327 4832
3328 4832
3329 4832
3330 4831
3331 4831
3332 4831
3333 4831
3334 4831
3335 4831
3336 4831
3337 4830
3338 4829
3339 4829
3340 4828
3341 4828
3342 4827
3343 4827
3344 4827
3345 4826
3346 4826
3347 4825
3348 4824
3349 4824
3350 4823
3351 4822
3352 4822
3353 4821
3354 4821
3355 4820
3356 4820
3357 4819
3358 4818
3359 4817
3360 4816
3361 4816
3362 4815
3363 4815
3364 4814
3365 4814
3366 4813
3367 4813
3368 4812
3369 4812
3370 4811
3371 4811
3372 4810
3373 4810
3374 4809
3375 4808
3376 4808
3376 4807
3377 4806
3378 4806
3378 4805
3379 4804
3380 4803
3381 4802
3382 4802
3382 4801
3383 4800
3384 4800
3384 4799
3385 4798
3386 4798
3386 4797
3387 4796
3388 4795
3389 4794
3390 4794
3390 4793
3391 4792
3392 4792
3392 4791
3393 4790
3394 4790
3394 4789
3395 4788
3396 4787
3397 4786
3398 4786
3398 4785
3399 4784
3400 4784
3400 4783
3401 4782
3402 4782
3402 4781
3403 4780
3404 4779
3405 4778
3406 4778
3406 4777
3407 4776
3408 4776
3409 4775
3409 4774
3410 4773
3411 4772
3411 4771
3412 4770
3413 4769
3413 4768
3414 4767
3415 4766
3415 4765
3416 4764
3417 4763
3418 4762
3418 4761
3419 4760
3420 4759
3421 4758
3422 4758
3422 4757
3423 4756
3424 4755
3425 4755
3426 4754
3427 4753
3427 4752
3428 4751
3429 4750
3430 4749
3430 4748
3430 4747
3430 4746
3431 4745
3431 4744
3432 4743
3432 4742
3432 4741
3432 4740
3433 4739
3433 4738
3433 4737
3433 4736
3434 4735
3434 4734
3434 4733
3435 4732
3435 4731
3436 4730
3436 4729
3437 4728
3437 4727
3438 4726
3438 4725
3439 4724
3440 4723
3440 4722
3440 4721
3440 4720
3441 4719
3441 4718
3441 4717
3441 4716
3441 4715
3441 4714
3441 4713
3442 4712
3442 4711
3442 4710
3443 4709
3443 4708
3443 4707
3443 4706
3443 4705
3443 4704
3444 4703
3444 4702
3444 4701
3444 4700
3445 4699
3445 4698
3445 4697
3445 4696
3445 4695
3445 4694
3446 4693
3446 4692
3446 4691
3446 4690
3447 4689
3447 4688
3447 4687
3447 4686
3447 4685
3447 4684
3447 4683
3447 4682
3447 4681
3447 4680
3447 4679
3447 4678
3447 4677
3447 4676
3447 4675
3447 4674
3447 4673
3447 4672
3448 4671
3448 4670
3448 4669
3448 4668
3449 4667
3449 4666
3449 4665
3449 4664
3449 4663
3449 4662
3449 4661
3449 4660
3449 4659
3449 4658
3449 4657
3449 4656
3450 4655
3450 4654
3450 4653
3450 4652
3451 4651
3451 4650
3451 4649
3451 4648
3451 4647
3451 4646
3451 4645
3451 4644
3451 4643
3451 4642
3451 4641
3451 4640
3450 4639
3450 4638
3450 4637
3450 4636
3449 4635
3449 4634
3449 4633
3449 4632
3449 4631
3449 4630
3448 4629
3448 4628
3448 4627
3448 4626
3447 4625
3447 4624
3447 4623
3447 4622
3447 4621
3447 4620
3446 4619
3446 4618
3445 4617
3445 4616
3444 4615
3443 4615
3442 4614
3442 4613
3441 4612
3440 4611
3439 4610
3438 4609
3437 4608
3437 4607
3436 4606
3436 4605
3436 4604
3435 4604
3434 4603
3434 4602
3434 4601
3433 4601
3432 4600
3432 4599
3431 4599
3430 4598
3430 4597
3429 4596
3428 4595
3427 4594
3426 4593
3425 4592
3425 4591
3424 4590
3423 4589
3423 4588
3422 4587
3421 4586
3421 4585
3420 4584
3420 4583
3419 4582
3418 4581
3418 4580
3417 4579
3417 4578
3416 4577
3416 4576
3416 4575
3416 4574
3415 4573
3414 4572
3413 4571
3412 4570
3412 4569
3411 4569
3410 4568
3410 4567
3409 4566
3408 4565
3408 4564
3407 4563
3407 4562
3407 4561
3407 4560
3407 4559
3407 4558
3406 4557
3406 4556
3406 4555
3405 4554
3405 4553
3404 4552
3404 4551
3404 4550
3403 4549
3403 4548
3402 4547
3402 4546
3402 4545
3401 4544
3401 4543
3400 4542
3399 4541
3399 4540
3398 4539
3397 4538
3397 4537
3396 4536
3395 4535
3395 4534
3394 4533
3394 4532
3393 4532
3392 4531
3392 4530
3391 4529
3390 4528
3390 4527
3389 4526
3388 4526
3387 4525
3387 4524
3386 4523
3385 4522
3384 4521
3384 4520
3383 4519
3382 4518
3382 4517
3381 4516
3380 4515
3379 4515
3378 4514
3377 4513
3376 4512
3375 4512
3374 4512
3373 4511
3372 4511
3371 4511
3370 4510
3369 4509
3368 4509
3367 4508
3366 4508
3365 4507
3364 4506
3363 4505
3362 4504
3362 4503
3361 4502
3361 4501
3360 4500
3360 4499
3360 4498
3359 4497
3359 4496
3358 4495
3358 4494
3358 4493
3358 4492
3357 4491
3356 4490
3355 4489
3355 4488
3354 4487
3353 4486
3352 4486
3351 4485
3350 4484
3350 4483
3349 4483
3348 4482
3347 4481
3346 4480
3346 4479
3345 4478
3344 4477
3343 4476
3343 4475
3342 4474
3341 4473
3341 4472
3340 4471
3339 4470
3339 4469
3338 4468
3338 4467
3338 4466
3337 4465
3337 4464
3336 4463
3336 4462
3335 4461
3334 4461
3333 4460
3332 4460
3331 4459
3330 4459
3329 4459
3328 4458
3327 4457
3326 4457
3325 4456
3324 4455
3323 4454
3322 4453
3321 4452
3320 4451
3319 4450
3318 4449
3317 4448
3316 4447
3315 4447
3314 4446
3314 4445
3313 4444
3312 4443
3312 4442
3311 4441
3311 4440
3310 4439
3310 4438
3310 4437
3310 4436
3309 4435
3308 4434
3307 4433
3307 4432
3306 4431
3305 4430
3304 4430
3303 4429
3302 4428
3302 4427
3301 4427
3300 4426
3299 4425
3299 4424
3298 4423
3297 4422
3296 4422
3295 4421
3294 4420
3294 4419
3293 4419
3292 4418
3291 4417
3291 4416
3290 4415
3289 4414
3288 4414
3287 4413
3286 4412
3285 4411
3284 4411
3283 4411
3282 4411
3281 4410
3280 4410
3279 4410
3278 4410
3277 4409
3276 4409
3275 4408
3274 4407
3273 4407
3272 4406
3272 4405
3271 4405
3270 4404
3270 4403
3269 4403
3268 4402
3267 4401
3266 4400
3265 4400
3264 4400
3263 4399
3262 4399
3261 4398
3260 4398
3259 4397
3258 4397
3257 4396
3257 4395
3256 4395
3255 4395
3254 4395
3253 4394
3252 4394
3251 4394
3250 4394
3249 4393
3248 4393
3247 4392
3246 4392
3245 4391
3244 4391
3243 4390
3242 4389
3241 4389
3240 4388
3239 4387
3238 4387
3237 4386
3236 4386
3235 4386
3234 4386
3233 4385
3232 4385
3231 4384
3230 4384
3229 4383
3228 4383
3227 4382
3226 4382
3225 4381
3224 4381
3223 4381
3222 4380
3221 4379
3220 4379
3219 4378
3218 4377
3217 4377
3216 4377
3215 4376
3214 4376
3213 4375
3212 4375
3211 4374
3210 4373
3209 4373
3208 4372
3207 4372
3206 4371
3205 4371
3204 4371
3203 4370
3202 4370
3201 4370
3200 4370
3199 4370
3198 4370
3197 4370
3196 4370
3195 4370
3194 4369
3193 4369
3192 4369
3191 4368
3190 4367
3189 4367
3188 4367
3187 4366
3186 4366
3185 4366
3184 4366
3183 4366
3182 4366
3181 4366
3180 4366
3179 4366
3178 4366
3177 4366
3176 4366
