711 20
710 21
709 21
708 21
707 21
706 22
705 22
704 22
703 22
702 22
701 22
700 22
699 22
698 23
697 23
696 23
695 24
694 24
693 24
692 24
691 24
690 24
689 24
688 24
687 24
686 24
685 24
684 24
683 24
682 24
681 24
680 24
679 24
678 24
677 24
676 24
675 24
674 25
673 25
672 25
671 25
670 26
669 26
668 26
667 26
666 26
665 26
664 26
663 26
662 26
661 26
660 27
659 27
658 27
657 27
656 28
655 28
654 27
653 27
652 27
651 27
650 26
649 26
648 27
647 27
646 27
645 27
644 28
643 28
642 29
641 29
640 29
639 29
638 30
637 31
636 31
635 31
634 32
633 33
632 33
631 33
630 34
629 34
628 34
627 34
626 34
625 34
624 34
623 34
622 34
621 34
620 34
619 34
618 34
617 35
616 35
615 36
614 36
613 37
612 37
611 37
610 38
609 38
608 39
607 39
606 39
606 40
605 41
604 41
604 42
603 43
602 44
601 44
600 45
599 45
598 46
597 47
596 48
595 48
594 49
594 50
593 51
592 51
591 52
591 53
590 54
589 55
588 55
587 56
587 57
586 58
585 59
585 60
584 61
583 62
583 63
582 64
582 65
581 66
581 67
580 68
580 69
579 70
578 71
577 72
576 73
576 74
575 75
574 76
574 77
574 78
573 79
573 80
572 81
572 82
571 83
570 84
570 85
570 86
569 87
569 88
568 89
568 90
568 91
567 92
567 93
567 94
567 95
567 96
567 97
567 98
567 99
567 100
567 101
566 102
566 103
566 104
566 105
565 106
565 107
565 108
565 109
565 110
565 111
565 112
565 113
564 114
564 115
564 116
564 117
563 118
563 119
563 120
563 121
563 122
563 123
563 124
563 125
563 126
563 127
563 128
563 129
563 130
563 131
563 132
563 133
563 134
563 135
563 136
563 137
562 138
562 139
562 140
562 141
561 142
561 143
561 144
561 145
561 146
561 147
561 148
561 149
560 150
560 151
560 152
560 153
559 154
559 155
559 156
559 157
558 158
558 159
558 160
558 161
557 162
557 163
557 164
557 165
556 166
556 167
556 168
556 169
555 170
555 171
555 172
555 173
554 174
554 175
554 176
553 177
553 178
552 179
552 180
551 181
550 182
550 183
550 184
550 185
549 186
548 187
548 188
548 189
547 190
546 191
546 192
546 193
545 194
545 195
545 196
545 197
545 198
545 199
544 200
544 201
544 202
544 203
543 204
543 205
543 206
543 207
543 208
543 209
543 210
543 211
543 212
543 213
542 214
542 215
542 216
542 217
541 218
541 219
541 220
541 221
541 222
541 223
541 224
541 225
541 226
541 227
541 228
541 229
541 230
541 231
541 232
541 233
542 234
542 235
542 236
542 237
543 238
543 239
543 240
544 241
544 242
545 243
545 244
546 245
546 246
546 247
547 248
547 249
547 250
547 251
548 252
548 253
548 254
548 255
549 256
549 257
549 258
549 259
550 260
550 261
550 262
550 263
551 264
551 265
552 266
552 267
552 268
552 269
553 270
553 271
553 272
554 273
554 274
554 275
555 276
555 277
556 278
556 279
556 280
556 281
557 281
558 282
558 283
558 284
558 285
559 286
559 287
560 288
560 289
560 290
561 291
561 292
562 293
562 294
562 295
563 296
563 297
564 298
564 299
564 300
564 301
565 302
565 303
565 304
565 305
565 306
565 307
565 308
565 309
566 310
566 311
566 312
566 313
567 314
567 315
567 316
567 317
567 318
568 319
569 320
570 321
570 322
571 322
572 323
572 324
573 325
574 326
575 327
575 328
576 329
576 330
577 331
577 332
578 333
579 334
579 335
580 335
581 336
581 337
582 337
583 338
583 339
584 340
585 341
585 342
586 343
587 344
587 345
588 346
588 347
589 348
590 349
590 350
591 350
592 351
592 352
593 353
594 354
595 355
596 356
596 357
597 358
597 359
598 360
599 361
599 362
600 363
601 364
601 365
602 366
603 367
603 368
604 369
605 370
606 371
607 372
607 373
608 373
609 374
610 375
611 375
612 376
613 377
614 378
615 379
616 379
617 380
618 381
619 382
620 382
621 383
622 383
623 384
623 385
624 386
625 386
626 387
627 388
628 389
629 389
630 390
631 391
632 392
633 392
634 393
635 394
635 395
636 395
637 396
638 397
639 397
640 398
641 398
642 399
643 399
644 400
645 400
646 400
647 401
648 401
649 401
650 401
651 401
652 401
653 401
654 401
655 401
656 401
657 401
658 401
659 402
660 402
661 402
662 403
663 404
664 404
665 404
666 404
667 405
668 405
669 406
670 406
671 407
672 407
673 408
674 408
675 409
676 409
677 410
678 410
679 410
680 410
681 411
682 411
683 411
684 411
685 412
686 412
687 412
688 412
689 413
690 413
691 413
692 413
693 414
694 414
695 414
696 414
697 415
698 415
699 415
700 415
701 415
702 415
703 415
704 415
705 415
706 415
707 415
708 415
709 415
710 415
711 415
712 415
713 415
714 415
715 414
716 414
717 414
718 414
719 413
720 413
721 413
722 413
723 413
724 413
725 412
726 412
727 412
728 412
729 411
730 411
731 410
732 410
733 410
734 409
735 408
736 408
736 407
737 406
738 406
739 406
740 406
741 405
742 404
743 404
744 404
744 403
745 402
746 402
747 402
748 402
748 401
749 400
750 400
751 400
752 400
753 399
754 399
755 398
756 398
757 397
758 396
758 395
759 394
759 393
760 392
760 391
761 390
761 389
761 388
762 387
762 386
762 385
762 384
762 383
762 382
763 381
763 380
763 379
763 378
764 377
764 376
764 375
764 374
765 373
765 372
765 371
765 370
766 369
766 368
766 367
766 366
766 365
766 364
766 363
766 362
766 361
767 360
767 359
768 358
768 357
769 356
769 355
769 354
770 353
770 352
770 351
770 350
770 349
770 348
771 347
771 346
771 345
772 344
772 343
772 342
773 341
773 340
773 339
773 338
774 337
774 336
775 335
775 334
775 333
775 332
776 331
776 330
776 329
777 328
777 327
777 326
778 325
778 324
779 323
779 322
779 321
780 320
780 319
780 318
781 317
781 316
781 315
781 314
782 313
782 312
782 311
782 310
783 309
783 308
783 307
784 306
784 305
785 304
785 303
785 302
786 301
786 300
787 299
787 298
787 297
787 296
788 295
788 294
787 293
787 292
788 291
788 290
789 289
790 289
791 288
792 287
792 286
792 285
792 284
792 283
792 282
792 281
792 280
793 279
793 278
793 277
793 276
794 275
794 274
793 273
793 272
793 271
793 270
793 269
793 268
793 267
793 266
794 265
794 264
794 263
794 262
794 261
794 260
794 259
794 258
794 257
794 256
794 255
794 254
794 253
794 252
794 251
794 250
794 249
794 248
794 247
794 246
794 245
794 244
793 243
793 242
793 241
793 240
793 239
793 238
793 237
793 236
794 235
794 234
794 233
794 232
794 231
794 230
793 229
793 228
793 227
793 226
793 225
793 224
793 223
793 222
794 221
794 220
793 219
793 218
793 217
793 216
792 215
792 214
792 213
792 212
792 211
792 210
792 209
792 208
793 207
793 206
794 205
794 204
795 203
796 202
796 201
796 200
795 200
794 200
793 200
792 200
791 200
790 199
790 198
790 197
790 196
791 195
791 194
791 193
791 192
791 191
791 190
792 189
792 188
792 187
793 186
794 185
794 184
794 183
794 182
794 181
794 180
794 179
794 178
794 177
794 176
794 175
794 174
794 173
794 172
794 171
794 170
794 169
794 168
794 167
794 166
793 165
793 164
793 163
793 162
792 161
792 160
792 159
792 158
792 157
792 156
792 155
792 154
792 153
792 152
792 151
792 150
792 149
792 148
792 147
792 146
792 145
792 144
791 143
791 142
791 141
791 140
790 139
790 138
790 137
790 136
790 135
790 134
790 133
790 132
790 131
790 130
790 129
790 128
790 127
790 126
790 125
790 124
789 123
789 122
789 121
788 120
788 119
788 118
787 117
787 116
787 115
787 114
786 113
786 112
786 111
786 110
785 109
785 108
785 107
785 106
784 105
784 104
784 103
784 102
784 101
784 100
783 99
783 98
783 97
783 96
782 95
782 94
781 93
780 92
780 91
779 90
778 89
778 88
778 87
778 86
778 85
778 84
778 83
778 82
778 81
778 80
777 79
777 78
777 77
777 76
776 75
776 74
776 73
775 72
775 71
774 70
773 69
773 68
773 67
772 66
771 65
771 64
771 63
770 62
770 61
769 60
768 59
767 58
767 57
766 56
765 55
765 54
764 54
763 53
763 52
763 51
763 50
762 49
762 48
762 47
762 46
762 45
762 44
761 43
760 42
760 41
759 40
758 40
757 39
756 38
755 38
754 38
753 38
752 37
751 37
750 36
749 35
748 35
747 34
747 33
746 32
745 32
744 31
743 31
742 30
742 29
741 29
740 29
739 29
738 28
737 27
736 27
735 26
734 26
733 25
732 25
731 25
730 24
729 24
728 23
727 23
726 23
725 23
724 22
723 22
722 22
721 22
720 22
719 22
718 21
717 21
716 21
715 21
714 20
713 20
712 20
711 20
