413 3734
412 3735
411 3735
410 3735
409 3735
408 3736
407 3736
406 3736
405 3736
404 3737
403 3737
402 3737
401 3737
400 3738
399 3738
398 3738
397 3738
396 3738
395 3738
394 3738
393 3738
392 3739
391 3739
390 3739
389 3739
388 3740
387 3741
386 3741
385 3741
384 3742
383 3742
382 3743
381 3743
380 3743
379 3743
378 3744
377 3744
376 3744
375 3744
374 3744
373 3744
372 3745
371 3745
370 3746
369 3746
368 3747
367 3748
366 3748
365 3749
364 3750
363 3750
362 3751
361 3751
361 3752
360 3753
359 3753
358 3754
357 3755
356 3755
355 3756
354 3757
353 3757
352 3758
351 3758
350 3759
349 3759
348 3759
347 3759
346 3760
345 3761
344 3761
343 3761
342 3762
341 3763
340 3764
339 3764
339 3765
338 3766
337 3767
336 3768
335 3768
334 3769
333 3770
332 3770
331 3771
330 3772
329 3773
328 3773
327 3773
326 3774
325 3775
324 3775
323 3775
322 3776
321 3776
320 3777
319 3777
318 3778
317 3779
316 3779
315 3780
314 3781
313 3781
312 3782
311 3782
310 3782
309 3782
308 3783
307 3783
306 3783
305 3783
304 3784
303 3784
302 3784
301 3784
300 3784
299 3784
298 3784
297 3784
296 3784
295 3784
294 3784
293 3784
292 3784
291 3784
290 3784
289 3784
288 3784
287 3784
286 3784
285 3784
284 3784
283 3784
282 3785
281 3785
280 3785
279 3785
279 3786
278 3787
277 3787
276 3788
275 3788
274 3789
273 3789
272 3790
271 3791
270 3791
269 3792
268 3793
267 3793
266 3794
265 3794
264 3795
263 3795
262 3796
261 3796
260 3797
259 3797
258 3798
257 3799
256 3799
255 3800
254 3801
254 3802
253 3803
252 3803
251 3804
251 3805
250 3806
249 3807
249 3808
249 3809
248 3810
248 3811
247 3812
247 3813
246 3814
245 3814
245 3815
244 3816
243 3817
243 3818
242 3819
241 3820
240 3821
240 3822
240 3823
239 3824
239 3825
238 3826
238 3827
237 3828
237 3829
236 3830
235 3831
235 3832
234 3833
234 3834
233 3835
233 3836
232 3837
231 3838
231 3839
230 3840
229 3840
228 3841
227 3842
226 3843
225 3843
225 3844
224 3845
223 3845
222 3845
221 3845
221 3846
220 3847
219 3847
218 3847
218 3848
217 3849
216 3849
216 3850
215 3851
214 3852
213 3853
212 3853
211 3854
211 3855
210 3856
209 3857
209 3858
208 3859
207 3860
206 3861
206 3862
205 3863
204 3863
204 3864
203 3865
202 3865
202 3866
201 3867
200 3867
200 3868
199 3869
199 3870
198 3871
197 3872
197 3873
196 3874
195 3874
195 3875
194 3876
193 3877
193 3878
192 3879
191 3880
190 3881
190 3882
190 3883
189 3884
189 3885
189 3886
189 3887
188 3888
188 3889
188 3890
187 3891
186 3892
186 3893
186 3894
186 3895
185 3896
185 3897
184 3898
184 3899
183 3900
183 3901
182 3902
181 3903
181 3904
181 3905
180 3906
180 3907
180 3908
179 3909
179 3910
178 3911
178 3912
177 3913
177 3914
176 3915
176 3916
176 3917
175 3918
175 3919
175 3920
175 3921
175 3922
175 3923
175 3924
175 3925
175 3926
175 3927
175 3928
175 3929
175 3930
175 3931
174 3932
174 3933
174 3934
174 3935
173 3936
173 3937
173 3938
173 3939
173 3940
173 3941
173 3942
173 3943
172 3944
172 3945
172 3946
172 3947
171 3948
171 3949
171 3950
171 3951
171 3952
171 3953
170 3954
170 3955
170 3956
169 3957
169 3958
168 3959
168 3960
167 3961
167 3962
167 3963
167 3964
167 3965
167 3966
167 3967
167 3968
167 3969
167 3970
167 3971
167 3972
167 3973
167 3974
167 3975
167 3976
167 3977
167 3978
167 3979
167 3980
167 3981
167 3982
167 3983
167 3984
167 3985
167 3986
167 3987
167 3988
167 3989
167 3990
167 3991
167 3992
168 3993
168 3994
168 3995
169 3996
169 3997
169 3998
169 3999
169 4000
169 4001
170 4002
170 4003
170 4004
170 4005
171 4006
171 4007
171 4008
171 4009
171 4010
171 4011
172 4012
172 4013
172 4014
172 4015
173 4016
173 4017
173 4018
173 4019
173 4020
173 4021
173 4022
173 4023
173 4024
173 4025
173 4026
173 4027
173 4028
173 4029
173 4030
173 4031
174 4032
174 4033
174 4034
174 4035
175 4036
175 4037
176 4038
176 4039
176 4040
176 4041
177 4042
177 4043
177 4044
177 4045
178 4046
178 4047
178 4048
178 4049
179 4050
179 4051
180 4052
180 4053
180 4054
180 4055
181 4055
182 4056
182 4057
182 4058
182 4059
183 4060
183 4061
183 4062
183 4063
184 4064
184 4065
184 4066
185 4067
185 4068
186 4069
186 4070
187 4071
187 4072
188 4073
188 4074
188 4075
189 4076
189 4077
190 4078
190 4079
190 4080
190 4081
191 4082
191 4083
192 4084
192 4085
193 4086
193 4087
194 4088
194 4089
195 4090
195 4091
196 4092
196 4093
197 4094
197 4095
198 4096
198 4097
199 4098
200 4099
200 4100
201 4101
201 4102
202 4103
202 4104
203 4105
203 4106
203 4107
203 4108
203 4109
203 4110
203 4111
203 4112
203 4113
203 4114
203 4115
203 4116
203 4117
203 4118
204 4119
205 4120
205 4121
206 4122
207 4123
208 4124
209 4125
210 4125
211 4126
211 4127
212 4127
213 4128
213 4129
214 4130
215 4131
216 4132
217 4133
218 4133
219 4134
219 4135
220 4135
221 4136
221 4137
222 4138
223 4139
224 4140
225 4141
226 4141
227 4142
227 4143
228 4143
229 4144
229 4145
230 4146
231 4147
231 4148
232 4149
232 4150
233 4150
234 4151
234 4152
235 4153
236 4154
237 4155
238 4155
239 4156
239 4157
240 4157
241 4158
242 4159
243 4159
244 4160
245 4161
246 4162
247 4163
248 4163
249 4164
249 4165
250 4165
251 4166
252 4166
253 4167
254 4167
255 4168
256 4168
257 4168
258 4169
258 4170
259 4171
260 4171
261 4172
261 4173
262 4173
263 4174
264 4175
264 4176
265 4177
266 4178
266 4179
267 4180
267 4181
267 4182
267 4183
267 4184
268 4185
268 4186
269 4187
270 4187
271 4188
272 4188
273 4189
274 4190
275 4190
276 4190
277 4191
277 4192
278 4192
279 4193
280 4193
281 4194
281 4195
282 4196
283 4196
284 4196
285 4197
286 4197
287 4197
288 4197
289 4198
290 4198
291 4198
292 4198
293 4199
294 4199
295 4199
296 4199
297 4199
298 4199
299 4199
300 4199
301 4199
302 4199
303 4199
304 4199
305 4199
306 4199
307 4199
308 4199
309 4199
310 4199
311 4199
312 4199
313 4200
314 4200
315 4200
316 4200
317 4201
318 4201
319 4201
320 4201
321 4201
322 4201
323 4202
324 4202
325 4202
326 4202
327 4203
328 4203
329 4203
330 4203
331 4203
332 4203
333 4203
334 4203
335 4203
336 4203
337 4203
338 4203
339 4203
340 4203
341 4203
342 4203
343 4203
344 4203
345 4203
346 4203
347 4203
348 4203
349 4203
350 4203
351 4203
352 4203
353 4203
354 4203
355 4203
356 4203
357 4203
358 4203
359 4203
360 4203
361 4203
362 4203
363 4203
364 4203
365 4203
366 4203
367 4203
368 4203
369 4203
370 4203
371 4203
372 4203
373 4203
374 4203
375 4203
376 4203
377 4203
378 4203
379 4203
380 4203
381 4203
382 4203
383 4203
384 4203
385 4203
386 4203
387 4203
388 4203
389 4203
390 4203
391 4204
392 4204
393 4204
394 4205
395 4205
396 4205
397 4205
398 4205
399 4205
400 4205
401 4205
402 4205
403 4205
404 4205
405 4205
406 4205
407 4205
408 4205
409 4205
410 4205
411 4205
412 4205
413 4205
414 4205
415 4205
416 4205
417 4205
418 4205
419 4205
420 4205
421 4204
422 4204
423 4204
424 4204
425 4203
426 4203
427 4203
428 4203
429 4203
430 4203
431 4203
432 4203
433 4203
434 4203
435 4203
436 4203
437 4203
438 4203
439 4203
440 4203
441 4203
442 4203
443 4203
444 4203
445 4202
446 4202
447 4202
448 4202
449 4201
450 4201
451 4201
452 4201
453 4201
454 4201
455 4201
456 4201
457 4201
458 4201
459 4200
460 4200
461 4199
462 4199
463 4198
464 4197
464 4196
465 4195
466 4195
466 4194
467 4193
467 4192
468 4191
469 4190
469 4189
469 4188
470 4187
471 4186
471 4185
472 4184
472 4183
473 4182
473 4181
474 4180
474 4179
475 4178
476 4177
476 4176
477 4175
478 4175
478 4174
479 4173
480 4173
481 4172
482 4171
483 4170
484 4169
485 4169
486 4168
487 4168
488 4168
488 4167
489 4166
490 4166
491 4165
492 4165
492 4164
493 4163
494 4162
495 4162
495 4161
496 4160
497 4160
497 4159
498 4158
499 4158
500 4157
500 4156
501 4155
502 4154
502 4153
503 4152
504 4151
505 4150
505 4149
506 4148
506 4147
507 4146
508 4145
508 4144
509 4143
510 4143
510 4142
511 4141
512 4141
512 4140
513 4139
514 4139
515 4138
516 4137
517 4136
518 4135
519 4135
520 4134
521 4133
522 4133
522 4132
523 4131
524 4131
525 4130
526 4129
527 4128
527 4127
528 4126
529 4126
530 4125
530 4124
531 4123
532 4122
533 4122
534 4121
534 4120
535 4119
536 4119
537 4118
538 4117
539 4117
540 4116
541 4115
542 4115
543 4114
544 4114
544 4113
545 4112
546 4112
547 4112
548 4112
549 4111
550 4111
551 4111
552 4111
553 4111
554 4111
555 4110
556 4110
557 4109
558 4109
559 4108
560 4108
561 4107
562 4107
563 4107
564 4107
565 4107
566 4107
567 4107
568 4107
569 4107
570 4107
571 4107
572 4107
573 4107
574 4107
575 4107
576 4107
577 4107
578 4107
579 4107
580 4107
581 4107
582 4107
583 4106
584 4106
585 4106
586 4106
587 4105
588 4105
589 4105
590 4105
591 4104
592 4104
593 4104
594 4103
595 4102
596 4102
597 4102
598 4102
599 4101
600 4101
601 4101
602 4101
603 4101
604 4101
605 4101
606 4101
607 4101
608 4100
609 4100
610 4099
611 4099
612 4098
613 4097
614 4096
615 4096
615 4095
616 4094
617 4094
617 4093
618 4092
618 4091
619 4090
620 4089
621 4088
621 4087
621 4086
622 4085
623 4084
623 4083
623 4082
624 4081
624 4080
624 4079
624 4078
625 4077
625 4076
626 4075
627 4074
628 4073
628 4072
629 4071
630 4070
630 4069
631 4068
632 4067
633 4066
633 4065
634 4064
635 4063
636 4062
637 4062
637 4061
637 4060
638 4059
639 4058
640 4057
641 4056
641 4055
642 4054
643 4053
643 4052
643 4051
644 4050
644 4049
645 4048
645 4047
646 4046
646 4045
647 4044
648 4043
649 4042
649 4041
650 4040
651 4040
651 4039
652 4038
653 4038
654 4037
654 4036
655 4035
656 4034
657 4034
658 4033
658 4032
659 4031
660 4030
661 4029
661 4028
661 4027
661 4026
662 4025
662 4024
663 4023
663 4022
664 4021
665 4020
666 4019
666 4018
667 4017
667 4016
668 4015
668 4014
668 4013
668 4012
668 4011
668 4010
668 4009
668 4008
668 4007
668 4006
668 4005
668 4004
668 4003
668 4002
668 4001
668 4000
667 3999
667 3998
667 3997
666 3996
666 3995
665 3994
665 3993
665 3992
664 3991
664 3990
664 3989
664 3988
664 3987
664 3986
664 3985
664 3984
664 3983
664 3982
664 3981
664 3980
664 3979
664 3978
664 3977
664 3976
664 3975
664 3974
664 3973
664 3972
664 3971
664 3970
664 3969
664 3968
664 3967
664 3966
663 3965
663 3964
662 3963
661 3962
661 3961
661 3960
660 3959
660 3958
660 3957
660 3956
660 3955
660 3954
660 3953
660 3952
660 3951
660 3950
659 3949
659 3948
659 3947
659 3946
658 3945
658 3944
658 3943
658 3942
658 3941
658 3940
657 3939
657 3938
657 3937
656 3936
656 3935
656 3934
655 3933
655 3932
655 3931
655 3930
654 3929
654 3928
654 3927
654 3926
654 3925
654 3924
653 3923
653 3922
653 3921
652 3920
652 3919
651 3918
651 3917
651 3916
650 3915
650 3914
650 3913
650 3912
650 3911
650 3910
650 3909
650 3908
650 3907
650 3906
650 3905
650 3904
650 3903
650 3902
650 3901
650 3900
650 3899
650 3898
650 3897
650 3896
650 3895
650 3894
649 3893
649 3892
648 3891
647 3890
647 3889
646 3888
645 3887
645 3886
644 3885
644 3884
644 3883
644 3882
644 3881
644 3880
644 3879
644 3878
644 3877
644 3876
644 3875
644 3874
644 3873
644 3872
644 3871
643 3870
642 3869
642 3868
641 3867
641 3866
640 3865
640 3864
639 3863
639 3862
638 3861
637 3860
636 3860
635 3859
634 3858
633 3858
632 3857
631 3856
630 3855
630 3854
629 3853
628 3852
628 3851
627 3850
627 3849
626 3848
626 3847
625 3846
624 3845
623 3844
623 3843
622 3843
621 3843
620 3842
619 3842
618 3842
617 3842
616 3841
615 3841
614 3841
613 3840
612 3839
611 3838
610 3837
610 3836
610 3835
610 3834
609 3833
609 3832
609 3831
609 3830
608 3829
608 3828
607 3827
607 3826
607 3825
606 3824
606 3823
605 3822
605 3821
605 3820
604 3819
603 3818
603 3817
602 3816
601 3815
600 3814
599 3813
599 3812
598 3811
597 3811
596 3810
595 3810
594 3809
593 3809
592 3809
591 3808
591 3807
590 3807
589 3806
588 3805
587 3805
586 3805
585 3805
584 3804
584 3803
583 3803
582 3802
581 3802
580 3801
579 3800
578 3799
577 3799
576 3798
575 3798
574 3797
573 3796
572 3795
571 3794
570 3794
569 3793
568 3793
567 3792
566 3792
565 3792
564 3792
563 3792
562 3791
561 3791
560 3790
559 3789
558 3788
557 3787
556 3787
555 3786
554 3785
554 3784
553 3784
552 3783
551 3782
550 3782
549 3781
548 3780
547 3780
546 3779
545 3779
544 3778
544 3777
543 3777
542 3777
541 3777
540 3776
539 3776
538 3775
537 3775
536 3774
535 3774
534 3773
533 3773
532 3772
532 3771
531 3771
530 3771
529 3771
528 3770
527 3770
526 3769
525 3769
524 3769
523 3769
522 3768
521 3768
520 3768
519 3768
518 3768
517 3768
516 3767
515 3767
514 3766
513 3766
512 3765
512 3764
511 3764
510 3763
510 3762
509 3762
508 3761
508 3760
507 3760
506 3759
506 3758
505 3757
504 3756
504 3755
503 3754
502 3753
502 3752
501 3751
501 3750
500 3749
499 3748
499 3747
498 3747
497 3746
497 3745
496 3744
495 3744
494 3743
493 3742
492 3742
491 3742
490 3742
489 3742
488 3742
487 3742
486 3742
485 3742
484 3742
483 3742
482 3742
481 3742
480 3742
479 3742
478 3742
477 3742
476 3742
475 3742
474 3741
473 3741
472 3741
471 3741
470 3740
470 3739
469 3739
468 3739
467 3739
466 3738
465 3738
464 3738
463 3738
462 3738
461 3738
460 3738
459 3738
458 3738
457 3738
456 3738
455 3738
454 3738
453 3738
452 3738
451 3738
450 3738
449 3738
448 3738
447 3738
446 3738
445 3738
444 3737
443 3737
442 3736
441 3736
440 3735
439 3735
438 3734
437 3734
436 3734
435 3734
434 3734
433 3734
432 3734
431 3734
430 3734
429 3734
428 3734
427 3734
426 3734
425 3734
424 3734
423 3734
422 3734
421 3734
420 3734
419 3734
418 3734
417 3734
416 3734
415 3734
414 3734
413 3734
