659 989
658 990
657 990
656 990
655 990
654 991
653 991
652 991
651 991
650 991
649 991
648 991
647 991
646 991
645 991
644 991
643 992
642 992
641 992
640 993
639 993
638 993
637 993
636 993
635 993
634 993
633 993
632 994
631 994
630 994
629 994
628 995
627 995
626 995
625 995
624 995
623 995
622 996
621 996
620 997
619 998
618 999
617 999
617 1000
616 1001
615 1001
615 1002
614 1003
613 1003
612 1004
611 1005
611 1006
610 1007
609 1007
609 1008
608 1009
607 1009
606 1010
605 1011
604 1011
603 1012
602 1012
601 1012
600 1013
599 1013
598 1014
597 1014
596 1015
595 1015
595 1016
594 1017
593 1017
593 1018
592 1019
591 1019
591 1020
590 1021
589 1022
588 1023
587 1024
587 1025
586 1026
585 1027
584 1028
584 1029
583 1030
583 1031
582 1032
581 1033
581 1034
580 1035
580 1036
579 1037
578 1037
578 1038
578 1039
578 1040
577 1041
577 1042
577 1043
577 1044
576 1045
576 1046
576 1047
576 1048
575 1049
575 1050
574 1051
574 1052
573 1053
573 1054
572 1055
572 1056
571 1057
570 1057
570 1058
570 1059
570 1060
569 1061
569 1062
568 1063
568 1064
568 1065
567 1066
566 1067
566 1068
565 1069
564 1070
563 1071
563 1072
562 1073
561 1073
560 1074
559 1075
559 1076
558 1077
557 1077
557 1078
556 1079
556 1080
555 1081
554 1081
554 1082
553 1083
552 1084
551 1085
551 1086
550 1087
549 1087
548 1088
547 1089
547 1090
546 1091
545 1092
545 1093
545 1094
544 1095
544 1096
544 1097
543 1098
542 1099
542 1100
542 1101
542 1102
541 1103
541 1104
541 1105
541 1106
541 1107
541 1108
541 1109
541 1110
541 1111
541 1112
541 1113
541 1114
541 1115
541 1116
541 1117
541 1118
541 1119
541 1120
541 1121
541 1122
542 1123
542 1124
542 1125
542 1126
543 1127
543 1128
544 1129
544 1130
545 1131
545 1132
546 1133
547 1134
548 1134
549 1135
549 1136
549 1137
549 1138
549 1139
549 1140
549 1141
549 1142
549 1143
549 1144
549 1145
549 1146
550 1147
550 1148
550 1149
550 1150
551 1151
551 1152
551 1153
551 1154
551 1155
551 1156
551 1157
551 1158
551 1159
552 1160
552 1161
552 1162
553 1163
553 1164
553 1165
553 1166
553 1167
553 1168
553 1169
553 1170
553 1171
553 1172
553 1173
553 1174
553 1175
553 1176
553 1177
553 1178
553 1179
553 1180
552 1181
552 1182
551 1183
551 1184
550 1185
550 1186
549 1187
549 1188
549 1189
549 1190
549 1191
549 1192
549 1193
549 1194
549 1195
549 1196
549 1197
549 1198
549 1199
549 1200
549 1201
549 1202
549 1203
549 1204
549 1205
549 1206
549 1207
549 1208
549 1209
549 1210
549 1211
549 1212
550 1213
550 1214
550 1215
550 1216
551 1217
551 1218
551 1219
551 1220
551 1221
551 1222
551 1223
551 1224
551 1225
551 1226
551 1227
551 1228
550 1229
549 1230
548 1231
547 1232
547 1233
547 1234
546 1235
547 1236
547 1237
547 1238
548 1239
548 1240
549 1241
549 1242
550 1243
551 1244
552 1245
553 1246
553 1247
554 1248
554 1249
554 1250
555 1251
555 1252
556 1253
556 1254
557 1255
557 1256
558 1257
559 1258
560 1259
561 1260
562 1261
562 1262
563 1263
563 1264
563 1265
563 1266
564 1267
564 1268
564 1269
565 1270
565 1271
566 1272
567 1273
568 1274
569 1275
570 1275
571 1276
572 1277
573 1278
574 1279
575 1280
576 1281
577 1282
577 1283
578 1283
579 1284
580 1284
581 1285
581 1286
582 1286
583 1287
584 1288
585 1289
586 1290
587 1291
588 1291
589 1292
590 1292
591 1293
592 1293
593 1294
593 1295
594 1295
595 1296
596 1296
597 1297
598 1298
599 1298
600 1299
601 1299
602 1300
603 1301
604 1301
605 1302
606 1302
607 1303
608 1303
609 1304
610 1304
611 1305
612 1305
613 1305
614 1306
615 1307
616 1307
617 1308
618 1308
619 1309
620 1310
621 1311
622 1312
623 1313
624 1313
625 1314
626 1314
627 1314
628 1314
629 1315
630 1315
631 1315
632 1315
633 1316
633 1317
634 1317
635 1318
636 1318
637 1318
638 1318
639 1319
640 1319
641 1318
642 1318
643 1318
644 1318
645 1318
646 1318
647 1318
648 1318
649 1317
650 1317
651 1317
652 1317
653 1316
654 1316
655 1316
656 1316
657 1316
658 1316
659 1315
660 1315
661 1315
662 1315
663 1314
664 1314
665 1314
666 1314
667 1313
668 1313
669 1313
670 1313
671 1312
672 1312
673 1312
674 1312
675 1311
676 1311
677 1310
677 1309
678 1308
678 1307
678 1306
678 1305
679 1304
680 1304
681 1304
682 1304
683 1304
684 1304
685 1304
686 1304
687 1304
688 1304
689 1303
690 1303
691 1302
692 1301
692 1300
693 1299
694 1298
695 1297
696 1297
696 1296
697 1295
698 1294
698 1293
698 1292
698 1291
698 1290
698 1289
698 1288
698 1287
699 1286
700 1286
701 1286
702 1286
703 1287
704 1287
705 1287
706 1288
707 1289
708 1289
709 1289
710 1290
711 1291
712 1291
713 1292
714 1292
715 1293
715 1294
716 1294
717 1295
718 1295
719 1296
720 1296
721 1296
722 1296
723 1296
724 1296
725 1296
726 1296
727 1296
728 1296
729 1296
730 1296
731 1296
732 1296
733 1296
734 1295
735 1295
736 1295
737 1294
738 1294
739 1294
740 1294
741 1294
742 1294
743 1294
744 1294
745 1294
746 1294
747 1294
748 1294
749 1294
750 1294
751 1294
752 1294
753 1294
754 1294
755 1293
756 1293
757 1293
758 1293
759 1292
760 1292
761 1291
762 1291
763 1290
764 1290
765 1289
765 1288
766 1287
767 1286
768 1286
769 1285
770 1285
771 1284
772 1284
773 1283
774 1283
775 1283
776 1283
777 1282
778 1282
779 1281
780 1281
781 1281
782 1281
783 1280
784 1280
785 1280
786 1280
787 1280
788 1279
789 1279
790 1278
791 1278
792 1277
793 1276
794 1276
795 1275
796 1274
797 1273
798 1272
799 1271
800 1271
800 1270
801 1269
802 1269
803 1268
804 1268
805 1267
806 1267
807 1266
808 1265
809 1264
810 1263
811 1262
812 1261
813 1261
814 1260
814 1259
815 1258
815 1257
816 1256
817 1256
817 1255
817 1254
817 1253
818 1252
818 1251
819 1250
819 1249
819 1248
819 1247
820 1246
820 1245
821 1244
821 1243
821 1242
821 1241
822 1240
822 1239
823 1238
823 1237
823 1236
823 1235
824 1234
824 1233
825 1232
825 1231
825 1230
826 1229
826 1228
826 1227
826 1226
826 1225
826 1224
826 1223
826 1222
826 1221
827 1220
827 1219
827 1218
827 1217
828 1216
828 1215
828 1214
828 1213
828 1212
828 1211
828 1210
828 1209
828 1208
828 1207
828 1206
828 1205
828 1204
828 1203
828 1202
828 1201
828 1200
828 1199
828 1198
828 1197
828 1196
828 1195
828 1194
828 1193
828 1192
828 1191
828 1190
828 1189
828 1188
828 1187
828 1186
828 1185
828 1184
828 1183
828 1182
828 1181
828 1180
828 1179
828 1178
828 1177
828 1176
828 1175
828 1174
828 1173
828 1172
828 1171
828 1170
827 1169
827 1168
827 1167
826 1166
826 1165
826 1164
826 1163
827 1162
827 1161
827 1160
828 1159
828 1158
828 1157
828 1156
828 1155
828 1154
828 1153
829 1152
829 1151
829 1150
829 1149
830 1148
830 1147
829 1146
829 1145
829 1144
829 1143
828 1142
828 1141
828 1140
828 1139
828 1138
828 1137
828 1136
828 1135
828 1134
828 1133
828 1132
828 1131
828 1130
828 1129
828 1128
828 1127
828 1126
828 1125
828 1124
828 1123
828 1122
828 1121
828 1120
828 1119
828 1118
828 1117
828 1116
828 1115
828 1114
828 1113
827 1112
827 1111
826 1110
825 1109
825 1108
824 1107
823 1106
823 1105
822 1104
822 1103
822 1102
822 1101
822 1100
822 1099
822 1098
822 1097
821 1096
821 1095
821 1094
821 1093
820 1093
819 1092
819 1091
819 1090
819 1089
818 1088
818 1087
819 1086
819 1085
820 1084
820 1083
821 1082
821 1081
822 1080
822 1079
822 1078
822 1077
821 1076
821 1075
821 1074
821 1073
820 1073
819 1072
819 1071
819 1070
819 1069
818 1068
817 1067
816 1066
816 1065
815 1064
814 1063
813 1062
812 1061
812 1060
811 1059
810 1058
809 1057
809 1056
808 1055
808 1054
807 1053
806 1052
806 1051
805 1050
805 1049
804 1049
803 1048
803 1047
803 1046
803 1045
802 1044
802 1043
801 1042
801 1041
800 1040
799 1039
798 1038
798 1037
797 1036
796 1035
796 1034
795 1033
794 1032
793 1032
792 1031
791 1031
790 1031
789 1031
788 1031
787 1031
786 1031
785 1031
784 1031
783 1031
782 1031
781 1031
780 1031
779 1031
778 1031
777 1031
776 1031
775 1031
774 1031
773 1031
772 1031
771 1031
770 1030
769 1030
768 1029
767 1029
766 1028
765 1028
764 1027
763 1027
762 1027
761 1027
760 1026
759 1026
758 1026
757 1026
756 1025
755 1025
754 1024
753 1024
752 1024
751 1023
750 1023
749 1023
748 1023
747 1023
746 1023
745 1023
744 1023
743 1023
742 1022
741 1022
740 1022
739 1022
738 1021
738 1020
737 1020
736 1020
735 1019
734 1019
733 1018
732 1017
731 1017
730 1016
729 1016
728 1015
727 1015
726 1014
725 1014
724 1014
723 1013
722 1013
721 1012
720 1012
719 1012
718 1011
717 1011
716 1011
715 1011
714 1011
713 1011
712 1010
711 1010
710 1010
709 1009
708 1009
707 1008
706 1008
705 1008
704 1007
703 1007
702 1007
701 1007
700 1007
699 1007
698 1007
697 1007
696 1007
695 1007
694 1006
693 1006
692 1006
691 1006
690 1005
689 1005
688 1004
687 1004
686 1003
685 1003
684 1002
683 1001
683 1000
682 999
681 999
680 998
679 997
678 996
677 996
676 995
675 995
674 994
674 993
673 993
672 992
671 992
670 991
669 991
668 990
667 990
666 990
665 990
664 989
663 989
662 989
661 989
660 989
659 989
