1877 5808
1876 5809
1875 5809
1874 5809
1873 5809
1872 5810
1871 5810
1870 5810
1869 5810
1868 5810
1867 5810
1866 5811
1865 5811
1864 5811
1863 5812
1862 5813
1861 5813
1860 5814
1859 5814
1858 5815
1857 5815
1856 5815
1855 5816
1854 5816
1853 5817
1852 5817
1851 5818
1850 5818
1849 5819
1848 5819
1847 5820
1846 5820
1845 5821
1844 5821
1843 5821
1842 5822
1841 5822
1840 5823
1839 5823
1838 5823
1837 5823
1836 5824
1835 5824
1834 5825
1833 5825
1832 5825
1831 5825
1830 5826
1829 5827
1828 5828
1827 5828
1827 5829
1826 5830
1825 5831
1824 5831
1823 5832
1822 5833
1822 5834
1821 5835
1820 5835
1819 5836
1819 5837
1818 5838
1817 5839
1816 5839
1815 5840
1814 5841
1814 5842
1813 5843
1813 5844
1812 5845
1811 5846
1810 5847
1809 5848
1808 5849
1808 5850
1807 5851
1806 5851
1805 5852
1805 5853
1804 5854
1803 5854
1802 5855
1801 5855
1801 5856
1800 5857
1799 5857
1798 5858
1797 5859
1796 5859
1795 5860
1795 5861
1794 5862
1793 5862
1792 5863
1791 5864
1790 5865
1790 5866
1789 5867
1788 5867
1787 5868
1787 5869
1786 5870
1785 5871
1785 5872
1784 5873
1784 5874
1783 5875
1782 5876
1782 5877
1782 5878
1781 5879
1781 5880
1780 5881
1780 5882
1780 5883
1779 5884
1779 5885
1779 5886
1779 5887
1778 5888
1778 5889
1778 5890
1778 5891
1777 5892
1777 5893
1777 5894
1777 5895
1776 5896
1776 5897
1776 5898
1776 5899
1775 5900
1775 5901
1775 5902
1775 5903
1775 5904
1775 5905
1775 5906
1775 5907
1775 5908
1775 5909
1775 5910
1775 5911
1774 5912
1774 5913
1774 5914
1774 5915
1773 5916
1773 5917
1773 5918
1773 5919
1773 5920
1773 5921
1773 5922
1773 5923
1773 5924
1773 5925
1774 5926
1774 5927
1774 5928
1774 5929
1775 5930
1775 5931
1775 5932
1775 5933
1775 5934
1775 5935
1775 5936
1775 5937
1776 5938
1776 5939
1776 5940
1777 5941
1777 5942
1778 5943
1778 5944
1779 5945
1779 5946
1779 5947
1779 5948
1779 5949
1779 5950
1779 5951
1779 5952
1779 5953
1779 5954
1779 5955
1779 5956
1779 5957
1779 5958
1779 5959
1780 5960
1781 5961
1781 5962
1782 5962
1783 5963
1784 5964
1785 5965
1786 5966
1787 5967
1787 5968
1788 5969
1788 5970
1789 5971
1789 5972
1790 5973
1791 5974
1791 5975
1792 5976
1793 5977
1794 5978
1795 5979
1796 5980
1797 5981
1797 5982
1798 5983
1798 5984
1799 5985
1800 5986
1801 5987
1801 5988
1802 5989
1802 5990
1803 5991
1803 5992
1804 5993
1804 5994
1805 5995
1806 5995
1807 5996
1807 5997
1808 5998
1809 5999
1810 6000
1810 6001
1811 6002
1812 6003
1813 6004
1813 6005
1814 6006
1815 6007
1816 6008
1817 6009
1817 6010
1818 6011
1818 6012
1818 6013
1819 6014
1820 6015
1820 6016
1821 6017
1821 6018
1822 6019
1823 6020
1823 6021
1824 6021
1825 6022
1826 6023
1827 6024
1828 6024
1829 6025
1830 6026
1831 6026
1832 6027
1833 6028
1834 6028
1835 6029
1836 6030
1837 6030
1838 6030
1839 6031
1840 6031
1841 6032
1842 6032
1843 6032
1844 6032
1845 6033
1846 6033
1847 6034
1848 6034
1849 6035
1850 6035
1851 6036
1852 6036
1853 6037
1854 6037
1855 6037
1856 6037
1857 6038
1858 6038
1859 6038
1860 6039
1861 6039
1862 6039
1863 6040
1864 6040
1865 6040
1866 6041
1866 6042
1867 6042
1868 6043
1869 6044
1870 6044
1871 6044
1872 6044
1873 6045
1873 6046
1874 6046
1875 6047
1876 6048
1877 6049
1878 6049
1879 6050
1879 6051
1880 6052
1881 6053
1881 6054
1882 6055
1882 6056
1882 6057
1883 6058
1883 6059
1884 6060
1884 6061
1885 6062
1886 6062
1887 6063
1888 6063
1889 6063
1890 6063
1891 6063
1892 6063
1893 6063
1894 6063
1895 6063
1896 6063
1897 6063
1898 6063
1899 6063
1900 6063
1901 6063
1902 6063
1903 6063
1904 6063
1905 6063
1906 6063
1907 6063
1908 6063
1909 6063
1910 6063
1911 6063
1912 6063
1913 6063
1914 6063
1915 6063
1916 6063
1917 6063
1918 6063
1919 6063
1920 6062
1921 6062
1922 6062
1923 6061
1924 6061
1925 6061
1926 6061
1927 6060
1928 6060
1929 6060
1930 6060
1931 6059
1932 6059
1933 6059
1934 6059
1935 6059
1936 6059
1937 6058
1938 6058
1939 6058
1940 6058
1941 6057
1942 6057
1943 6056
1944 6056
1945 6056
1946 6056
1947 6055
1948 6054
1949 6053
1950 6053
1950 6052
1951 6051
1952 6051
1952 6050
1953 6049
1954 6048
1954 6047
1954 6046
1954 6045
1954 6044
1954 6043
1954 6042
1954 6041
1954 6040
1954 6039
1954 6038
1954 6037
1954 6036
1954 6035
1954 6034
1955 6033
1955 6032
1955 6031
1955 6030
1956 6029
1956 6028
1956 6027
1956 6026
1956 6025
1956 6024
1957 6023
1957 6022
1957 6021
1957 6020
1958 6019
1958 6018
1958 6017
1959 6016
1959 6015
1959 6014
1960 6013
1960 6012
1960 6011
1960 6010
1961 6009
1961 6008
1961 6007
1962 6006
1962 6005
1962 6004
1962 6003
1962 6002
1963 6001
1963 6000
1963 5999
1963 5998
1964 5997
1964 5996
1964 5995
1964 5994
1964 5993
1964 5992
1964 5991
1964 5990
1964 5989
1964 5988
1964 5987
1964 5986
1965 5985
1965 5984
1965 5983
1965 5982
1966 5981
1966 5980
1966 5979
1966 5978
1966 5977
1966 5976
1966 5975
1966 5974
1966 5973
1966 5972
1966 5971
1966 5970
1966 5969
1966 5968
1966 5967
1966 5966
1966 5965
1966 5964
1966 5963
1966 5962
1966 5961
1966 5960
1967 5959
1967 5958
1967 5957
1967 5956
1968 5955
1968 5954
1968 5953
1968 5952
1968 5951
1968 5950
1968 5949
1968 5948
1968 5947
1968 5946
1968 5945
1968 5944
1968 5943
1968 5942
1968 5941
1968 5940
1968 5939
1968 5938
1968 5937
1968 5936
1968 5935
1968 5934
1968 5933
1968 5932
1968 5931
1968 5930
1968 5929
1968 5928
1968 5927
1968 5926
1968 5925
1968 5924
1968 5923
1968 5922
1968 5921
1968 5920
1968 5919
1968 5918
1968 5917
1968 5916
1968 5915
1968 5914
1968 5913
1968 5912
1968 5911
1968 5910
1968 5909
1968 5908
1968 5907
1968 5906
1968 5905
1968 5904
1968 5903
1968 5902
1968 5901
1968 5900
1968 5899
1968 5898
1969 5897
1969 5896
1969 5895
1969 5894
1970 5893
1970 5892
1970 5891
1970 5890
1970 5889
1970 5888
1970 5887
1970 5886
1970 5885
1970 5884
1969 5883
1969 5882
1969 5881
1969 5880
1968 5879
1968 5878
1968 5877
1968 5876
1968 5875
1968 5874
1967 5873
1967 5872
1967 5871
1967 5870
1966 5869
1966 5868
1966 5867
1965 5866
1964 5865
1964 5864
1963 5863
1962 5862
1961 5861
1960 5860
1959 5860
1958 5859
1958 5858
1957 5858
1956 5857
1956 5856
1955 5856
1954 5855
1954 5854
1953 5853
1952 5852
1952 5851
1951 5850
1950 5849
1950 5848
1949 5847
1949 5846
1948 5845
1947 5844
1947 5843
1946 5843
1945 5842
1945 5841
1944 5841
1943 5840
1943 5839
1942 5839
1941 5838
1940 5837
1940 5836
1939 5836
1938 5835
1937 5835
1936 5834
1936 5833
1935 5833
1934 5833
1933 5832
1932 5832
1931 5831
1930 5830
1929 5829
1928 5828
1927 5828
1926 5827
1925 5826
1924 5825
1923 5825
1922 5825
1921 5825
1920 5824
1920 5823
1919 5823
1918 5823
1917 5823
1916 5822
1916 5821
1915 5821
1914 5820
1913 5820
1912 5819
1911 5818
1910 5818
1909 5817
1908 5817
1907 5816
1906 5816
1905 5815
1904 5815
1903 5815
1902 5814
1901 5814
1900 5814
1899 5814
1898 5813
1897 5813
1896 5813
1895 5813
1894 5812
1894 5811
1893 5811
1892 5811
1891 5811
1890 5810
1889 5810
1888 5810
1887 5810
1886 5810
1885 5810
1884 5810
1883 5810
1882 5809
1881 5809
1880 5809
1879 5809
1878 5808
1877 5808
