685 1429
684 1430
683 1430
682 1430
681 1430
680 1431
679 1431
678 1431
677 1431
676 1431
675 1431
674 1431
673 1431
672 1431
671 1431
670 1432
669 1432
668 1432
667 1432
666 1433
665 1433
664 1433
663 1433
662 1434
661 1434
660 1434
659 1434
658 1435
657 1435
656 1435
655 1435
654 1436
653 1436
652 1436
651 1436
650 1437
649 1437
648 1438
647 1438
646 1438
645 1438
644 1439
643 1439
642 1440
641 1440
640 1440
639 1441
638 1441
637 1442
636 1442
635 1442
634 1443
633 1443
632 1444
631 1444
630 1444
629 1445
628 1445
627 1446
626 1446
625 1446
624 1447
623 1448
622 1448
621 1449
620 1449
619 1450
618 1451
617 1451
616 1452
615 1453
614 1453
613 1454
612 1455
611 1455
610 1456
609 1456
609 1457
608 1458
607 1458
606 1459
605 1459
604 1460
603 1461
603 1462
602 1463
601 1463
600 1464
599 1465
598 1465
597 1466
596 1466
595 1467
594 1467
593 1468
592 1469
591 1469
590 1470
589 1471
588 1472
587 1473
586 1474
585 1474
584 1475
583 1476
582 1477
581 1478
580 1479
579 1479
578 1480
577 1481
576 1482
575 1482
574 1483
573 1483
572 1484
572 1485
571 1486
570 1487
569 1487
569 1488
568 1489
567 1490
566 1491
565 1492
565 1493
564 1494
563 1495
562 1496
561 1497
561 1498
560 1499
559 1499
559 1500
558 1501
557 1502
557 1503
556 1504
555 1505
555 1506
554 1507
553 1508
553 1509
552 1510
552 1511
551 1512
550 1513
550 1514
549 1515
549 1516
548 1517
547 1518
547 1519
546 1520
546 1521
545 1522
545 1523
544 1524
543 1525
543 1526
542 1527
541 1528
540 1529
540 1530
539 1531
539 1532
538 1533
537 1534
536 1534
535 1535
535 1536
534 1537
533 1538
533 1539
532 1540
532 1541
532 1542
531 1543
531 1544
530 1545
530 1546
529 1547
529 1548
528 1549
528 1550
527 1551
527 1552
526 1553
526 1554
526 1555
526 1556
525 1557
524 1557
524 1558
524 1559
524 1560
523 1561
523 1562
522 1563
522 1564
522 1565
522 1566
521 1567
521 1568
521 1569
521 1570
520 1571
520 1572
520 1573
520 1574
519 1575
519 1576
519 1577
519 1578
519 1579
519 1580
519 1581
519 1582
519 1583
519 1584
519 1585
519 1586
518 1587
518 1588
518 1589
518 1590
517 1591
517 1592
517 1593
517 1594
516 1595
516 1596
516 1597
516 1598
515 1599
515 1600
515 1601
515 1602
515 1603
515 1604
515 1605
515 1606
515 1607
516 1608
516 1609
516 1610
517 1611
517 1612
517 1613
517 1614
517 1615
517 1616
517 1617
517 1618
518 1619
518 1620
518 1621
518 1622
519 1623
519 1624
519 1625
519 1626
519 1627
519 1628
519 1629
519 1630
519 1631
520 1632
520 1633
520 1634
521 1635
521 1636
521 1637
521 1638
522 1639
522 1640
522 1641
523 1642
524 1643
524 1644
524 1645
524 1646
525 1647
525 1648
525 1649
525 1650
526 1651
526 1652
526 1653
526 1654
527 1655
527 1656
528 1657
528 1658
528 1659
529 1660
529 1661
530 1662
530 1663
530 1664
531 1664
532 1665
532 1666
532 1667
533 1668
534 1669
534 1670
535 1671
535 1672
536 1673
536 1674
537 1675
537 1676
537 1677
538 1678
539 1679
539 1680
540 1681
541 1682
541 1683
542 1684
543 1685
543 1686
544 1687
544 1688
545 1688
546 1689
546 1690
547 1691
547 1692
548 1693
549 1694
550 1694
551 1695
551 1696
552 1697
553 1698
553 1699
554 1700
555 1701
556 1702
557 1703
557 1704
558 1705
559 1706
560 1707
561 1707
562 1708
563 1709
563 1710
564 1710
565 1711
565 1712
566 1713
567 1714
567 1715
568 1716
569 1717
569 1718
570 1718
571 1719
571 1720
572 1721
573 1722
574 1723
575 1724
576 1725
577 1726
577 1727
578 1728
579 1729
579 1730
580 1730
581 1731
582 1732
583 1733
583 1734
584 1734
585 1735
585 1736
586 1737
587 1738
588 1738
589 1739
590 1740
591 1741
591 1742
592 1743
593 1744
594 1744
595 1745
595 1746
596 1746
597 1747
598 1748
599 1749
599 1750
600 1750
601 1751
602 1752
603 1752
604 1753
605 1753
606 1754
607 1754
608 1755
609 1755
610 1756
611 1757
612 1757
613 1757
614 1757
615 1758
616 1759
617 1759
618 1760
619 1760
620 1761
621 1762
622 1762
623 1763
624 1763
625 1764
626 1764
627 1765
628 1765
629 1765
630 1765
631 1766
632 1766
633 1767
634 1767
635 1767
636 1768
637 1768
638 1768
639 1768
640 1768
641 1768
642 1768
643 1769
644 1769
645 1769
646 1769
647 1770
648 1770
649 1770
650 1770
651 1770
652 1770
653 1770
654 1770
655 1770
656 1770
657 1771
658 1771
659 1771
660 1771
661 1772
662 1772
663 1772
664 1771
665 1772
666 1772
667 1772
668 1772
669 1772
670 1772
671 1772
672 1772
673 1772
674 1772
675 1772
676 1772
677 1772
678 1772
679 1772
680 1772
681 1772
682 1772
683 1772
684 1772
685 1772
686 1772
687 1772
688 1772
689 1772
690 1772
691 1771
692 1771
693 1771
694 1771
695 1770
696 1770
697 1770
698 1770
699 1770
700 1770
701 1770
702 1770
703 1770
704 1770
705 1770
706 1770
707 1769
708 1769
709 1769
710 1769
711 1768
712 1768
713 1768
714 1768
715 1767
716 1767
717 1767
718 1767
719 1766
720 1766
721 1766
722 1766
723 1766
724 1766
725 1765
726 1765
727 1765
728 1765
729 1764
730 1764
731 1764
732 1764
733 1764
734 1764
735 1764
736 1763
737 1763
738 1763
739 1762
740 1762
741 1761
742 1761
743 1761
744 1761
745 1760
746 1760
747 1760
748 1760
749 1760
750 1760
751 1759
752 1759
753 1759
754 1759
755 1758
756 1758
757 1757
758 1757
759 1757
760 1757
760 1756
761 1755
762 1755
763 1754
764 1754
765 1753
766 1753
767 1752
768 1752
769 1751
770 1751
771 1750
772 1750
773 1749
774 1749
775 1748
776 1747
777 1746
778 1746
779 1745
779 1744
780 1743
781 1742
782 1742
782 1741
783 1740
784 1739
784 1738
785 1737
785 1736
786 1735
786 1734
787 1733
788 1732
788 1731
789 1730
789 1729
790 1728
791 1728
791 1727
791 1726
791 1725
792 1724
792 1723
793 1722
793 1721
793 1720
793 1719
794 1718
794 1717
795 1716
795 1715
795 1714
795 1713
796 1712
796 1711
797 1710
797 1709
797 1708
797 1707
798 1706
798 1705
799 1704
799 1703
799 1702
800 1701
800 1700
800 1699
800 1698
800 1697
801 1696
801 1695
801 1694
801 1693
802 1692
802 1691
802 1690
802 1689
803 1688
803 1687
803 1686
803 1685
804 1684
804 1683
804 1682
804 1681
804 1680
804 1679
804 1678
804 1677
805 1676
805 1675
805 1674
805 1673
806 1672
806 1671
807 1670
807 1669
807 1668
807 1667
808 1666
808 1665
808 1664
808 1663
809 1662
809 1661
809 1660
809 1659
810 1658
810 1657
810 1656
810 1655
811 1654
811 1653
811 1652
811 1651
812 1650
812 1649
813 1648
813 1647
813 1646
813 1645
814 1644
814 1643
815 1642
815 1641
815 1640
815 1639
816 1638
816 1637
816 1636
816 1635
817 1634
817 1633
817 1632
818 1631
818 1630
818 1629
818 1628
818 1627
819 1626
819 1625
819 1624
820 1623
820 1622
820 1621
820 1620
820 1619
820 1618
820 1617
820 1616
820 1615
820 1614
820 1613
820 1612
820 1611
820 1610
820 1609
820 1608
820 1607
821 1606
821 1605
821 1604
821 1603
822 1602
822 1601
822 1600
822 1599
822 1598
822 1597
822 1596
822 1595
822 1594
822 1593
822 1592
822 1591
822 1590
822 1589
822 1588
822 1587
822 1586
822 1585
822 1584
822 1583
822 1582
822 1581
822 1580
822 1579
822 1578
822 1577
822 1576
822 1575
822 1574
822 1573
822 1572
822 1571
822 1570
822 1569
821 1568
821 1567
821 1566
821 1565
820 1564
820 1563
820 1562
820 1561
820 1560
820 1559
820 1558
820 1557
820 1556
820 1555
820 1554
820 1553
820 1552
820 1551
820 1550
820 1549
820 1548
820 1547
820 1546
820 1545
820 1544
820 1543
820 1542
820 1541
820 1540
820 1539
820 1538
819 1537
819 1536
819 1535
818 1534
818 1533
818 1532
818 1531
818 1530
817 1529
817 1528
817 1527
816 1526
816 1525
816 1524
816 1523
815 1522
815 1521
815 1520
814 1519
814 1518
814 1517
814 1516
814 1515
814 1514
814 1513
813 1512
813 1511
813 1510
813 1509
812 1508
812 1507
812 1506
812 1505
812 1504
812 1503
812 1502
812 1501
812 1500
812 1499
812 1498
812 1497
812 1496
812 1495
812 1494
812 1493
811 1492
811 1491
811 1490
811 1489
810 1488
810 1487
809 1486
809 1485
808 1484
808 1483
807 1482
807 1481
806 1481
805 1480
805 1479
805 1478
804 1477
804 1476
803 1475
803 1474
803 1473
802 1472
802 1471
801 1470
801 1469
800 1468
799 1467
798 1466
797 1465
796 1465
795 1464
794 1463
793 1463
792 1462
791 1461
790 1461
789 1460
788 1459
787 1459
786 1458
785 1458
784 1457
784 1456
783 1456
782 1456
781 1456
780 1455
780 1454
779 1454
778 1453
777 1453
776 1452
775 1451
774 1451
773 1450
772 1450
771 1449
770 1449
769 1448
768 1448
767 1447
766 1446
765 1446
764 1446
763 1446
762 1445
761 1445
760 1444
759 1444
758 1443
757 1443
756 1442
755 1442
754 1441
753 1441
752 1440
751 1440
750 1440
749 1440
748 1439
747 1438
746 1438
745 1438
744 1437
743 1437
742 1436
741 1436
740 1436
739 1436
738 1435
737 1435
736 1435
735 1435
734 1434
733 1434
732 1434
731 1434
730 1433
729 1433
728 1433
727 1433
726 1432
725 1432
724 1432
723 1432
722 1431
721 1431
720 1431
719 1431
718 1431
717 1431
716 1431
715 1431
714 1431
713 1431
712 1431
711 1431
710 1430
709 1430
708 1430
707 1430
706 1429
705 1429
704 1429
703 1429
702 1429
701 1429
700 1429
699 1429
698 1429
697 1429
696 1429
695 1429
694 1429
693 1429
692 1429
691 1429
690 1429
689 1429
688 1429
687 1429
686 1429
685 1429
