337 884
336 885
335 885
334 885
333 885
332 886
331 886
330 886
329 886
328 887
327 887
326 887
325 887
324 888
323 888
322 888
321 888
320 888
319 888
318 888
317 888
316 888
315 888
314 888
313 888
312 888
311 888
310 888
309 888
308 888
307 888
306 888
305 888
304 888
303 888
302 888
301 888
300 888
299 888
298 889
297 889
296 889
295 889
294 890
293 890
292 891
291 891
290 891
289 891
288 892
287 892
286 892
285 892
284 893
283 893
282 893
281 893
280 894
279 894
278 895
277 895
276 895
275 895
274 896
273 896
272 896
271 896
270 896
269 896
268 896
267 896
266 896
265 896
264 896
263 896
262 896
261 896
260 896
259 896
258 896
257 896
256 897
255 897
254 897
253 897
252 898
251 898
250 898
249 898
248 898
247 898
246 898
245 898
244 898
243 898
242 898
241 898
240 899
239 899
238 899
237 899
236 900
235 900
234 900
233 900
232 901
231 901
230 901
229 901
228 902
227 902
226 903
225 903
224 903
223 903
222 904
221 904
220 904
219 904
218 905
217 905
216 905
215 905
215 906
214 907
213 907
212 908
211 908
210 909
209 909
208 910
207 911
206 911
205 912
204 913
203 913
202 914
201 915
200 915
199 916
199 917
198 918
197 919
196 919
195 920
194 921
193 922
192 923
191 924
190 924
189 925
188 926
187 926
187 927
186 928
185 928
184 929
183 929
183 930
182 931
181 931
180 932
179 932
178 933
177 933
176 934
175 935
174 936
173 936
173 937
172 938
171 938
171 939
170 940
169 940
168 941
167 942
166 943
165 944
164 945
163 946
162 947
162 948
161 949
160 950
159 951
159 952
158 953
158 954
157 955
157 956
156 957
156 958
155 959
155 960
154 961
154 962
153 963
153 964
152 965
151 966
151 967
150 968
149 968
149 969
148 970
147 970
147 971
146 972
145 973
145 974
144 975
143 976
142 977
142 978
141 979
140 979
139 980
139 981
138 982
137 983
136 983
135 984
135 985
134 986
133 987
132 987
131 988
130 989
129 990
128 991
127 992
126 992
125 993
124 993
123 994
122 994
121 995
120 996
119 996
118 997
117 997
117 998
116 999
115 999
114 999
113 999
113 1000
112 1001
111 1001
110 1002
109 1003
108 1003
107 1004
106 1005
105 1006
104 1007
103 1008
102 1009
102 1010
101 1011
100 1011
99 1012
99 1013
98 1014
97 1015
96 1015
95 1016
94 1017
94 1018
93 1019
92 1020
92 1021
91 1022
91 1023
90 1024
90 1025
89 1026
88 1027
87 1028
87 1029
86 1030
85 1031
84 1032
84 1033
83 1034
83 1035
82 1036
81 1037
81 1038
80 1039
80 1040
79 1041
79 1042
78 1043
78 1044
78 1045
77 1046
77 1047
77 1048
77 1049
77 1050
77 1051
77 1052
77 1053
77 1054
77 1055
77 1056
77 1057
77 1058
77 1059
77 1060
77 1061
77 1062
77 1063
78 1064
78 1065
78 1066
79 1067
80 1068
80 1069
81 1070
81 1071
81 1072
82 1073
82 1074
82 1075
83 1076
83 1077
83 1078
84 1079
85 1080
85 1081
86 1082
87 1083
87 1084
88 1085
88 1086
89 1087
89 1088
90 1089
91 1090
91 1091
92 1092
93 1092
94 1093
94 1094
95 1095
96 1096
97 1097
97 1098
98 1099
99 1100
99 1101
100 1102
101 1102
102 1103
102 1104
103 1105
104 1106
105 1106
106 1107
107 1108
107 1109
108 1110
109 1110
110 1111
110 1112
111 1113
112 1114
113 1114
114 1115
115 1116
116 1117
117 1117
118 1118
119 1119
120 1120
121 1120
122 1121
123 1121
124 1122
125 1123
126 1124
127 1125
128 1125
129 1126
130 1127
131 1127
132 1128
133 1129
134 1130
135 1131
136 1131
137 1132
137 1133
138 1133
139 1134
139 1135
140 1135
141 1136
142 1137
143 1138
143 1139
144 1140
145 1141
146 1142
146 1143
147 1144
147 1145
148 1146
148 1147
148 1148
148 1149
149 1149
150 1150
150 1151
150 1152
150 1153
151 1154
152 1155
152 1156
153 1157
153 1158
154 1159
154 1160
155 1161
156 1162
156 1163
157 1164
157 1165
158 1166
158 1167
159 1168
160 1169
161 1170
162 1171
163 1172
163 1173
164 1174
165 1174
166 1175
166 1176
167 1177
168 1178
169 1178
170 1179
171 1180
171 1181
172 1182
173 1182
174 1183
174 1184
175 1185
176 1186
177 1186
178 1187
179 1188
179 1189
180 1190
181 1190
182 1191
182 1192
183 1192
184 1193
184 1194
185 1195
186 1196
186 1197
187 1198
187 1199
187 1200
188 1201
188 1202
189 1203
189 1204
190 1205
191 1206
191 1207
192 1208
193 1209
194 1210
195 1211
196 1212
197 1213
197 1214
198 1215
198 1216
199 1217
200 1218
201 1219
201 1220
202 1221
203 1222
203 1223
204 1223
205 1224
205 1225
206 1226
207 1227
208 1228
209 1229
210 1229
211 1230
211 1231
212 1231
213 1232
214 1233
214 1234
215 1235
216 1235
217 1236
218 1236
219 1237
220 1237
221 1237
222 1237
223 1238
224 1238
225 1238
226 1238
227 1239
228 1239
229 1239
230 1239
231 1240
232 1240
233 1240
234 1240
235 1241
236 1241
237 1242
238 1242
239 1242
240 1242
241 1243
242 1243
243 1244
244 1244
245 1244
246 1244
247 1245
248 1245
249 1245
250 1245
251 1245
252 1245
253 1245
254 1245
255 1245
256 1245
257 1245
258 1245
259 1245
260 1245
261 1245
262 1245
263 1245
264 1245
265 1246
266 1246
267 1246
268 1246
269 1247
270 1247
271 1247
272 1247
273 1247
274 1247
275 1248
276 1248
277 1248
278 1248
279 1249
280 1249
281 1249
282 1249
283 1250
284 1250
285 1250
286 1250
287 1251
288 1251
289 1251
290 1251
291 1251
292 1251
293 1252
294 1252
295 1252
296 1253
297 1254
298 1254
299 1254
300 1254
301 1255
302 1255
303 1256
304 1256
305 1256
306 1257
307 1258
308 1258
309 1258
310 1258
311 1259
312 1259
313 1259
314 1259
315 1260
316 1260
317 1260
318 1260
319 1261
320 1261
321 1261
322 1261
323 1261
324 1261
325 1262
326 1262
327 1262
328 1262
329 1263
330 1263
331 1263
332 1263
333 1264
334 1264
335 1264
336 1264
337 1265
338 1265
339 1266
340 1266
341 1266
342 1266
343 1267
344 1267
345 1268
346 1268
347 1269
348 1269
349 1270
350 1270
351 1271
352 1272
353 1273
354 1273
355 1274
356 1275
357 1276
358 1277
359 1277
360 1278
361 1278
362 1279
363 1279
364 1279
365 1279
366 1279
367 1279
368 1279
369 1279
370 1279
371 1280
372 1280
373 1280
374 1280
375 1281
376 1281
377 1281
378 1281
379 1281
380 1281
381 1281
382 1281
383 1281
384 1281
385 1281
386 1281
387 1281
388 1281
389 1281
390 1281
391 1281
392 1281
393 1281
394 1281
395 1280
396 1280
397 1280
398 1280
399 1279
400 1279
401 1279
402 1279
403 1279
404 1279
405 1278
406 1278
407 1278
408 1278
409 1277
410 1277
411 1277
412 1277
413 1277
414 1277
415 1276
416 1276
417 1275
418 1275
419 1274
420 1274
421 1273
422 1273
423 1272
424 1272
425 1272
426 1272
427 1271
428 1271
429 1271
430 1271
431 1270
432 1270
433 1270
434 1270
435 1269
436 1269
437 1268
438 1268
439 1268
440 1268
441 1267
442 1267
443 1267
444 1267
445 1266
446 1266
447 1266
448 1266
449 1265
450 1265
451 1265
452 1265
453 1265
454 1265
455 1265
456 1265
457 1265
458 1265
459 1265
460 1265
461 1264
462 1264
463 1264
464 1264
465 1263
466 1263
467 1263
468 1263
469 1263
470 1263
471 1263
472 1263
473 1263
474 1263
475 1263
476 1263
477 1263
478 1263
479 1263
480 1262
481 1262
482 1262
483 1261
484 1261
485 1261
486 1261
487 1260
488 1260
489 1260
490 1260
491 1259
492 1259
493 1259
494 1259
495 1258
496 1258
497 1258
498 1257
499 1257
500 1256
501 1256
502 1256
503 1255
504 1255
505 1255
506 1255
507 1254
508 1254
509 1254
510 1254
511 1253
512 1253
513 1252
514 1252
515 1251
516 1251
517 1250
518 1250
519 1249
520 1249
521 1249
522 1249
523 1249
524 1249
525 1248
526 1248
527 1247
528 1247
529 1246
530 1246
531 1245
532 1245
533 1244
534 1244
535 1244
536 1244
536 1243
537 1242
538 1242
539 1242
540 1242
540 1241
541 1240
542 1240
543 1240
544 1240
545 1239
546 1239
547 1238
548 1238
549 1238
550 1238
551 1237
552 1236
553 1236
554 1236
555 1235
556 1235
557 1235
558 1235
559 1234
560 1234
561 1233
562 1233
563 1232
564 1232
565 1231
566 1231
567 1231
568 1231
569 1230
570 1230
571 1230
572 1230
573 1229
574 1229
575 1229
576 1229
577 1228
578 1228
579 1227
580 1227
581 1226
582 1226
583 1225
584 1225
585 1225
586 1225
587 1224
588 1224
589 1224
590 1224
591 1223
592 1223
593 1222
594 1222
595 1221
596 1221
597 1220
598 1220
599 1219
600 1219
601 1218
602 1218
603 1218
603 1217
604 1216
605 1215
606 1215
606 1214
607 1213
608 1213
609 1212
610 1211
611 1210
612 1209
613 1208
613 1207
614 1206
615 1205
616 1205
617 1204
618 1203
619 1202
620 1201
620 1200
621 1199
622 1198
622 1197
623 1196
623 1195
624 1194
625 1193
626 1192
626 1191
627 1190
627 1189
628 1188
629 1187
629 1186
629 1185
630 1184
631 1184
631 1183
632 1182
633 1181
634 1181
634 1180
635 1179
636 1178
636 1177
637 1176
637 1175
638 1174
638 1173
639 1172
640 1171
641 1170
641 1169
642 1168
643 1168
643 1167
643 1166
644 1165
644 1164
645 1163
645 1162
645 1161
646 1160
646 1159
646 1158
647 1157
647 1156
647 1155
648 1154
648 1153
649 1152
649 1151
650 1150
650 1149
651 1148
651 1147
651 1146
652 1145
652 1144
652 1143
652 1142
653 1141
653 1140
653 1139
654 1138
654 1137
655 1136
655 1135
655 1134
656 1133
656 1132
656 1131
656 1130
657 1129
657 1128
657 1127
658 1126
658 1125
658 1124
658 1123
658 1122
659 1121
659 1120
659 1119
659 1118
660 1117
660 1116
660 1115
660 1114
660 1113
660 1112
659 1111
659 1110
659 1109
658 1108
658 1107
657 1106
657 1105
656 1104
656 1103
656 1102
655 1101
655 1100
655 1099
655 1098
654 1097
654 1096
654 1095
654 1094
653 1093
653 1092
653 1091
652 1090
652 1089
651 1088
650 1087
650 1086
649 1086
648 1085
648 1084
647 1084
646 1083
646 1082
645 1082
644 1081
644 1080
643 1080
642 1079
641 1078
640 1077
639 1077
638 1076
637 1076
636 1075
635 1074
635 1073
634 1072
633 1071
632 1071
631 1070
630 1069
630 1068
629 1067
628 1067
627 1066
627 1065
626 1064
625 1063
624 1063
623 1062
622 1061
622 1060
621 1059
620 1058
620 1057
619 1056
619 1055
619 1054
618 1053
617 1052
617 1051
616 1050
616 1049
615 1048
614 1047
614 1046
613 1045
613 1044
612 1043
612 1042
612 1041
612 1040
611 1039
611 1038
611 1037
611 1036
610 1035
610 1034
610 1033
610 1032
610 1031
610 1030
609 1029
609 1028
609 1027
609 1026
608 1025
608 1024
608 1023
608 1022
608 1021
608 1020
608 1019
608 1018
608 1017
608 1016
608 1015
608 1014
608 1013
608 1012
608 1011
608 1010
607 1009
607 1008
607 1007
606 1006
606 1005
605 1004
605 1003
605 1002
604 1001
604 1000
603 999
603 998
603 997
603 996
602 995
601 994
600 993
600 992
599 991
598 990
597 989
597 988
596 987
596 986
595 985
594 984
594 983
593 982
592 981
592 980
591 979
590 978
590 977
589 976
589 975
589 974
588 973
588 972
588 971
588 970
587 969
587 968
587 967
587 966
586 965
585 964
585 963
584 962
584 961
583 960
582 959
582 958
581 957
580 956
579 955
578 954
578 953
577 952
576 951
575 950
574 949
574 948
573 947
572 947
571 946
571 945
570 944
569 943
568 943
567 942
566 941
566 940
565 939
564 939
563 938
563 937
562 936
561 935
560 935
559 934
558 933
558 932
557 931
556 930
556 929
555 928
554 927
554 926
553 926
552 925
552 924
551 924
550 923
550 922
549 922
548 921
547 920
547 919
546 918
545 918
544 917
543 916
542 915
541 915
540 915
539 914
538 914
537 913
536 913
535 913
534 912
533 912
532 911
531 911
530 911
529 911
528 910
527 910
526 910
525 910
524 909
523 909
522 908
521 908
520 907
519 907
518 906
517 906
516 906
515 906
514 906
513 906
512 905
511 905
510 904
509 903
508 903
507 903
506 902
505 902
504 902
503 902
502 902
501 902
500 902
499 902
498 902
497 902
496 902
495 902
494 902
493 902
492 902
491 902
490 901
489 901
488 901
487 901
486 900
485 900
484 899
483 899
482 899
481 899
480 898
480 897
479 897
478 897
477 897
476 896
476 895
475 895
474 895
473 895
472 894
472 893
471 893
470 893
469 892
468 891
467 891
466 891
465 891
464 890
463 890
462 889
461 889
460 889
459 889
458 888
457 888
456 888
455 888
454 888
453 888
452 888
451 888
450 888
449 888
448 888
447 888
446 888
445 888
444 888
443 888
442 888
441 888
440 888
439 888
438 888
437 888
436 888
435 888
434 888
433 888
432 888
431 888
430 888
429 888
428 888
427 888
426 888
425 888
424 887
423 887
422 887
421 887
420 886
419 886
418 886
417 886
416 886
415 886
414 886
413 886
412 886
411 886
410 886
409 886
408 886
407 886
406 886
405 886
404 886
403 886
402 886
401 886
400 886
399 886
398 886
397 886
396 886
395 886
394 886
393 886
392 886
391 886
390 886
389 886
388 886
387 886
386 886
385 886
384 886
383 886
382 886
381 886
380 886
379 886
378 886
377 886
376 886
375 886
374 886
373 886
372 886
371 886
370 886
369 886
368 885
367 885
366 885
365 885
364 884
363 884
362 884
361 884
360 884
359 884
358 884
357 884
356 884
355 884
354 884
353 884
352 884
351 884
350 884
349 884
348 884
347 884
346 884
345 884
344 884
343 884
342 884
341 884
340 884
339 884
338 884
337 884
