483 2824
482 2825
481 2826
480 2827
479 2827
478 2827
477 2828
476 2828
475 2828
474 2828
473 2828
472 2828
471 2828
470 2828
469 2828
468 2828
467 2828
466 2828
465 2828
464 2828
463 2828
462 2828
461 2828
460 2828
459 2828
458 2828
457 2828
456 2828
455 2828
454 2828
453 2828
452 2828
451 2828
450 2828
449 2828
448 2828
447 2828
446 2828
445 2828
444 2828
443 2828
442 2828
441 2828
440 2829
439 2829
438 2830
437 2831
436 2831
435 2831
434 2831
434 2832
433 2833
432 2833
431 2833
430 2834
429 2834
428 2834
427 2834
426 2834
425 2834
424 2834
423 2834
422 2834
421 2835
420 2836
419 2836
418 2837
417 2838
416 2838
415 2838
414 2838
413 2839
412 2839
411 2839
410 2840
409 2841
408 2841
407 2841
406 2842
405 2842
404 2842
403 2842
402 2842
401 2842
400 2842
399 2842
398 2842
397 2843
396 2843
395 2843
394 2843
393 2844
392 2844
391 2844
390 2844
389 2844
388 2844
387 2845
386 2845
385 2845
384 2846
383 2846
382 2846
381 2846
380 2846
379 2846
378 2846
377 2846
376 2846
375 2846
374 2846
373 2846
372 2846
371 2846
370 2846
369 2846
368 2846
367 2846
366 2846
365 2846
364 2846
363 2847
362 2847
361 2847
361 2848
360 2849
359 2849
358 2850
357 2851
356 2851
356 2852
355 2853
354 2853
353 2853
352 2854
351 2854
350 2855
349 2855
348 2855
347 2856
346 2856
345 2856
344 2856
343 2856
342 2857
341 2858
340 2858
339 2859
338 2860
337 2860
336 2861
335 2861
334 2861
333 2862
332 2862
331 2862
330 2862
329 2862
328 2862
327 2863
326 2863
325 2864
324 2864
323 2865
323 2866
322 2867
321 2867
321 2868
320 2869
319 2869
318 2870
317 2871
316 2872
315 2872
314 2873
313 2874
312 2875
311 2875
310 2876
309 2877
308 2878
307 2878
306 2879
305 2879
305 2880
304 2881
303 2881
302 2882
301 2883
300 2883
299 2884
298 2885
297 2886
296 2887
295 2887
294 2888
293 2889
292 2890
291 2890
290 2891
289 2892
288 2892
287 2893
286 2893
285 2894
284 2894
283 2894
282 2894
281 2894
280 2894
279 2894
278 2894
277 2895
276 2895
275 2895
274 2896
273 2897
272 2897
271 2897
270 2897
269 2898
268 2899
267 2899
266 2899
265 2900
264 2900
263 2900
262 2900
261 2900
260 2900
259 2900
258 2901
257 2902
256 2903
255 2903
254 2904
253 2904
252 2905
251 2905
250 2906
249 2906
248 2907
247 2907
246 2908
245 2909
244 2909
243 2910
242 2911
241 2911
240 2912
239 2912
238 2912
237 2912
236 2912
235 2912
234 2912
233 2913
232 2913
231 2913
230 2913
229 2914
228 2915
227 2916
226 2917
225 2917
224 2918
223 2919
222 2919
221 2920
220 2920
219 2920
218 2920
217 2920
216 2920
215 2920
214 2921
213 2922
212 2922
211 2923
210 2923
209 2924
208 2924
207 2924
206 2924
205 2924
204 2924
203 2924
202 2924
201 2924
200 2924
199 2924
198 2924
197 2924
196 2924
195 2925
194 2925
193 2925
192 2926
191 2926
190 2926
189 2926
188 2926
187 2926
186 2926
185 2926
184 2926
183 2926
182 2926
181 2927
180 2927
179 2928
178 2929
177 2930
176 2931
176 2932
175 2933
174 2934
173 2935
173 2936
172 2937
171 2937
171 2938
170 2939
169 2940
168 2941
168 2942
167 2943
167 2944
166 2945
166 2946
165 2947
164 2948
164 2949
163 2950
162 2950
161 2951
161 2952
160 2953
159 2953
158 2954
157 2955
156 2955
155 2956
154 2956
153 2957
152 2957
151 2957
150 2957
149 2958
148 2958
147 2959
146 2959
145 2959
144 2959
144 2960
143 2961
142 2962
141 2963
140 2964
139 2965
138 2966
137 2967
136 2968
135 2968
134 2968
133 2969
132 2969
131 2970
130 2971
130 2972
129 2973
128 2974
127 2975
127 2976
127 2977
126 2978
126 2979
126 2980
126 2981
126 2982
126 2983
126 2984
126 2985
126 2986
126 2987
126 2988
126 2989
126 2990
126 2991
126 2992
125 2993
125 2994
124 2995
123 2996
122 2997
121 2998
120 2999
119 2999
118 2999
117 3000
116 3000
115 3001
114 3001
113 3002
112 3003
111 3004
111 3005
110 3006
110 3007
109 3008
109 3009
109 3010
109 3011
108 3012
107 3012
107 3013
106 3014
105 3015
105 3016
104 3017
103 3017
103 3018
102 3019
101 3019
100 3020
99 3021
99 3022
98 3023
97 3024
97 3025
96 3026
95 3026
95 3027
95 3028
95 3029
94 3030
94 3031
93 3032
93 3033
93 3034
93 3035
92 3036
92 3037
91 3038
91 3039
90 3040
90 3041
89 3042
88 3043
88 3044
88 3045
88 3046
88 3047
88 3048
88 3049
88 3050
88 3051
88 3052
88 3053
88 3054
88 3055
88 3056
88 3057
88 3058
88 3059
88 3060
88 3061
88 3062
88 3063
88 3064
88 3065
88 3066
88 3067
89 3068
89 3069
89 3070
89 3071
90 3072
90 3073
90 3074
90 3075
90 3076
90 3077
90 3078
90 3079
90 3080
90 3081
90 3082
90 3083
90 3084
90 3085
90 3086
90 3087
90 3088
90 3089
90 3090
90 3091
90 3092
90 3093
90 3094
90 3095
90 3096
89 3097
89 3098
88 3099
88 3100
88 3101
88 3102
88 3103
88 3104
88 3105
87 3106
87 3107
87 3108
86 3109
86 3110
85 3111
85 3112
84 3113
84 3114
83 3115
82 3116
82 3117
81 3118
80 3119
80 3120
80 3121
79 3122
79 3123
79 3124
79 3125
78 3126
78 3127
78 3128
78 3129
78 3130
78 3131
78 3132
78 3133
78 3134
78 3135
78 3136
78 3137
78 3138
78 3139
78 3140
78 3141
78 3142
78 3143
78 3144
78 3145
78 3146
78 3147
78 3148
78 3149
78 3150
78 3151
78 3152
77 3153
77 3154
76 3155
75 3156
75 3157
75 3158
75 3159
74 3160
73 3160
73 3161
73 3162
72 3163
72 3164
72 3165
72 3166
72 3167
72 3168
72 3169
72 3170
72 3171
72 3172
72 3173
72 3174
72 3175
72 3176
71 3177
71 3178
71 3179
70 3180
70 3181
70 3182
70 3183
70 3184
70 3185
70 3186
70 3187
70 3188
70 3189
70 3190
70 3191
70 3192
70 3193
71 3194
71 3195
71 3196
71 3197
72 3198
72 3199
72 3200
72 3201
72 3202
72 3203
72 3204
72 3205
72 3206
72 3207
72 3208
72 3209
72 3210
72 3211
72 3212
72 3213
72 3214
73 3215
73 3216
74 3217
74 3218
74 3219
74 3220
74 3221
74 3222
74 3223
74 3224
74 3225
74 3226
74 3227
74 3228
74 3229
75 3230
75 3231
75 3232
75 3233
76 3234
76 3235
76 3236
76 3237
76 3238
76 3239
76 3240
76 3241
76 3242
76 3243
76 3244
76 3245
77 3246
77 3247
77 3248
77 3249
78 3250
78 3251
78 3252
78 3253
79 3254
79 3255
79 3256
80 3257
80 3258
81 3259
81 3260
81 3261
82 3262
82 3263
82 3264
82 3265
82 3266
82 3267
82 3268
82 3269
82 3270
82 3271
82 3272
82 3273
82 3274
82 3275
82 3276
82 3277
82 3278
82 3279
82 3280
83 3281
83 3282
83 3283
84 3284
84 3285
85 3286
85 3287
85 3288
86 3289
86 3290
86 3291
87 3292
87 3293
87 3294
87 3295
88 3296
88 3297
88 3298
88 3299
88 3300
88 3301
88 3302
88 3303
88 3304
88 3305
88 3306
88 3307
88 3308
88 3309
88 3310
88 3311
88 3312
89 3313
89 3314
89 3315
90 3316
91 3317
91 3318
91 3319
92 3320
92 3321
92 3322
92 3323
92 3324
92 3325
92 3326
92 3327
92 3328
92 3329
92 3330
92 3331
92 3332
92 3333
92 3334
92 3335
92 3336
93 3337
93 3338
94 3339
94 3340
95 3341
95 3342
95 3343
96 3344
96 3345
97 3346
97 3347
97 3348
97 3349
98 3350
98 3351
99 3352
99 3353
99 3354
99 3355
100 3356
100 3357
100 3358
101 3359
102 3360
102 3361
103 3362
104 3363
105 3363
106 3364
106 3365
107 3366
107 3367
108 3368
108 3369
108 3370
108 3371
108 3372
108 3373
108 3374
108 3375
108 3376
108 3377
108 3378
108 3379
109 3380
109 3381
109 3382
110 3383
110 3384
111 3385
111 3386
111 3387
112 3388
112 3389
113 3390
113 3391
113 3392
113 3393
114 3394
115 3395
115 3396
115 3397
116 3398
116 3399
116 3400
116 3401
116 3402
116 3403
116 3404
116 3405
116 3406
116 3407
116 3408
117 3409
118 3410
118 3411
119 3412
119 3413
120 3414
120 3415
120 3416
120 3417
120 3418
120 3419
120 3420
120 3421
120 3422
120 3423
120 3424
120 3425
120 3426
120 3427
120 3428
120 3429
120 3430
120 3431
120 3432
120 3433
120 3434
120 3435
120 3436
120 3437
120 3438
121 3439
122 3440
123 3441
123 3442
124 3442
125 3443
126 3444
127 3445
127 3446
128 3446
129 3447
129 3448
130 3448
131 3449
131 3450
132 3451
133 3451
134 3452
135 3452
136 3453
137 3453
138 3453
139 3453
140 3454
141 3454
142 3455
143 3456
144 3457
145 3458
146 3459
146 3460
147 3461
148 3462
149 3463
149 3464
150 3464
151 3465
151 3466
152 3467
152 3468
153 3469
153 3470
153 3471
154 3472
154 3473
155 3474
155 3475
155 3476
155 3477
156 3478
156 3479
156 3480
157 3481
158 3482
158 3483
159 3484
159 3485
160 3486
160 3487
160 3488
160 3489
161 3490
161 3491
161 3492
162 3493
162 3494
163 3495
163 3496
164 3497
165 3497
166 3498
167 3499
168 3499
169 3500
170 3500
171 3500
172 3501
173 3501
174 3502
175 3502
176 3503
177 3504
178 3504
179 3505
180 3506
181 3507
182 3508
183 3508
184 3508
185 3509
186 3509
187 3509
188 3510
189 3510
190 3510
191 3510
192 3511
193 3511
194 3511
195 3511
196 3512
197 3512
198 3513
199 3514
200 3514
201 3515
202 3516
203 3517
203 3518
204 3518
205 3519
206 3520
207 3521
207 3522
208 3523
209 3524
209 3525
210 3526
210 3527
210 3528
211 3529
211 3530
212 3531
213 3531
214 3532
215 3533
215 3534
216 3534
217 3535
217 3536
218 3536
219 3537
219 3538
220 3539
221 3539
222 3540
223 3541
224 3541
225 3542
226 3542
227 3542
228 3543
229 3543
230 3544
231 3544
232 3544
233 3545
234 3545
235 3545
236 3545
237 3545
238 3545
239 3545
240 3545
241 3545
242 3545
243 3545
244 3545
245 3545
246 3545
247 3545
248 3545
249 3545
250 3546
251 3546
252 3546
253 3546
254 3547
255 3547
256 3547
257 3548
258 3549
259 3549
260 3550
261 3551
262 3552
262 3553
263 3554
264 3554
265 3555
266 3555
267 3556
268 3557
269 3557
270 3558
270 3559
271 3560
272 3560
273 3561
273 3562
274 3562
275 3563
275 3564
276 3564
277 3564
278 3565
279 3565
280 3565
281 3565
282 3565
283 3565
284 3565
285 3565
286 3565
287 3565
288 3565
289 3565
290 3566
291 3566
292 3566
293 3566
294 3567
295 3567
296 3568
297 3568
298 3568
299 3569
300 3570
301 3570
302 3571
303 3572
304 3572
305 3573
306 3573
307 3574
308 3574
309 3575
310 3576
311 3576
312 3576
313 3576
314 3577
315 3578
316 3578
317 3578
318 3579
319 3579
320 3579
321 3579
322 3579
323 3579
324 3579
325 3579
326 3579
327 3579
328 3579
329 3579
330 3578
331 3578
332 3577
333 3577
334 3576
335 3575
336 3575
337 3574
338 3574
339 3574
340 3573
341 3573
342 3573
343 3573
344 3573
345 3573
346 3573
347 3573
348 3572
349 3572
350 3571
351 3571
352 3570
353 3569
354 3569
355 3569
356 3569
357 3569
358 3569
359 3569
360 3569
361 3569
362 3569
363 3569
364 3569
365 3569
366 3569
367 3569
368 3569
369 3569
370 3569
371 3569
372 3569
373 3569
374 3569
375 3568
376 3568
377 3568
377 3567
378 3566
379 3566
380 3566
381 3566
382 3565
383 3564
384 3564
385 3563
386 3563
387 3562
388 3562
389 3561
390 3560
391 3560
392 3559
393 3559
394 3559
395 3559
396 3559
397 3559
398 3559
399 3559
400 3559
401 3559
402 3558
403 3558
404 3558
405 3558
406 3557
407 3557
408 3557
409 3557
410 3557
411 3557
412 3557
413 3557
414 3557
415 3557
416 3557
417 3557
418 3557
419 3557
420 3556
421 3555
422 3555
423 3554
424 3553
425 3553
426 3553
427 3553
428 3553
429 3553
430 3553
431 3552
432 3552
433 3552
434 3551
435 3550
436 3550
437 3550
438 3549
439 3549
440 3549
441 3548
442 3547
443 3546
444 3545
445 3544
445 3543
446 3542
447 3541
448 3540
449 3539
450 3539
451 3539
452 3539
453 3539
454 3539
455 3539
456 3539
457 3539
458 3539
459 3539
460 3539
461 3539
462 3539
463 3539
464 3539
465 3539
466 3539
467 3539
468 3539
469 3539
470 3539
471 3539
472 3539
473 3539
474 3539
475 3539
476 3538
477 3538
478 3538
479 3538
480 3537
481 3537
482 3537
483 3537
484 3537
485 3537
486 3537
487 3537
488 3537
489 3537
490 3537
491 3536
492 3535
493 3534
494 3534
494 3533
495 3532
496 3532
497 3531
498 3530
499 3529
500 3528
500 3527
500 3526
501 3525
501 3524
502 3523
502 3522
503 3521
504 3520
505 3519
506 3518
507 3517
508 3516
509 3516
510 3516
511 3515
512 3514
513 3513
514 3513
514 3512
515 3511
516 3510
517 3509
518 3508
518 3507
519 3506
520 3506
520 3505
521 3504
522 3504
522 3503
523 3502
524 3501
525 3501
525 3500
526 3499
527 3498
528 3497
528 3496
528 3495
528 3494
529 3493
529 3492
529 3491
529 3490
530 3489
530 3488
530 3487
530 3486
531 3485
531 3484
531 3483
531 3482
531 3481
531 3480
531 3479
531 3478
531 3477
531 3476
532 3475
532 3474
533 3473
534 3472
534 3471
535 3470
536 3469
536 3468
537 3467
537 3466
538 3465
538 3464
539 3463
540 3462
540 3461
541 3460
542 3460
543 3459
544 3458
545 3457
546 3457
547 3456
548 3455
549 3455
550 3454
551 3453
552 3453
553 3452
554 3452
555 3451
556 3451
557 3450
558 3450
559 3449
560 3448
561 3448
562 3447
563 3447
564 3446
565 3446
566 3445
567 3444
568 3444
569 3443
570 3442
571 3441
572 3440
573 3439
574 3438
575 3437
576 3437
577 3436
578 3436
579 3435
580 3434
581 3434
582 3434
583 3434
583 3433
584 3432
585 3432
586 3431
587 3431
588 3430
589 3430
590 3429
591 3429
592 3428
593 3428
594 3428
595 3427
596 3427
597 3426
598 3426
599 3425
600 3424
601 3424
602 3423
603 3423
604 3422
605 3422
606 3421
607 3420
608 3420
609 3419
610 3418
611 3417
611 3416
612 3415
613 3414
614 3414
614 3413
615 3412
616 3411
617 3410
618 3410
619 3409
620 3409
621 3408
622 3408
623 3407
624 3407
625 3406
626 3406
626 3405
627 3404
628 3403
629 3402
630 3401
630 3400
630 3399
631 3398
632 3397
632 3396
633 3395
634 3394
634 3393
635 3392
636 3391
637 3390
638 3389
639 3388
640 3387
641 3387
642 3386
643 3385
643 3384
644 3383
645 3382
646 3381
646 3380
647 3379
647 3378
648 3377
649 3376
650 3375
650 3374
651 3373
651 3372
652 3371
653 3370
654 3369
655 3368
655 3367
656 3366
657 3365
658 3364
658 3363
659 3362
660 3362
661 3361
662 3360
662 3359
663 3358
664 3358
664 3357
665 3356
666 3356
667 3355
668 3354
669 3354
670 3353
671 3353
672 3352
673 3352
673 3351
674 3350
675 3350
676 3349
677 3348
678 3348
679 3348
679 3347
680 3346
681 3345
681 3344
681 3343
681 3342
682 3341
682 3340
683 3339
684 3338
685 3337
686 3337
687 3336
688 3335
689 3334
690 3333
690 3332
691 3331
692 3330
693 3329
694 3328
695 3327
696 3327
697 3326
698 3326
699 3325
700 3324
701 3324
702 3323
703 3322
704 3322
705 3321
706 3321
707 3320
708 3319
709 3318
710 3318
710 3317
711 3316
712 3316
713 3315
714 3314
715 3313
715 3312
716 3311
717 3310
718 3309
718 3308
719 3307
720 3306
720 3305
721 3304
722 3304
722 3303
723 3302
724 3302
725 3301
726 3300
727 3299
728 3298
729 3298
730 3297
731 3297
732 3297
733 3297
734 3296
735 3296
736 3295
737 3294
738 3294
739 3293
739 3292
740 3291
740 3290
741 3289
741 3288
742 3287
742 3286
743 3285
743 3284
744 3283
745 3282
745 3281
746 3280
746 3279
747 3278
748 3277
748 3276
749 3275
750 3274
750 3273
750 3272
751 3271
751 3270
751 3269
751 3268
752 3267
752 3266
753 3265
754 3264
754 3263
755 3262
756 3262
757 3261
758 3260
758 3259
759 3258
760 3258
760 3257
761 3256
762 3256
763 3255
764 3254
764 3253
765 3252
765 3251
766 3250
766 3249
767 3248
767 3247
768 3246
769 3245
770 3244
770 3243
771 3242
772 3242
773 3241
774 3240
774 3239
775 3238
776 3238
777 3237
778 3236
778 3235
779 3234
780 3234
781 3233
782 3232
782 3231
783 3230
784 3230
785 3229
786 3228
787 3227
787 3226
788 3225
789 3224
789 3223
790 3222
791 3221
792 3220
793 3219
794 3218
794 3217
795 3216
795 3215
796 3214
796 3213
796 3212
797 3211
798 3211
798 3210
799 3209
800 3208
800 3207
801 3206
802 3206
803 3206
804 3205
805 3205
806 3204
807 3204
808 3203
809 3202
809 3201
809 3200
809 3199
809 3198
809 3197
809 3196
809 3195
809 3194
809 3193
809 3192
809 3191
809 3190
809 3189
809 3188
809 3187
808 3186
808 3185
808 3184
807 3183
807 3182
806 3181
806 3180
806 3179
806 3178
805 3177
805 3176
804 3175
804 3174
804 3173
804 3172
803 3171
803 3170
803 3169
803 3168
803 3167
803 3166
803 3165
803 3164
803 3163
803 3162
803 3161
803 3160
803 3159
803 3158
803 3157
803 3156
803 3155
803 3154
803 3153
803 3152
803 3151
803 3150
803 3149
803 3148
803 3147
803 3146
803 3145
803 3144
802 3143
802 3142
802 3141
801 3140
801 3139
800 3138
800 3137
800 3136
799 3135
799 3134
799 3133
799 3132
798 3131
798 3130
797 3129
797 3128
796 3127
795 3126
795 3125
794 3124
793 3123
793 3122
792 3121
791 3120
790 3119
790 3118
789 3117
789 3116
788 3115
788 3114
788 3113
787 3113
786 3112
786 3111
785 3110
784 3109
784 3108
783 3107
782 3106
782 3105
781 3104
781 3103
780 3102
780 3101
779 3100
778 3099
777 3098
776 3097
776 3096
775 3095
774 3094
773 3093
773 3092
772 3091
771 3090
770 3089
769 3088
769 3087
768 3086
767 3085
766 3084
766 3083
765 3083
764 3082
764 3081
763 3080
762 3079
761 3078
760 3078
759 3077
758 3076
758 3075
757 3075
756 3074
755 3073
755 3072
754 3071
753 3070
752 3070
751 3069
750 3068
750 3067
749 3067
748 3066
747 3065
747 3064
746 3063
745 3063
744 3062
743 3062
742 3061
741 3060
740 3060
739 3059
739 3058
738 3057
737 3057
736 3056
736 3055
735 3055
734 3054
734 3053
733 3052
732 3051
731 3051
730 3050
730 3049
729 3049
728 3048
728 3047
727 3047
726 3046
726 3045
725 3044
724 3043
723 3042
722 3041
722 3040
721 3039
721 3038
721 3037
721 3036
720 3035
720 3034
719 3033
718 3033
717 3032
717 3031
716 3030
715 3029
714 3028
713 3027
713 3026
712 3025
712 3024
711 3023
711 3022
710 3021
710 3020
710 3019
710 3018
709 3018
708 3017
708 3016
708 3015
707 3014
706 3013
706 3012
706 3011
705 3010
704 3009
704 3008
704 3007
704 3006
703 3005
702 3004
702 3003
702 3002
701 3001
701 3000
701 2999
701 2998
700 2997
700 2996
700 2995
699 2994
699 2993
698 2992
698 2991
697 2990
697 2989
696 2988
696 2987
695 2986
695 2985
694 2984
694 2983
693 2982
693 2981
692 2980
691 2979
690 2978
690 2977
689 2976
689 2975
688 2974
688 2973
687 2972
687 2971
686 2970
685 2969
684 2968
683 2968
682 2967
681 2966
680 2965
680 2964
679 2963
679 2962
679 2961
679 2960
678 2959
678 2958
678 2957
678 2956
677 2955
676 2954
675 2953
674 2952
674 2951
673 2950
672 2949
671 2948
671 2947
670 2946
669 2945
669 2944
668 2943
668 2942
667 2941
667 2940
666 2939
666 2938
666 2937
665 2937
664 2936
664 2935
663 2935
662 2934
662 2933
661 2932
660 2931
659 2931
658 2930
658 2929
657 2929
656 2928
656 2927
655 2926
654 2925
654 2924
653 2924
652 2923
652 2922
652 2921
651 2920
651 2919
650 2918
649 2917
649 2916
648 2915
647 2915
646 2914
646 2913
645 2912
644 2912
643 2911
642 2910
641 2910
640 2909
639 2908
638 2907
637 2907
636 2906
635 2905
634 2904
633 2904
632 2903
631 2902
630 2902
629 2901
628 2901
627 2900
626 2900
625 2899
624 2899
623 2899
622 2898
621 2897
620 2896
619 2896
618 2895
617 2894
616 2894
615 2893
615 2892
614 2891
614 2890
613 2889
613 2888
612 2887
612 2886
611 2885
610 2884
609 2883
608 2883
607 2882
606 2881
605 2880
604 2879
604 2878
603 2877
603 2876
603 2875
603 2874
603 2873
603 2872
603 2871
603 2870
603 2869
603 2868
603 2867
603 2866
603 2865
603 2864
603 2863
603 2862
603 2861
603 2860
602 2860
601 2860
600 2860
599 2860
598 2860
597 2860
596 2860
595 2860
594 2860
593 2859
592 2859
591 2858
590 2857
589 2856
588 2855
587 2855
586 2854
586 2853
585 2852
584 2851
583 2850
583 2849
582 2848
582 2847
582 2846
581 2845
581 2844
581 2843
580 2842
579 2841
579 2840
578 2839
577 2838
576 2838
575 2837
574 2836
573 2835
572 2835
571 2834
570 2834
569 2833
568 2832
567 2831
566 2831
565 2830
564 2830
563 2829
562 2828
561 2827
560 2826
559 2826
558 2826
557 2826
556 2826
555 2826
554 2826
553 2826
552 2826
551 2826
550 2826
549 2826
548 2826
547 2826
546 2826
545 2826
544 2826
543 2826
542 2826
541 2826
540 2826
539 2826
538 2826
537 2826
536 2826
535 2826
534 2826
533 2826
532 2826
531 2826
530 2826
529 2826
528 2826
527 2826
526 2826
525 2826
524 2826
523 2826
522 2826
521 2826
520 2826
519 2826
518 2826
517 2825
516 2825
515 2825
514 2825
513 2824
512 2824
511 2824
510 2824
509 2824
508 2824
507 2824
506 2824
505 2824
504 2824
503 2824
502 2824
501 2824
500 2824
499 2824
498 2824
497 2824
496 2824
495 2824
494 2824
493 2824
492 2824
491 2824
490 2824
489 2824
488 2824
487 2824
486 2824
485 2824
484 2824
483 2824
