3247 5074
3246 5075
3245 5075
3244 5075
3243 5075
3243 5076
3242 5077
3241 5077
3240 5077
3239 5077
3238 5078
3237 5078
3236 5079
3235 5079
3234 5079
3233 5079
3232 5080
3231 5080
3230 5080
3229 5080
3228 5080
3227 5081
3226 5082
3225 5082
3224 5083
3223 5083
3223 5084
3222 5085
3221 5085
3220 5085
3219 5085
3218 5086
3217 5087
3216 5087
3215 5088
3214 5088
3213 5089
3212 5089
3211 5090
3210 5090
3209 5091
3208 5092
3207 5092
3206 5093
3205 5094
3204 5095
3203 5096
3202 5096
3201 5097
3200 5097
3199 5098
3198 5099
3197 5099
3196 5099
3195 5099
3194 5100
3193 5100
3192 5100
3191 5100
3190 5100
3189 5100
3188 5100
3187 5100
3186 5100
3185 5100
3184 5100
3183 5100
3182 5101
3181 5101
3180 5101
3179 5101
3178 5102
3177 5102
3176 5102
3175 5102
3174 5103
3173 5103
3172 5103
3171 5104
3170 5105
3169 5105
3168 5106
3167 5106
3166 5106
3165 5106
3164 5107
3163 5107
3162 5107
3161 5107
3160 5108
3159 5108
3158 5108
3157 5108
3156 5109
3155 5109
3154 5109
3153 5109
3152 5110
3151 5110
3150 5111
3149 5111
3148 5111
3147 5112
3146 5113
3145 5113
3144 5114
3143 5114
3142 5115
3141 5115
3140 5115
3139 5116
3138 5116
3137 5117
3136 5118
3135 5118
3134 5119
3133 5120
3132 5121
3131 5122
3130 5122
3129 5123
3128 5124
3127 5124
3126 5124
3125 5124
3124 5125
3123 5125
3122 5126
3121 5127
3120 5127
3119 5128
3118 5129
3117 5130
3116 5131
3115 5131
3114 5132
3113 5133
3112 5133
3111 5133
3110 5134
3109 5135
3108 5135
3107 5135
3106 5136
3105 5136
3104 5136
3103 5136
3102 5137
3101 5137
3100 5138
3099 5138
3098 5139
3097 5140
3097 5141
3096 5142
3095 5142
3094 5143
3093 5143
3092 5144
3091 5144
3090 5145
3089 5145
3088 5146
3087 5146
3086 5147
3085 5147
3084 5148
3083 5148
3082 5149
3081 5149
3080 5150
3079 5150
3078 5151
3078 5152
3077 5153
3076 5153
3075 5154
3074 5155
3074 5156
3073 5157
3072 5158
3072 5159
3071 5160
3071 5161
3070 5162
3070 5163
3070 5164
3070 5165
3069 5166
3069 5167
3070 5168
3071 5169
3071 5170
3072 5171
3073 5172
3073 5173
3072 5174
3071 5174
3070 5174
3069 5174
3068 5174
3067 5174
3066 5174
3065 5174
3064 5175
3063 5175
3062 5175
3062 5176
3061 5177
3060 5178
3059 5179
3059 5180
3058 5181
3057 5182
3056 5183
3055 5184
3054 5185
3053 5186
3052 5187
3051 5188
3050 5189
3049 5190
3049 5191
3048 5192
3047 5193
3047 5194
3046 5195
3045 5196
3044 5197
3043 5198
3043 5199
3042 5200
3041 5201
3041 5202
3040 5203
3039 5204
3038 5205
3038 5206
3037 5207
3036 5207
3036 5208
3035 5209
3034 5209
3034 5210
3033 5211
3032 5212
3031 5212
3031 5213
3030 5214
3029 5215
3029 5216
3028 5217
3028 5218
3028 5219
3027 5220
3027 5221
3026 5222
3026 5223
3026 5224
3025 5225
3025 5226
3024 5227
3024 5228
3023 5229
3022 5230
3022 5231
3022 5232
3022 5233
3021 5234
3021 5235
3021 5236
3021 5237
3020 5238
3020 5239
3020 5240
3019 5241
3019 5242
3019 5243
3018 5244
3018 5245
3018 5246
3018 5247
3017 5248
3017 5249
3017 5250
3017 5251
3017 5252
3017 5253
3016 5254
3016 5255
3016 5256
3015 5257
3015 5258
3014 5259
3013 5260
3013 5261
3012 5262
3012 5263
3012 5264
3012 5265
3012 5266
3012 5267
3012 5268
3012 5269
3012 5270
3012 5271
3011 5272
3011 5273
3010 5274
3010 5275
3010 5276
3010 5277
3009 5278
3009 5279
3009 5280
3009 5281
3009 5282
3009 5283
3008 5284
3008 5285
3008 5286
3008 5287
3007 5288
3007 5289
3007 5290
3007 5291
3007 5292
3007 5293
3007 5294
3007 5295
3007 5296
3007 5297
3006 5298
3006 5299
3006 5300
3006 5301
3005 5302
3005 5303
3005 5304
3006 5305
3006 5306
3006 5307
3007 5307
3008 5307
3009 5307
3010 5307
3011 5307
3012 5307
3013 5308
3014 5308
3015 5309
3016 5309
3017 5310
3018 5310
3019 5309
3020 5309
3021 5310
3022 5310
3023 5309
3024 5309
3025 5309
3026 5309
3027 5310
3027 5311
3027 5312
3026 5313
3025 5314
3024 5314
3023 5314
3022 5314
3021 5314
3020 5314
3019 5314
3018 5314
3017 5315
3016 5315
3015 5316
3014 5317
3013 5318
3013 5319
3014 5320
3014 5321
3014 5322
3014 5323
3014 5324
3014 5325
3013 5326
3012 5327
3011 5328
3010 5329
3010 5330
3009 5331
3009 5332
3009 5333
3010 5334
3010 5335
3010 5336
3010 5337
3011 5337
3012 5338
3013 5339
3014 5340
3015 5341
3016 5342
3016 5343
3017 5344
3017 5345
3017 5346
3017 5347
3017 5348
3017 5349
3016 5350
3016 5351
3016 5352
3015 5353
3015 5354
3015 5355
3015 5356
3015 5357
3015 5358
3015 5359
3015 5360
3015 5361
3015 5362
3015 5363
3016 5364
3016 5365
3016 5366
3016 5367
3017 5368
3017 5369
3018 5370
3018 5371
3018 5372
3018 5373
3019 5374
3020 5375
3020 5376
3020 5377
3021 5378
3021 5379
3021 5380
3021 5381
3022 5382
3022 5383
3022 5384
3023 5385
3023 5386
3024 5387
3024 5388
3024 5389
3025 5390
3026 5391
3027 5392
3027 5393
3028 5394
3029 5395
3030 5396
3030 5397
3031 5398
3032 5399
3033 5400
3033 5401
3034 5402
3035 5403
3036 5404
3036 5405
3037 5406
3037 5407
3038 5408
3038 5409
3039 5410
3039 5411
3040 5411
3041 5412
3041 5413
3042 5413
3043 5414
3043 5415
3044 5415
3045 5416
3045 5417
3046 5418
3047 5419
3048 5420
3049 5420
3050 5421
3051 5422
3052 5422
3053 5423
3054 5424
3055 5425
3056 5425
3057 5426
3058 5427
3059 5428
3059 5429
3060 5430
3061 5430
3062 5431
3062 5432
3063 5433
3064 5433
3065 5434
3066 5435
3067 5435
3068 5436
3069 5436
3070 5437
3071 5437
3072 5438
3073 5439
3074 5440
3075 5441
3076 5442
3077 5442
3078 5443
3079 5444
3079 5445
3080 5446
3081 5446
3082 5447
3082 5448
3083 5449
3084 5450
3085 5451
3086 5451
3087 5452
3087 5453
3088 5453
3089 5454
3090 5455
3091 5455
3092 5456
3093 5456
3094 5457
3095 5457
3096 5458
3097 5458
3098 5459
3099 5459
3100 5460
3101 5461
3102 5462
3103 5463
3104 5463
3105 5464
3106 5465
3107 5466
3108 5466
3109 5467
3110 5467
3111 5468
3112 5468
3113 5469
3114 5469
3115 5470
3116 5470
3117 5470
3118 5470
3119 5471
3120 5472
3121 5472
3122 5473
3123 5473
3124 5474
3125 5474
3126 5474
3127 5475
3127 5476
3128 5476
3129 5477
3130 5477
3131 5478
3132 5479
3132 5480
3133 5480
3134 5481
3134 5482
3135 5482
3136 5482
3137 5483
3138 5483
3139 5483
3140 5483
3141 5484
3142 5484
3143 5484
3144 5484
3145 5485
3146 5485
3147 5486
3148 5486
3149 5486
3150 5486
3151 5487
3152 5487
3153 5487
3154 5487
3155 5487
3156 5487
3157 5488
3158 5488
3159 5488
3160 5488
3161 5489
3161 5490
3162 5490
3163 5490
3164 5491
3165 5491
3166 5492
3167 5492
3168 5492
3169 5493
3170 5493
3171 5494
3172 5494
3173 5494
3174 5494
3175 5495
3176 5495
3177 5495
3178 5495
3179 5495
3180 5495
3181 5496
3182 5496
3183 5496
3184 5496
3185 5497
3186 5497
3187 5498
3188 5498
3189 5499
3190 5500
3191 5500
3192 5501
3192 5502
3193 5503
3194 5504
3194 5505
3195 5506
3195 5507
3196 5508
3196 5509
3197 5510
3198 5510
3199 5511
3200 5511
3201 5511
3202 5511
3203 5511
3204 5511
3205 5511
3206 5511
3207 5512
3208 5512
3209 5512
3210 5512
3211 5513
3212 5513
3213 5513
3214 5513
3215 5513
3216 5513
3217 5513
3218 5513
3219 5513
3220 5513
3221 5512
3222 5512
3223 5511
3224 5510
3225 5510
3226 5509
3227 5508
3228 5508
3229 5507
3230 5507
3231 5507
3232 5507
3233 5506
3234 5506
3235 5506
3236 5505
3237 5504
3238 5504
3239 5503
3240 5503
3241 5502
3242 5502
3243 5501
3244 5500
3245 5500
3246 5500
3247 5499
3248 5499
3249 5499
3250 5499
3251 5499
3252 5499
3253 5499
3254 5498
3255 5497
3256 5497
3257 5496
3258 5495
3259 5494
3260 5493
3261 5493
3262 5492
3263 5491
3264 5490
3265 5490
3266 5489
3267 5488
3267 5487
3268 5486
3269 5486
3270 5485
3270 5484
3271 5483
3272 5482
3273 5482
3274 5481
3274 5480
3275 5479
3276 5478
3277 5478
3278 5477
3279 5476
3280 5475
3281 5474
3282 5474
3283 5473
3284 5472
3285 5471
3286 5471
3287 5470
3288 5470
3288 5469
3289 5468
3290 5468
3291 5467
3292 5467
3293 5466
3294 5465
3295 5464
3296 5464
3297 5463
3298 5463
3299 5463
3300 5463
3301 5463
3302 5463
3303 5463
3304 5463
3305 5462
3306 5462
3307 5462
3308 5462
3309 5461
3310 5461
3311 5461
3312 5461
3313 5461
3314 5461
3315 5461
3316 5461
3317 5461
3318 5460
3319 5459
3320 5459
3321 5458
3322 5458
3323 5457
3324 5457
3325 5457
3326 5457
3327 5457
3328 5457
3329 5457
3330 5457
3331 5456
3332 5455
3333 5454
3333 5453
3333 5452
3334 5451
3335 5450
3336 5449
3337 5448
3337 5447
3338 5446
3338 5445
3339 5444
3340 5443
3341 5442
3342 5442
3342 5441
3343 5440
3344 5439
3345 5438
3345 5437
3345 5436
3346 5435
3346 5434
3346 5433
3347 5432
3347 5431
3347 5430
3348 5429
3348 5428
3349 5427
3349 5426
3349 5425
3349 5424
3350 5423
3350 5422
3350 5421
3350 5420
3351 5419
3351 5418
3351 5417
3351 5416
3352 5415
3352 5414
3352 5413
3352 5412
3353 5411
3353 5410
3354 5409
3355 5408
3355 5407
3355 5406
3356 5405
3356 5404
3357 5403
3357 5402
3357 5401
3358 5400
3359 5399
3359 5398
3360 5397
3360 5396
3360 5395
3360 5394
3361 5393
3361 5392
3361 5391
3361 5390
3362 5389
3362 5388
3362 5387
3362 5386
3361 5385
3360 5384
3360 5383
3360 5382
3360 5381
3361 5380
3362 5379
3363 5379
3364 5378
3365 5377
3366 5377
3367 5376
3367 5375
3367 5374
3368 5373
3368 5372
3368 5371
3368 5370
3368 5369
3368 5368
3369 5367
3369 5366
3369 5365
3369 5364
3370 5363
3370 5362
3370 5361
3370 5360
3369 5359
3369 5358
3369 5357
3369 5356
3368 5355
3368 5354
3368 5353
3368 5352
3368 5351
3368 5350
3368 5349
3368 5348
3368 5347
3368 5346
3368 5345
3368 5344
3368 5343
3368 5342
3368 5341
3368 5340
3368 5339
3368 5338
3368 5337
3368 5336
3368 5335
3368 5334
3368 5333
3368 5332
3367 5331
3367 5330
3367 5329
3366 5328
3366 5327
3366 5326
3366 5325
3366 5324
3366 5323
3366 5322
3366 5321
3366 5320
3365 5319
3365 5318
3365 5317
3365 5316
3364 5315
3364 5314
3364 5313
3364 5312
3363 5311
3363 5310
3363 5309
3363 5308
3362 5307
3362 5306
3362 5305
3362 5304
3361 5303
3361 5302
3361 5301
3361 5300
3360 5299
3360 5298
3360 5297
3360 5296
3360 5295
3360 5294
3360 5293
3360 5292
3359 5291
3359 5290
3359 5289
3358 5288
3358 5287
3358 5286
3357 5285
3357 5284
3357 5283
3357 5282
3356 5281
3356 5280
3356 5279
3356 5278
3356 5277
3356 5276
3356 5275
3356 5274
3356 5273
3356 5272
3356 5271
3356 5270
3356 5269
3356 5268
3356 5267
3356 5266
3356 5265
3356 5264
3356 5263
3356 5262
3355 5261
3355 5260
3355 5259
3355 5258
3354 5257
3354 5256
3354 5255
3354 5254
3354 5253
3354 5252
3354 5251
3354 5250
3354 5249
3353 5248
3353 5247
3353 5246
3352 5245
3352 5244
3351 5243
3351 5242
3351 5241
3351 5240
3350 5239
3350 5238
3350 5237
3350 5236
3349 5235
3349 5234
3349 5233
3348 5232
3348 5231
3347 5230
3347 5229
3347 5228
3346 5227
3345 5226
3345 5225
3344 5224
3344 5223
3344 5222
3343 5221
3343 5220
3343 5219
3343 5218
3342 5217
3341 5216
3341 5215
3341 5214
3340 5213
3340 5212
3340 5211
3340 5210
3340 5209
3340 5208
3340 5207
3340 5206
3340 5205
3340 5204
3340 5203
3340 5202
3340 5201
3340 5200
3340 5199
3340 5198
3340 5197
3340 5196
3340 5195
3340 5194
3340 5193
3340 5192
3340 5191
3340 5190
3340 5189
3340 5188
3340 5187
3340 5186
3340 5185
3340 5184
3340 5183
3340 5182
3340 5181
3340 5180
3340 5179
3340 5178
3340 5177
3340 5176
3339 5175
3339 5174
3339 5173
3339 5172
3338 5171
3338 5170
3338 5169
3338 5168
3338 5167
3338 5166
3337 5165
3337 5164
3337 5163
3337 5162
3336 5161
3336 5160
3336 5159
3336 5158
3336 5157
3336 5156
3336 5155
3336 5154
3335 5153
3335 5152
3335 5151
3335 5150
3334 5149
3334 5148
3334 5147
3333 5146
3332 5145
3332 5144
3331 5143
3331 5142
3330 5141
3330 5140
3329 5139
3329 5138
3328 5137
3328 5136
3327 5135
3326 5134
3325 5133
3325 5132
3324 5131
3324 5130
3323 5129
3323 5128
3322 5127
3322 5126
3321 5125
3320 5124
3320 5123
3319 5122
3318 5121
3318 5120
3317 5119
3316 5118
3316 5117
3315 5116
3314 5115
3313 5115
3312 5114
3311 5114
3310 5113
3309 5113
3308 5112
3307 5111
3306 5110
3305 5109
3305 5108
3304 5107
3304 5106
3304 5105
3304 5104
3303 5103
3303 5102
3303 5101
3302 5100
3301 5099
3301 5098
3301 5097
3300 5096
3299 5095
3298 5094
3297 5093
3296 5092
3295 5092
3294 5091
3294 5090
3293 5090
3292 5089
3291 5088
3291 5087
3290 5086
3289 5086
3288 5085
3287 5084
3286 5084
3285 5083
3284 5082
3283 5082
3282 5081
3281 5081
3280 5080
3279 5080
3278 5079
3277 5079
3276 5078
3275 5077
3274 5077
3273 5076
3272 5075
3271 5074
3270 5074
3269 5074
3268 5074
3267 5074
3266 5074
3265 5074
3264 5074
3263 5074
3262 5074
3261 5074
3260 5074
3259 5074
3258 5074
3257 5074
3256 5074
3255 5074
3254 5074
3253 5074
3252 5074
3251 5074
3250 5074
3249 5074
3248 5074
3247 5074
