3186 5643
3185 5644
3184 5644
3183 5644
3182 5644
3181 5645
3180 5645
3179 5646
3178 5646
3177 5646
3176 5647
3175 5647
3174 5648
3173 5648
3172 5648
3171 5649
3170 5649
3169 5649
3168 5649
3167 5649
3166 5649
3165 5649
3164 5649
3163 5649
3162 5649
3161 5649
3160 5649
3159 5649
3158 5649
3157 5649
3156 5649
3155 5650
3154 5650
3153 5650
3152 5650
3151 5651
3150 5651
3149 5652
3148 5652
3147 5653
3146 5654
3145 5654
3144 5655
3143 5656
3143 5657
3142 5658
3141 5659
3140 5659
3139 5660
3138 5661
3137 5661
3136 5662
3135 5662
3134 5662
3134 5663
3133 5664
3132 5664
3131 5664
3130 5664
3129 5665
3128 5665
3127 5665
3126 5666
3125 5667
3124 5667
3123 5668
3123 5669
3122 5670
3121 5670
3120 5671
3119 5672
3118 5673
3117 5673
3116 5674
3115 5674
3114 5674
3113 5675
3112 5675
3111 5675
3110 5675
3109 5675
3108 5675
3107 5675
3106 5675
3105 5675
3104 5675
3103 5676
3102 5676
3101 5677
3100 5678
3099 5678
3098 5679
3097 5680
3096 5681
3095 5682
3094 5683
3093 5684
3092 5685
3091 5685
3090 5686
3089 5686
3089 5687
3088 5688
3087 5688
3086 5689
3085 5690
3084 5691
3083 5691
3082 5692
3081 5693
3080 5693
3080 5694
3079 5695
3079 5696
3078 5697
3077 5697
3077 5698
3076 5699
3076 5700
3075 5701
3075 5702
3074 5703
3073 5703
3073 5704
3072 5705
3071 5706
3070 5707
3070 5708
3069 5709
3069 5710
3068 5711
3068 5712
3067 5713
3067 5714
3067 5715
3066 5716
3065 5716
3065 5717
3064 5718
3063 5718
3063 5719
3063 5720
3062 5721
3062 5722
3062 5723
3062 5724
3061 5725
3061 5726
3060 5727
3060 5728
3059 5729
3058 5730
3058 5731
3057 5732
3057 5733
3057 5734
3056 5735
3056 5736
3056 5737
3056 5738
3056 5739
3056 5740
3056 5741
3056 5742
3056 5743
3056 5744
3056 5745
3056 5746
3056 5747
3056 5748
3056 5749
3056 5750
3055 5751
3055 5752
3054 5753
3054 5754
3053 5755
3052 5756
3052 5757
3052 5758
3052 5759
3052 5760
3052 5761
3052 5762
3052 5763
3052 5764
3052 5765
3052 5766
3051 5767
3051 5768
3050 5769
3050 5770
3049 5771
3049 5772
3048 5773
3048 5774
3048 5775
3048 5776
3049 5777
3049 5778
3049 5779
3049 5780
3050 5781
3050 5782
3050 5783
3050 5784
3050 5785
3050 5786
3051 5787
3051 5788
3051 5789
3051 5790
3052 5791
3052 5792
3052 5793
3052 5794
3052 5795
3052 5796
3053 5797
3053 5798
3053 5799
3053 5800
3054 5801
3055 5802
3055 5803
3055 5804
3056 5805
3056 5806
3056 5807
3056 5808
3056 5809
3056 5810
3056 5811
3056 5812
3056 5813
3056 5814
3056 5815
3056 5816
3056 5817
3056 5818
3056 5819
3056 5820
3057 5821
3057 5822
3057 5823
3057 5824
3058 5825
3058 5826
3059 5827
3059 5828
3059 5829
3059 5830
3060 5831
3061 5832
3061 5833
3061 5834
3062 5835
3062 5836
3063 5837
3063 5838
3063 5839
3063 5840
3064 5841
3064 5842
3064 5843
3064 5844
3064 5845
3064 5846
3065 5847
3065 5848
3065 5849
3065 5850
3066 5851
3066 5852
3067 5853
3067 5854
3068 5855
3068 5856
3069 5857
3070 5858
3071 5859
3072 5860
3072 5861
3073 5862
3073 5863
3073 5864
3074 5864
3075 5865
3075 5866
3076 5867
3076 5868
3077 5868
3078 5869
3079 5870
3079 5871
3080 5871
3081 5872
3081 5873
3082 5874
3083 5875
3084 5876
3084 5877
3085 5878
3086 5879
3087 5880
3087 5881
3088 5881
3089 5882
3090 5883
3090 5884
3091 5885
3091 5886
3092 5887
3093 5888
3093 5889
3094 5890
3095 5891
3096 5892
3096 5893
3097 5894
3098 5895
3098 5896
3099 5897
3099 5898
3100 5899
3100 5900
3100 5901
3100 5902
3101 5903
3101 5904
3102 5905
3102 5906
3103 5907
3103 5908
3104 5909
3104 5910
3105 5911
3105 5912
3105 5913
3105 5914
3106 5915
3106 5916
3107 5917
3107 5918
3107 5919
3107 5920
3108 5920
3109 5921
3109 5922
3109 5923
3109 5924
3110 5924
3111 5925
3111 5926
3111 5927
3112 5927
3113 5928
3114 5929
3115 5930
3116 5931
3117 5931
3118 5932
3119 5933
3120 5934
3121 5935
3122 5935
3123 5936
3123 5937
3124 5938
3125 5938
3126 5939
3127 5940
3127 5941
3128 5942
3129 5943
3130 5943
3131 5944
3131 5945
3132 5946
3133 5947
3133 5948
3134 5948
3135 5949
3135 5950
3135 5951
3135 5952
3136 5952
3137 5953
3137 5954
3138 5955
3138 5956
3139 5957
3140 5958
3140 5959
3141 5960
3142 5961
3143 5961
3144 5962
3145 5962
3146 5963
3147 5963
3148 5963
3149 5963
3150 5964
3150 5965
3151 5965
3152 5965
3153 5966
3154 5966
3155 5967
3156 5967
3157 5967
3158 5968
3159 5968
3160 5968
3161 5968
3162 5968
3163 5968
3164 5968
3165 5968
3166 5968
3167 5968
3168 5968
3169 5968
3170 5968
3171 5968
3172 5968
3173 5968
3174 5968
3175 5968
3176 5967
3177 5967
3178 5967
3179 5966
3180 5966
3181 5965
3182 5965
3183 5965
3184 5964
3185 5964
3186 5964
3187 5964
3188 5963
3189 5963
3190 5963
3191 5963
3192 5962
3193 5962
3194 5962
3195 5962
3196 5962
3197 5962
3198 5962
3199 5962
3200 5962
3201 5961
3202 5961
3203 5961
3204 5960
3205 5960
3206 5960
3207 5960
3208 5960
3209 5960
3210 5960
3211 5960
3212 5960
3213 5960
3214 5959
3215 5959
3216 5959
3217 5959
3218 5958
3219 5958
3220 5958
3221 5958
3222 5957
3223 5957
3224 5957
3225 5956
3226 5955
3227 5954
3228 5953
3229 5952
3229 5951
3230 5950
3231 5950
3231 5949
3232 5948
3233 5948
3234 5947
3235 5947
3236 5946
3237 5945
3238 5945
3239 5945
3240 5944
3241 5944
3242 5944
3243 5944
3244 5943
3245 5943
3246 5943
3247 5943
3248 5942
3249 5942
3250 5941
3251 5941
3252 5941
3253 5941
3254 5940
3255 5940
3256 5940
3257 5939
3258 5938
3258 5937
3259 5936
3259 5935
3260 5934
3260 5933
3260 5932
3260 5931
3261 5930
3261 5929
3262 5928
3262 5927
3262 5926
3262 5925
3263 5924
3263 5923
3263 5922
3263 5921
3263 5920
3263 5919
3263 5918
3263 5917
3264 5916
3264 5915
3264 5914
3264 5913
3265 5912
3265 5911
3265 5910
3265 5909
3265 5908
3265 5907
3265 5906
3265 5905
3266 5904
3266 5903
3266 5902
3266 5901
3267 5900
3267 5899
3267 5898
3267 5897
3267 5896
3267 5895
3267 5894
3267 5893
3267 5892
3267 5891
3268 5890
3268 5889
3269 5888
3269 5887
3270 5886
3271 5885
3272 5885
3272 5884
3273 5883
3274 5883
3274 5882
3274 5881
3275 5880
3275 5879
3275 5878
3275 5877
3275 5876
3275 5875
3275 5874
3275 5873
3274 5872
3274 5871
3274 5870
3274 5869
3273 5869
3272 5868
3272 5867
3272 5866
3272 5865
3271 5864
3271 5863
3271 5862
3271 5861
3271 5860
3271 5859
3271 5858
3271 5857
3271 5856
3271 5855
3271 5854
3271 5853
3271 5852
3271 5851
3271 5850
3271 5849
3271 5848
3271 5847
3271 5846
3271 5845
3271 5844
3271 5843
3272 5842
3272 5841
3272 5840
3272 5839
3273 5838
3273 5837
3273 5836
3273 5835
3273 5834
3273 5833
3273 5832
3273 5831
3272 5830
3272 5829
3272 5828
3272 5827
3271 5826
3271 5825
3271 5824
3271 5823
3270 5822
3270 5821
3270 5820
3270 5819
3269 5818
3269 5817
3269 5816
3269 5815
3269 5814
3269 5813
3269 5812
3269 5811
3269 5810
3269 5809
3269 5808
3269 5807
3269 5806
3269 5805
3269 5804
3269 5803
3269 5802
3269 5801
3269 5800
3269 5799
3270 5798
3270 5797
3270 5796
3270 5795
3271 5794
3271 5793
3271 5792
3271 5791
3271 5790
3271 5789
3271 5788
3271 5787
3271 5786
3271 5785
3271 5784
3271 5783
3271 5782
3271 5781
3271 5780
3271 5779
3271 5778
3271 5777
3271 5776
3271 5775
3271 5774
3271 5773
3271 5772
3271 5771
3271 5770
3271 5769
3271 5768
3271 5767
3271 5766
3271 5765
3271 5764
3271 5763
3271 5762
3271 5761
3271 5760
3271 5759
3271 5758
3271 5757
3271 5756
3271 5755
3271 5754
3271 5753
3272 5752
3272 5751
3272 5750
3272 5749
3273 5748
3273 5747
3273 5746
3273 5745
3273 5744
3273 5743
3273 5742
3273 5741
3273 5740
3273 5739
3273 5738
3273 5737
3273 5736
3273 5735
3273 5734
3273 5733
3273 5732
3273 5731
3273 5730
3273 5729
3272 5728
3272 5727
3272 5726
3272 5725
3271 5724
3271 5723
3271 5722
3271 5721
3271 5720
3271 5719
3271 5718
3271 5717
3271 5716
3271 5715
3271 5714
3270 5713
3269 5712
3269 5711
3268 5710
3268 5709
3267 5709
3266 5708
3266 5707
3266 5706
3266 5705
3265 5705
3264 5704
3264 5703
3264 5702
3263 5701
3262 5700
3262 5699
3261 5698
3261 5697
3260 5696
3260 5695
3259 5694
3258 5693
3258 5692
3257 5691
3256 5690
3255 5690
3254 5689
3254 5688
3253 5687
3252 5686
3251 5685
3251 5684
3250 5683
3250 5682
3249 5682
3248 5681
3248 5680
3247 5679
3246 5678
3245 5677
3245 5676
3244 5675
3243 5674
3242 5673
3242 5672
3241 5671
3240 5670
3239 5670
3238 5669
3238 5668
3237 5667
3236 5667
3235 5666
3234 5665
3234 5664
3233 5663
3232 5662
3231 5662
3230 5661
3230 5660
3229 5659
3228 5659
3227 5658
3226 5657
3225 5656
3224 5655
3223 5654
3222 5654
3221 5653
3220 5653
3219 5652
3218 5652
3217 5651
3216 5650
3215 5649
3214 5648
3213 5647
3212 5647
3211 5646
3211 5645
3210 5644
3209 5644
3208 5644
3207 5643
3206 5643
3205 5643
3204 5643
3203 5643
3202 5643
3201 5643
3200 5643
3199 5643
3198 5643
3197 5643
3196 5643
3195 5643
3194 5643
3193 5643
3192 5643
3191 5643
3190 5643
3189 5643
3188 5643
3187 5643
3186 5643
