152 499
151 500
150 500
149 500
148 500
147 501
146 502
145 503
144 503
143 504
142 504
141 505
140 505
139 505
138 505
137 506
136 506
135 506
134 507
133 507
132 508
131 509
130 509
129 510
128 511
127 511
126 512
125 512
124 512
123 513
122 513
121 513
120 514
119 515
118 515
117 516
117 517
116 518
115 519
114 520
113 520
113 521
112 522
111 522
110 523
110 524
109 525
108 525
108 526
107 527
106 528
105 528
105 529
104 530
104 531
103 532
102 533
101 534
100 535
100 536
99 537
98 538
98 539
97 540
96 541
96 542
95 543
95 544
94 545
93 545
93 546
92 547
92 548
91 549
90 549
90 550
89 551
89 552
88 553
87 553
87 554
86 555
86 556
85 557
84 557
84 558
83 559
83 560
82 561
81 561
81 562
80 563
79 564
79 565
78 566
78 567
77 568
77 569
76 570
75 571
74 572
74 573
73 574
72 575
72 576
71 577
71 578
70 579
69 579
69 580
69 581
69 582
68 583
67 584
67 585
67 586
66 587
66 588
65 589
65 590
65 591
65 592
64 593
63 593
63 594
63 595
63 596
62 597
62 598
62 599
62 600
61 601
61 602
61 603
60 604
59 605
59 606
59 607
59 608
58 609
58 610
57 611
57 612
57 613
57 614
56 615
56 616
56 617
56 618
55 619
55 620
55 621
55 622
54 623
54 624
54 625
54 626
54 627
54 628
54 629
54 630
54 631
54 632
53 633
53 634
53 635
53 636
52 637
52 638
52 639
52 640
52 641
52 642
52 643
52 644
52 645
52 646
52 647
52 648
52 649
52 650
51 651
51 652
51 653
51 654
50 655
50 656
50 657
50 658
51 659
51 660
51 661
51 662
51 663
51 664
51 665
51 666
50 667
50 668
49 669
49 670
49 671
49 672
48 673
48 674
47 675
47 676
47 677
47 678
46 679
46 680
46 681
46 682
46 683
46 684
46 685
46 686
46 687
46 688
45 689
45 690
45 691
45 692
44 693
44 694
44 695
44 696
44 697
44 698
44 699
44 700
44 701
44 702
44 703
45 704
45 705
45 706
46 707
46 708
46 709
46 710
46 711
46 712
46 713
46 714
46 715
46 716
46 717
46 718
46 719
46 720
46 721
46 722
47 723
47 724
47 725
47 726
48 727
48 728
48 729
48 730
49 731
49 732
49 733
49 734
50 735
50 736
49 737
50 738
50 739
50 740
50 741
50 742
50 743
50 744
50 745
50 746
51 747
51 748
51 749
51 750
52 751
52 752
53 753
53 754
53 755
53 756
54 757
54 758
55 759
55 760
55 761
55 762
56 763
56 764
56 765
56 766
57 767
57 768
57 769
57 770
58 771
58 772
58 773
58 774
59 775
59 776
59 777
59 778
60 779
60 780
61 781
61 782
61 783
61 784
62 785
62 786
63 787
63 788
63 789
63 790
64 791
64 792
64 793
64 794
65 795
65 796
65 797
65 798
66 799
66 800
67 801
67 802
67 803
68 803
69 804
69 805
70 805
71 805
72 806
72 807
73 807
74 808
75 809
76 810
77 811
77 812
78 813
78 814
79 815
79 816
79 817
79 818
80 819
80 820
81 821
81 822
82 823
83 824
83 825
84 826
85 826
86 827
87 828
87 829
88 830
89 830
90 831
91 832
92 832
93 833
94 834
95 835
96 836
96 837
97 838
98 839
99 840
99 841
100 841
101 842
102 842
103 843
104 844
105 845
106 845
107 845
108 846
109 847
110 847
111 847
112 848
113 848
114 848
115 848
116 849
117 849
118 849
119 849
120 850
121 850
122 850
123 850
124 851
125 851
126 851
127 852
128 852
129 853
130 853
131 853
132 854
133 854
134 854
135 854
136 854
137 854
138 855
139 855
140 855
141 855
142 856
143 856
144 856
145 856
146 856
147 856
148 857
149 857
150 857
151 857
152 858
153 858
154 858
155 858
156 858
157 858
158 858
159 858
160 858
161 858
162 858
163 858
164 858
165 858
166 858
167 858
168 859
169 859
170 859
171 859
172 860
173 860
174 860
175 860
176 860
177 860
178 860
179 860
180 860
181 860
182 860
183 860
184 860
185 860
186 860
187 860
188 860
189 860
190 860
191 860
192 860
193 860
194 860
195 860
196 860
197 860
198 860
199 860
200 860
201 860
202 860
203 860
204 860
205 860
206 860
207 860
208 860
209 860
210 860
211 860
212 860
213 860
214 860
215 860
216 860
217 860
218 860
219 860
220 861
221 861
222 861
223 861
224 861
225 861
226 861
227 861
228 860
229 860
230 860
231 860
232 860
233 860
234 860
235 860
236 860
237 860
238 860
239 860
240 859
241 859
242 859
243 859
244 858
245 858
246 858
247 858
248 858
249 858
250 857
251 857
252 857
253 857
254 856
255 856
256 856
257 855
258 855
259 855
260 854
261 854
262 853
263 853
264 853
265 853
266 852
267 852
268 851
269 851
270 851
271 850
272 849
273 848
274 848
275 847
276 846
277 846
278 845
279 845
279 844
280 843
281 843
282 842
283 842
284 841
285 840
286 839
287 838
288 838
289 837
290 836
291 836
292 835
293 834
294 833
294 832
295 831
296 831
297 830
297 829
298 828
299 828
300 827
301 826
302 825
303 825
304 825
305 824
306 824
307 823
308 822
309 822
310 821
310 820
311 819
312 819
313 818
314 817
314 816
315 815
316 814
317 814
318 813
319 812
320 812
321 811
322 810
323 810
323 809
324 808
325 808
325 807
326 806
327 806
327 805
328 804
329 804
330 803
331 802
332 801
333 800
333 799
334 798
335 798
335 797
336 796
337 796
338 795
339 794
340 793
341 792
341 791
342 790
342 789
343 788
343 787
344 786
344 785
345 784
345 783
346 782
347 782
347 781
348 780
349 779
349 778
350 777
351 776
351 775
352 774
352 773
353 772
353 771
354 770
354 769
354 768
354 767
355 766
355 765
356 764
356 763
356 762
356 761
357 760
358 760
358 759
358 758
358 757
359 756
359 755
360 754
360 753
360 752
360 751
361 750
361 749
362 748
362 747
362 746
362 745
363 744
364 744
364 743
364 742
365 741
366 740
366 739
366 738
366 737
367 736
367 735
368 734
368 733
368 732
369 731
369 730
370 729
371 728
371 727
372 726
373 725
374 724
375 723
375 722
376 721
377 720
377 719
378 718
379 717
379 716
380 715
380 714
380 713
381 712
381 711
381 710
381 709
381 708
381 707
382 706
382 705
382 704
382 703
383 702
383 701
384 700
384 699
384 698
384 697
385 696
385 695
385 694
385 693
385 692
385 691
385 690
385 689
385 688
385 687
385 686
385 685
385 684
385 683
385 682
385 681
385 680
385 679
385 678
385 677
385 676
385 675
385 674
385 673
384 672
384 671
384 670
384 669
383 668
383 667
383 666
383 665
383 664
383 663
382 662
382 661
382 660
382 659
381 658
381 657
381 656
381 655
380 654
380 653
380 652
380 651
379 650
379 649
379 648
379 647
378 646
378 645
378 644
378 643
377 642
377 641
376 640
376 639
376 638
375 637
375 636
374 635
373 634
373 633
372 632
372 631
371 630
371 629
370 628
370 627
370 626
370 625
369 625
368 624
368 623
367 622
367 621
366 620
365 619
365 618
364 617
364 616
363 615
362 614
361 613
361 612
360 611
360 610
360 609
359 608
358 607
358 606
358 605
357 604
356 603
355 602
355 601
354 600
354 599
353 598
352 597
351 596
351 595
350 594
350 593
349 593
348 592
348 591
348 590
348 589
347 588
346 587
346 586
345 586
344 585
344 584
344 583
343 583
342 582
342 581
341 580
341 579
340 578
340 577
339 576
338 575
337 574
337 573
336 573
335 572
335 571
334 571
333 570
333 569
332 569
331 568
331 567
330 567
329 566
328 565
327 565
326 564
325 564
324 564
323 563
322 562
321 561
320 560
319 560
318 559
318 558
317 558
316 557
315 556
314 556
313 555
312 554
311 554
310 553
310 552
309 551
308 550
307 549
306 549
305 548
304 547
303 547
302 546
301 545
300 544
299 543
298 543
297 542
296 541
295 540
295 539
294 539
293 538
292 537
291 537
290 536
289 536
288 535
287 535
286 534
285 534
284 533
283 533
282 532
281 532
280 531
279 531
278 531
277 530
276 530
275 530
274 529
273 529
272 528
271 528
270 527
269 526
268 526
267 526
266 525
265 525
264 524
263 524
262 524
261 523
260 523
259 523
258 523
257 522
256 522
255 522
254 522
253 521
252 521
251 520
250 520
249 520
248 520
247 519
246 519
245 518
244 518
243 518
242 518
241 517
241 516
240 516
239 516
238 516
237 515
236 515
235 514
234 514
233 513
232 512
231 512
230 511
230 510
229 510
228 510
227 509
226 509
225 508
224 508
223 508
222 508
221 507
220 507
219 506
218 506
217 506
216 506
215 505
214 505
213 505
212 505
211 505
210 505
209 505
208 505
207 505
206 505
205 505
204 505
203 505
202 505
201 504
200 504
199 504
198 504
197 503
196 503
195 502
194 502
193 502
192 502
191 501
190 501
189 501
188 501
187 500
186 500
185 500
184 500
183 499
182 499
181 499
180 499
179 499
178 499
177 499
176 499
175 499
174 499
173 499
172 499
171 499
170 499
169 499
168 499
167 499
166 499
165 499
164 499
163 500
162 500
161 500
160 500
159 501
158 501
157 500
156 500
155 500
154 500
153 499
152 499
