1164 20
1163 21
1162 21
1161 21
1160 22
1159 22
1158 22
1157 23
1156 23
1155 23
1154 23
1153 24
1152 24
1151 24
1150 24
1149 25
1148 25
1147 25
1146 25
1145 26
1144 26
1143 26
1142 26
1141 26
1140 26
1139 26
1138 26
1137 26
1136 27
1135 27
1134 27
1133 28
1132 28
1131 28
1130 28
1129 29
1128 29
1127 29
1126 29
1125 30
1124 30
1123 31
1122 31
1121 31
1120 31
1119 32
1118 32
1117 33
1116 33
1115 33
1114 33
1113 34
1112 34
1111 34
1110 34
1109 35
1108 35
1107 35
1106 35
1105 36
1104 36
1103 37
1102 37
1101 37
1100 37
1099 38
1098 38
1097 38
1096 39
1095 39
1094 39
1093 40
1092 40
1091 40
1090 40
1089 40
1088 40
1087 41
1086 41
1085 41
1084 42
1083 42
1082 43
1081 43
1080 43
1079 44
1078 45
1077 45
1076 45
1075 46
1074 47
1073 47
1072 48
1071 48
1070 49
1069 49
1068 49
1067 50
1066 50
1065 51
1064 51
1063 51
1062 51
1061 52
1060 52
1059 53
1058 53
1057 53
1056 53
1055 54
1054 55
1053 55
1052 55
1051 56
1050 56
1049 56
1048 57
1047 57
1046 57
1045 58
1044 59
1043 59
1042 59
1041 60
1040 60
1039 61
1038 61
1037 61
1036 61
1036 62
1035 63
1034 63
1033 63
1032 64
1031 64
1030 65
1029 65
1028 66
1027 66
1026 67
1025 67
1024 67
1024 68
1023 69
1022 69
1021 70
1020 70
1019 71
1018 71
1017 72
1016 72
1015 73
1014 73
1013 73
1012 74
1011 74
1010 75
1009 75
1008 76
1007 77
1006 78
1005 78
1004 79
1003 80
1002 80
1001 81
1000 82
999 83
998 83
997 84
996 84
995 85
994 85
993 85
992 86
991 87
991 88
991 89
990 90
989 91
988 92
987 93
986 94
985 95
984 96
983 96
982 97
981 98
980 99
979 99
979 100
978 101
977 101
977 102
976 103
975 103
974 104
973 105
972 105
971 106
970 106
969 106
968 107
967 108
966 109
965 110
965 111
965 112
964 113
964 114
963 115
963 116
962 117
962 118
961 119
960 120
959 121
959 122
958 123
957 123
956 124
955 125
955 126
954 127
953 127
953 128
952 129
951 129
951 130
950 131
949 132
948 133
947 134
946 135
946 136
945 137
944 138
944 139
944 140
944 141
944 142
944 143
944 144
944 145
944 146
944 147
943 148
943 149
942 150
942 151
941 152
940 153
940 154
940 155
939 156
939 157
939 158
939 159
938 160
938 161
937 162
937 163
937 164
937 165
936 166
936 167
936 168
936 169
935 170
935 171
935 172
934 173
933 174
933 175
934 176
934 177
933 178
933 179
934 180
934 181
934 182
934 183
934 184
934 185
934 186
934 187
934 188
934 189
934 190
934 191
934 192
933 193
933 194
932 195
931 196
931 197
931 198
931 199
930 200
930 201
930 202
930 203
930 204
930 205
930 206
929 207
929 208
928 209
928 210
928 211
928 212
928 213
928 214
928 215
928 216
928 217
928 218
928 219
928 220
928 221
928 222
928 223
928 224
928 225
928 226
928 227
928 228
928 229
927 230
927 231
927 232
927 233
926 234
926 235
926 236
926 237
926 238
926 239
926 240
925 241
925 242
925 243
924 244
924 245
925 246
925 247
925 248
926 249
926 250
927 251
927 252
928 253
929 254
929 255
930 256
930 257
930 258
930 259
929 260
929 261
929 262
929 263
929 264
929 265
929 266
930 267
930 268
931 269
931 270
931 271
931 272
931 273
931 274
931 275
930 276
930 277
931 278
931 279
931 280
931 281
932 282
932 283
932 284
932 285
932 286
933 287
933 288
934 289
934 290
935 291
935 292
935 293
936 294
936 295
936 296
936 297
936 298
936 299
936 300
936 301
936 302
937 303
937 304
938 305
938 306
938 307
938 308
938 309
938 310
938 311
938 312
938 313
938 314
938 315
939 316
939 317
939 318
940 319
940 320
941 321
941 322
941 323
942 324
942 325
943 326
943 327
943 328
943 329
944 330
944 331
945 332
945 333
945 334
946 335
946 336
947 337
947 338
947 339
948 340
948 341
949 342
949 343
949 344
949 345
950 346
951 347
951 348
951 349
952 350
952 351
952 352
953 353
953 354
953 355
954 356
954 357
955 358
955 359
955 360
955 361
956 362
957 363
957 364
957 365
958 366
958 367
958 368
958 369
959 370
959 371
960 372
960 373
961 374
961 375
962 376
962 377
963 378
963 379
963 380
964 381
965 382
965 383
966 383
967 384
967 385
967 386
968 387
968 388
969 389
970 390
971 391
971 392
972 393
972 394
973 395
974 396
974 397
975 398
976 398
977 399
977 400
978 400
979 401
979 402
980 403
980 404
981 405
982 406
982 407
983 408
984 409
984 410
985 411
986 412
986 413
987 414
988 415
989 415
990 416
991 417
992 417
993 418
994 419
995 420
996 421
997 422
997 423
997 424
997 425
998 426
999 427
999 428
1000 429
1000 430
1001 431
1002 432
1002 433
1003 433
1004 434
1005 435
1006 435
1007 436
1008 437
1009 438
1010 438
1011 439
1011 440
1012 441
1013 442
1014 442
1015 443
1015 444
1016 445
1017 446
1018 447
1018 448
1019 449
1019 450
1020 451
1020 452
1021 453
1021 454
1022 455
1023 456
1024 456
1025 457
1025 458
1026 458
1027 459
1027 460
1028 461
1029 462
1030 462
1031 463
1031 464
1032 464
1033 465
1033 466
1034 466
1035 467
1036 467
1037 468
1038 469
1039 469
1040 470
1041 470
1042 471
1043 471
1044 472
1045 472
1046 472
1047 473
1048 473
1049 474
1050 475
1051 475
1052 476
1053 476
1054 477
1055 477
1056 478
1057 478
1058 478
1059 479
1060 480
1061 481
1062 481
1063 482
1064 483
1065 483
1066 484
1067 485
1068 486
1069 486
1070 487
1071 487
1072 488
1073 488
1074 489
1074 490
1075 490
1076 491
1077 492
1078 492
1079 493
1080 493
1081 494
1082 495
1083 496
1084 497
1085 497
1086 498
1087 499
1088 499
1089 500
1090 501
1091 501
1092 502
1093 502
1094 503
1094 504
1095 504
1096 504
1097 505
1098 506
1099 506
1100 507
1101 507
1102 508
1103 509
1104 510
1105 511
1106 511
1107 512
1108 513
1109 514
1110 514
1111 515
1112 515
1113 516
1114 516
1115 516
1116 517
1116 518
1117 518
1118 519
1119 520
1120 520
1121 521
1121 522
1122 523
1123 524
1124 524
1125 525
1126 525
1127 526
1128 526
1129 527
1130 527
1131 528
1132 528
1133 528
1134 529
1135 529
1136 530
1137 530
1138 530
1139 530
1140 531
1141 531
1142 532
1143 532
1144 532
1145 533
1146 533
1147 534
1148 535
1149 535
1150 536
1151 537
1152 537
1153 538
1154 538
1155 538
1156 539
1157 539
1158 540
1159 540
1160 540
1161 541
1162 541
1163 541
1164 541
1165 541
1166 542
1167 542
1168 542
1169 543
1169 544
1170 544
1171 545
1172 546
1173 546
1174 547
1175 547
1176 547
1177 547
1178 547
1179 547
1180 548
1181 548
1182 548
1183 549
1184 550
1185 550
1186 550
1187 550
1188 551
1189 551
1190 551
1191 551
1192 551
1193 551
1194 551
1195 551
1196 551
1197 551
1198 551
1199 551
1200 551
1201 551
1202 551
1203 551
1204 551
1205 551
1206 551
1207 551
1208 551
1209 551
1210 552
1211 552
1212 552
1213 552
1214 553
1215 553
1216 553
1217 553
1218 553
1219 553
1220 553
1221 553
1222 553
1223 553
1224 553
1225 553
1226 553
1227 553
1228 553
1229 553
1230 553
1231 553
1232 553
1233 553
1234 553
1235 553
1236 553
1237 553
1238 553
1239 553
1240 553
1241 553
1242 553
1243 553
1244 552
1245 552
1246 552
1247 552
1248 551
1249 551
1250 551
1251 551
1252 550
1253 550
1254 550
1255 549
1256 549
1257 548
1258 548
1259 548
1260 547
1261 547
1262 546
1263 546
1264 545
1265 544
1266 544
1267 543
1268 542
1269 542
1270 541
1271 540
1272 539
1273 538
1274 538
1275 537
1276 536
1277 536
1278 535
1279 534
1280 534
1281 533
1282 533
1283 532
1284 531
1285 531
1286 530
1286 529
1287 528
1288 527
1288 526
1289 525
1290 525
1291 524
1292 523
1293 523
1294 522
1295 522
1296 522
1297 522
1297 521
1298 520
1299 519
1300 519
1300 518
1300 517
1300 516
1301 515
1301 514
1302 513
1302 512
1302 511
1303 510
1304 509
1304 508
1305 507
1306 506
1306 505
1306 504
1307 503
1307 502
1307 501
1307 500
1307 499
1307 498
1307 497
1307 496
1307 495
1307 494
1307 493
1307 492
1307 491
1307 490
1307 489
1307 488
1307 487
1307 486
1307 485
1307 484
1307 483
1307 482
1307 481
1307 480
1307 479
1307 478
1307 477
1307 476
1307 475
1307 474
1307 473
1308 472
1308 471
1308 470
1309 469
1309 468
1309 467
1309 466
1309 465
1309 464
1309 463
1309 462
1309 461
1309 460
1310 459
1310 458
1310 457
1310 456
1311 455
1311 454
1311 453
1311 452
1312 451
1312 450
1312 449
1313 448
1313 447
1313 446
1313 445
1313 444
1313 443
1313 442
1313 441
1313 440
1313 439
1313 438
1313 437
1313 436
1313 435
1313 434
1313 433
1313 432
1313 431
1313 430
1313 429
1313 428
1313 427
1313 426
1313 425
1313 424
1313 423
1313 422
1313 421
1313 420
1313 419
1313 418
1313 417
1312 416
1312 415
1311 414
1311 413
1311 412
1311 411
1311 410
1311 409
1311 408
1312 407
1312 406
1311 405
1311 404
1312 403
1313 403
1313 402
1312 401
1313 400
1313 399
1313 398
1313 397
1313 396
1313 395
1313 394
1313 393
1313 392
1313 391
1313 390
1313 389
1313 388
1313 387
1313 386
1313 385
1313 384
1313 383
1313 382
1313 381
1313 380
1313 379
1313 378
1313 377
1313 376
1313 375
1313 374
1313 373
1313 372
1313 371
1313 370
1313 369
1313 368
1313 367
1313 366
1312 365
1312 364
1312 363
1312 362
1311 361
1311 360
1312 359
1312 358
1312 357
1313 356
1313 355
1314 354
1314 353
1314 352
1315 351
1315 350
1315 349
1315 348
1315 347
1316 346
1316 345
1317 344
1317 343
1318 342
1318 341
1318 340
1319 339
1319 338
1319 337
1319 336
1319 335
1319 334
1320 333
1320 332
1320 331
1320 330
1321 329
1321 328
1321 327
1321 326
1321 325
1321 324
1321 323
1321 322
1321 321
1321 320
1321 319
1321 318
1322 317
1322 316
1322 315
1322 314
1323 313
1323 312
1324 311
1324 310
1324 309
1324 308
1325 307
1325 306
1326 305
1326 304
1326 303
1326 302
1327 301
1327 300
1327 299
1327 298
1327 297
1327 296
1327 295
1327 294
1328 293
1328 292
1328 291
1328 290
1329 289
1329 288
1329 287
1329 286
1329 285
1329 284
1330 283
1330 282
1330 281
1331 280
1331 279
1331 278
1332 277
1332 276
1332 275
1332 274
1333 273
1333 272
1333 271
1333 270
1333 269
1333 268
1333 267
1333 266
1333 265
1333 264
1333 263
1333 262
1333 261
1333 260
1333 259
1333 258
1333 257
1333 256
1333 255
1333 254
1333 253
1333 252
1334 251
1334 250
1334 249
1335 248
1335 247
1335 246
1335 245
1335 244
1335 243
1335 242
1335 241
1335 240
1335 239
1335 238
1335 237
1335 236
1335 235
1335 234
1335 233
1335 232
1335 231
1335 230
1335 229
1335 228
1335 227
1335 226
1335 225
1335 224
1335 223
1335 222
1335 221
1335 220
1335 219
1335 218
1335 217
1335 216
1335 215
1335 214
1335 213
1335 212
1335 211
1336 210
1336 209
1337 208
1337 207
1337 206
1336 205
1336 204
1336 203
1336 202
1335 201
1335 200
1335 199
1335 198
1335 197
1335 196
1335 195
1335 194
1335 193
1335 192
1335 191
1335 190
1335 189
1335 188
1335 187
1335 186
1335 185
1335 184
1335 183
1335 182
1334 181
1333 180
1333 179
1332 178
1331 177
1331 176
1332 175
1332 174
1332 173
1332 172
1332 171
1332 170
1332 169
1331 168
1331 167
1331 166
1330 165
1330 164
1330 163
1330 162
1329 161
1329 160
1329 159
1329 158
1329 157
1329 156
1329 155
1329 154
1329 153
1329 152
1329 151
1329 150
1329 149
1329 148
1329 147
1328 146
1328 145
1328 144
1327 143
1327 142
1326 141
1326 140
1326 139
1326 138
1325 137
1325 136
1325 135
1325 134
1325 133
1325 132
1324 131
1324 130
1324 129
1324 128
1323 127
1322 126
1322 125
1322 124
1321 123
1321 122
1321 121
1320 120
1320 119
1320 118
1319 117
1319 116
1318 115
1318 114
1318 113
1318 112
1317 111
1316 110
1316 109
1316 108
1315 107
1315 106
1314 105
1314 104
1314 103
1313 102
1312 101
1312 100
1311 99
1310 98
1310 97
1310 96
1309 95
1309 94
1308 93
1308 92
1308 91
1308 90
1307 90
1306 89
1306 88
1306 87
1305 86
1304 85
1304 84
1303 83
1303 82
1303 81
1302 80
1301 79
1300 78
1299 77
1298 76
1297 75
1296 74
1296 73
1296 72
1295 71
1294 70
1293 69
1293 68
1292 67
1291 66
1290 65
1289 64
1289 63
1288 62
1287 61
1286 60
1286 59
1285 59
1284 58
1284 57
1283 56
1282 55
1281 55
1280 54
1279 53
1278 53
1277 53
1276 52
1275 51
1274 51
1273 50
1273 49
1272 49
1271 48
1270 47
1269 46
1268 45
1267 45
1266 44
1265 44
1264 43
1263 43
1262 42
1261 41
1260 40
1259 40
1258 39
1257 39
1256 38
1255 38
1254 37
1253 37
1252 37
1251 36
1251 35
1250 35
1249 34
1248 34
1247 33
1246 33
1245 32
1244 32
1243 31
1242 31
1241 31
1240 31
1239 30
1238 30
1237 30
1236 30
1235 30
1234 29
1233 29
1232 28
1231 28
1230 28
1229 27
1228 27
1227 27
1226 27
1225 26
1224 26
1223 25
1222 25
1221 25
1220 25
1219 24
1218 24
1217 24
1216 24
1215 24
1214 24
1213 23
1212 23
1211 23
1210 23
1209 22
1208 22
1207 22
1206 22
1205 22
1204 22
1203 22
1202 22
1201 22
1200 22
1199 22
1198 22
1197 22
1196 22
1195 22
1194 22
1193 22
1192 22
1191 22
1190 22
1189 21
1188 21
1187 21
1186 21
1185 20
1184 20
1183 20
1182 20
1181 20
1180 20
1179 20
1178 20
1177 20
1176 20
1175 20
1174 20
1173 20
1172 20
1171 20
1170 20
1169 20
1168 20
1167 20
1166 20
1165 20
1164 20
