208 26
207 27
206 27
205 27
204 27
203 28
202 28
201 28
200 28
199 29
198 29
197 29
196 29
195 30
194 31
193 32
193 33
192 34
192 35
191 36
191 37
190 38
189 39
189 40
188 41
187 42
186 43
186 44
186 45
185 46
185 47
184 48
183 49
183 50
182 51
182 52
181 53
180 54
179 55
178 56
177 57
176 57
176 58
175 59
174 59
173 59
172 59
171 60
170 61
169 61
168 62
167 62
166 62
165 62
164 62
163 62
162 62
161 63
160 63
159 63
158 63
157 64
156 64
155 65
154 65
153 65
152 65
151 66
150 66
149 66
148 66
147 66
146 66
145 66
144 67
143 67
142 67
141 68
140 68
139 69
138 69
137 69
136 69
135 70
134 70
133 70
132 70
131 71
130 71
129 71
128 72
127 72
126 73
125 74
124 74
123 75
122 76
121 76
120 77
119 78
118 78
117 79
116 80
115 81
115 82
114 83
113 83
112 84
112 85
111 86
110 87
110 88
109 89
109 90
108 91
107 92
107 93
106 94
105 95
105 96
104 97
104 98
103 99
102 100
101 101
101 102
101 103
100 104
100 105
100 106
100 107
100 108
100 109
99 110
99 111
99 112
98 113
98 114
97 115
97 116
96 117
96 118
95 119
95 120
94 121
93 122
92 123
91 123
91 124
90 125
89 126
88 126
87 127
86 128
86 129
85 130
85 131
84 132
84 133
84 134
84 135
83 136
82 137
82 138
81 139
80 139
79 139
78 140
78 141
77 142
76 143
75 143
75 144
74 145
73 146
72 147
72 148
71 149
70 150
69 151
69 152
68 153
67 153
67 154
66 155
65 156
65 157
64 158
64 159
63 160
63 161
63 162
62 163
61 164
60 165
59 166
58 167
57 168
57 169
56 170
56 171
55 172
55 173
55 174
55 175
54 176
54 177
53 178
53 179
52 180
52 181
51 182
50 183
49 183
49 184
48 185
47 185
47 186
47 187
46 188
46 189
46 190
46 191
46 192
46 193
46 194
46 195
46 196
46 197
46 198
46 199
46 200
46 201
46 202
46 203
46 204
46 205
46 206
46 207
46 208
46 209
46 210
46 211
46 212
46 213
45 214
45 215
45 216
44 217
44 218
44 219
44 220
44 221
44 222
44 223
44 224
44 225
44 226
44 227
44 228
44 229
44 230
44 231
44 232
45 233
45 234
45 235
46 236
46 237
47 238
47 239
47 240
48 241
48 242
48 243
48 244
48 245
48 246
48 247
48 248
48 249
49 250
49 251
49 252
50 253
50 254
51 255
51 256
51 257
52 258
52 259
52 260
52 261
52 262
52 263
52 264
52 265
53 266
53 267
53 268
53 269
54 270
54 271
54 272
55 273
55 274
56 275
57 276
57 277
58 278
58 279
58 280
59 281
59 282
59 283
60 283
61 284
61 285
61 286
61 287
62 288
63 289
63 290
63 291
64 292
64 293
64 294
64 295
64 296
64 297
64 298
64 299
64 300
64 301
64 302
64 303
64 304
64 305
64 306
64 307
64 308
64 309
64 310
64 311
64 312
64 313
65 314
65 315
65 316
66 317
66 318
67 319
67 320
68 321
68 322
69 323
70 324
70 325
71 326
72 326
73 327
73 328
74 329
75 330
76 331
76 332
77 333
78 334
79 335
79 336
80 336
81 337
81 338
82 338
83 339
83 340
84 341
85 342
86 342
87 343
87 344
88 345
89 346
90 347
90 348
91 349
91 350
91 351
92 352
92 353
92 354
92 355
92 356
92 357
92 358
92 359
92 360
93 361
94 362
94 363
95 364
96 365
97 366
98 366
99 367
99 368
100 369
101 370
102 370
103 371
103 372
104 373
105 373
106 374
107 375
108 375
109 376
110 377
111 378
112 378
113 379
114 380
114 381
115 382
115 383
116 384
116 385
117 386
117 387
118 388
118 389
119 390
120 391
121 392
121 393
122 394
123 395
124 396
124 397
125 398
126 399
127 400
127 401
128 401
129 402
130 403
131 404
132 404
133 404
134 405
135 406
136 407
137 408
138 408
139 409
139 410
140 411
141 411
142 412
143 412
144 413
145 413
146 413
147 413
148 413
149 413
150 413
151 413
152 414
153 414
154 413
155 413
156 414
157 414
158 413
159 413
160 413
161 413
162 413
163 413
164 413
165 413
166 413
167 413
168 413
169 413
170 412
171 412
172 411
173 410
174 410
174 409
175 408
175 407
176 406
177 405
178 404
179 404
180 403
181 403
182 402
183 402
184 402
185 401
186 401
187 400
188 400
189 400
190 399
191 399
192 399
193 399
194 398
195 398
196 398
197 397
198 396
199 396
200 395
201 395
202 394
203 394
204 394
205 393
206 393
207 392
208 392
209 392
210 391
211 391
212 391
213 391
214 390
215 390
216 389
217 389
218 388
219 388
220 387
221 387
222 387
223 387
224 387
225 386
226 386
227 385
228 385
229 384
230 384
231 383
232 383
233 382
234 381
235 381
236 380
237 380
238 379
239 379
240 379
241 378
242 378
243 378
244 377
245 377
246 377
247 377
248 377
249 377
250 376
251 376
252 376
253 375
254 375
255 374
256 374
257 374
258 373
259 372
260 372
261 372
262 371
263 370
264 370
265 369
266 369
267 368
268 368
269 368
270 367
271 367
272 366
273 366
274 365
275 364
276 364
277 364
278 363
279 362
280 361
280 360
281 359
281 358
282 357
282 356
283 355
284 354
284 353
285 352
286 352
286 351
287 350
288 350
289 349
290 348
290 347
291 346
292 346
293 345
294 344
294 343
295 342
296 342
297 341
298 340
299 339
299 338
300 337
300 336
301 335
302 335
302 334
302 333
302 332
303 331
303 330
304 329
304 328
305 327
306 326
306 325
307 324
307 323
308 322
308 321
309 320
309 319
310 318
311 317
312 316
313 315
314 314
315 313
316 312
317 311
317 310
318 309
318 308
319 307
319 306
319 305
319 304
319 303
319 302
318 301
318 300
318 299
318 298
317 297
317 296
318 295
318 294
319 293
319 292
320 291
321 290
321 289
321 288
322 287
322 286
322 285
322 284
323 283
323 282
323 281
324 280
325 279
325 278
326 277
327 276
328 275
329 275
330 274
331 274
332 273
333 273
334 272
335 272
336 271
337 270
338 269
338 268
339 267
339 266
340 265
340 264
340 263
341 262
342 261
342 260
342 259
342 258
343 257
343 256
343 255
343 254
343 253
343 252
343 251
343 250
343 249
343 248
343 247
343 246
343 245
343 244
343 243
344 242
344 241
345 240
345 239
345 238
345 237
345 236
345 235
345 234
345 233
345 232
345 231
345 230
345 229
345 228
345 227
345 226
345 225
346 224
345 223
345 222
346 221
346 220
346 219
346 218
346 217
346 216
347 215
347 214
347 213
347 212
347 211
347 210
347 209
347 208
346 207
346 206
347 205
347 204
346 203
346 202
347 201
347 200
347 199
347 198
347 197
347 196
347 195
347 194
347 193
347 192
347 191
347 190
347 189
347 188
347 187
347 186
347 185
347 184
347 183
347 182
347 181
347 180
347 179
347 178
347 177
347 176
347 175
347 174
346 173
346 172
346 171
346 170
345 169
345 168
345 167
345 166
345 165
345 164
345 163
345 162
345 161
345 160
345 159
345 158
344 157
344 156
344 155
344 154
343 153
343 152
344 151
344 150
344 149
344 148
344 147
344 146
345 145
345 144
345 143
345 142
345 141
345 140
345 139
345 138
345 137
345 136
345 135
345 134
345 133
345 132
345 131
345 130
345 129
345 128
345 127
345 126
345 125
345 124
345 123
345 122
345 121
345 120
345 119
345 118
345 117
345 116
345 115
345 114
345 113
345 112
345 111
345 110
345 109
345 108
345 107
345 106
345 105
345 104
345 103
345 102
345 101
345 100
345 99
345 98
345 97
345 96
345 95
345 94
345 93
345 92
345 91
345 90
345 89
345 88
345 87
345 86
345 85
345 84
345 83
345 82
345 81
345 80
345 79
345 78
345 77
345 76
345 75
345 74
345 73
345 72
345 71
345 70
344 69
345 68
345 67
345 66
345 65
345 64
345 63
345 62
345 61
345 60
345 59
345 58
345 57
345 56
345 55
344 54
343 53
343 52
342 51
341 50
340 50
339 49
338 48
337 47
336 46
335 45
334 44
333 43
332 42
331 42
330 41
329 41
328 41
327 40
326 40
325 39
324 39
323 39
322 39
321 38
320 38
319 38
318 38
317 38
316 38
315 38
314 38
313 38
312 37
311 37
310 37
309 36
308 36
307 36
306 36
305 36
304 36
303 36
302 36
301 36
300 36
299 36
298 36
297 35
296 35
295 35
294 35
293 34
292 34
291 33
290 33
289 33
288 33
287 32
286 32
285 31
284 31
283 31
282 31
281 30
280 30
279 30
278 30
277 30
276 30
275 30
274 30
273 30
272 30
271 29
270 29
269 28
268 27
267 27
266 27
265 26
264 26
263 26
262 26
261 26
260 26
259 26
258 26
257 26
256 26
255 26
254 26
253 26
252 26
251 26
250 26
249 26
248 26
247 27
246 27
245 27
244 27
243 28
242 29
241 29
240 29
239 30
238 30
237 30
236 30
235 29
234 29
233 29
232 28
231 28
230 28
229 28
228 28
227 28
226 28
225 28
224 28
223 28
222 28
221 28
220 28
219 27
218 27
217 27
216 26
215 26
214 26
213 26
212 26
211 26
210 26
209 26
208 26
