1993 3906
1992 3907
1991 3907
1990 3907
1989 3907
1988 3908
1987 3908
1986 3908
1985 3908
1984 3908
1983 3908
1982 3908
1981 3908
1980 3908
1979 3908
1978 3908
1977 3908
1976 3908
1975 3908
1974 3908
1973 3908
1972 3909
1971 3909
1970 3909
1969 3909
1968 3910
1967 3910
1966 3911
1965 3911
1964 3911
1963 3911
1962 3912
1961 3913
1960 3913
1959 3913
1958 3914
1957 3914
1956 3914
1955 3914
1954 3915
1953 3915
1952 3916
1951 3917
1950 3917
1949 3918
1948 3919
1947 3919
1946 3920
1945 3920
1944 3921
1943 3921
1942 3921
1941 3921
1940 3922
1939 3923
1938 3924
1937 3924
1937 3925
1936 3926
1935 3926
1934 3927
1933 3928
1932 3929
1931 3929
1930 3930
1929 3930
1928 3931
1927 3931
1926 3931
1925 3931
1925 3932
1924 3933
1923 3933
1922 3934
1921 3934
1920 3935
1919 3935
1918 3936
1917 3936
1916 3937
1915 3937
1914 3937
1913 3937
1912 3938
1911 3939
1910 3939
1909 3939
1908 3940
1907 3941
1906 3942
1905 3942
1904 3943
1903 3943
1902 3944
1901 3945
1900 3946
1899 3946
1898 3947
1897 3947
1896 3948
1895 3948
1894 3949
1893 3949
1892 3949
1891 3949
1890 3950
1889 3950
1888 3951
1887 3951
1886 3951
1885 3952
1884 3953
1883 3953
1882 3954
1881 3954
1880 3954
1879 3954
1878 3954
1877 3955
1876 3955
1875 3956
1874 3957
1873 3957
1873 3958
1872 3959
1871 3959
1870 3959
1869 3959
1868 3960
1867 3960
1866 3961
1865 3961
1864 3961
1864 3962
1863 3963
1862 3963
1862 3964
1862 3965
1861 3966
1861 3967
1860 3968
1860 3969
1859 3970
1859 3971
1858 3972
1857 3972
1856 3973
1855 3974
1854 3975
1853 3976
1853 3977
1852 3978
1851 3979
1851 3980
1850 3981
1849 3982
1848 3983
1848 3984
1847 3985
1846 3985
1846 3986
1845 3987
1844 3987
1843 3988
1843 3989
1842 3990
1841 3991
1840 3991
1839 3992
1838 3993
1838 3994
1837 3995
1836 3995
1835 3996
1835 3997
1834 3998
1833 3999
1833 4000
1832 4001
1832 4002
1831 4003
1831 4004
1830 4005
1830 4006
1830 4007
1829 4008
1829 4009
1829 4010
1829 4011
1829 4012
1829 4013
1828 4014
1828 4015
1828 4016
1828 4017
1827 4018
1827 4019
1827 4020
1827 4021
1827 4022
1827 4023
1827 4024
1827 4025
1827 4026
1827 4027
1827 4028
1826 4029
1825 4030
1824 4031
1823 4031
1822 4032
1821 4033
1820 4034
1819 4034
1818 4035
1817 4036
1816 4037
1815 4037
1814 4038
1813 4038
1812 4038
1811 4038
1810 4038
1809 4038
1808 4039
1807 4039
1806 4039
1805 4040
1804 4041
1803 4041
1802 4042
1801 4042
1800 4042
1799 4042
1798 4042
1797 4042
1796 4042
1795 4042
1794 4042
1793 4042
1792 4043
1791 4043
1790 4044
1789 4045
1788 4046
1788 4047
1788 4048
1787 4049
1787 4050
1786 4051
1786 4052
1785 4053
1785 4054
1784 4055
1784 4056
1784 4057
1783 4058
1783 4059
1782 4060
1782 4061
1781 4062
1781 4063
1780 4064
1780 4065
1779 4066
1779 4067
1779 4068
1779 4069
1779 4070
1779 4071
1779 4072
1779 4073
1779 4074
1779 4075
1779 4076
1779 4077
1779 4078
1779 4079
1779 4080
1779 4081
1779 4082
1779 4083
1779 4084
1779 4085
1779 4086
1779 4087
1779 4088
1779 4089
1779 4090
1779 4091
1779 4092
1779 4093
1779 4094
1779 4095
1779 4096
1779 4097
1779 4098
1779 4099
1779 4100
1779 4101
1779 4102
1779 4103
1779 4104
1779 4105
1779 4106
1779 4107
1779 4108
1779 4109
1779 4110
1779 4111
1779 4112
1779 4113
1779 4114
1779 4115
1779 4116
1779 4117
1779 4118
1779 4119
1779 4120
1779 4121
1779 4122
1779 4123
1779 4124
1779 4125
1779 4126
1779 4127
1779 4128
1779 4129
1779 4130
1779 4131
1779 4132
1779 4133
1779 4134
1779 4135
1779 4136
1779 4137
1779 4138
1779 4139
1780 4140
1780 4141
1780 4142
1781 4143
1781 4144
1782 4145
1782 4146
1782 4147
1783 4147
1784 4148
1784 4149
1784 4150
1784 4151
1785 4152
1785 4153
1785 4154
1785 4155
1786 4156
1786 4157
1787 4158
1788 4159
1788 4160
1788 4161
1789 4162
1789 4163
1789 4164
1789 4165
1789 4166
1789 4167
1789 4168
1789 4169
1789 4170
1789 4171
1789 4172
1789 4173
1788 4174
1788 4175
1787 4176
1786 4177
1785 4178
1784 4179
1783 4179
1782 4180
1781 4181
1780 4182
1780 4183
1779 4184
1779 4185
1779 4186
1779 4187
1779 4188
1779 4189
1779 4190
1780 4191
1781 4192
1781 4193
1782 4194
1782 4195
1783 4196
1783 4197
1783 4198
1783 4199
1783 4200
1783 4201
1784 4202
1784 4203
1784 4204
1784 4205
1785 4206
1785 4207
1785 4208
1785 4209
1785 4210
1785 4211
1786 4212
1786 4213
1786 4214
1787 4215
1787 4216
1788 4217
1788 4218
1789 4219
1789 4220
1790 4221
1791 4222
1791 4223
1792 4224
1793 4225
1794 4226
1795 4227
1796 4228
1797 4229
1797 4230
1798 4231
1798 4232
1799 4233
1800 4234
1800 4235
1801 4236
1801 4237
1802 4238
1803 4239
1803 4240
1804 4240
1805 4241
1806 4242
1807 4243
1808 4243
1809 4244
1809 4245
1810 4246
1811 4247
1811 4248
1812 4249
1812 4250
1812 4251
1813 4252
1813 4253
1814 4254
1814 4255
1814 4256
1815 4257
1816 4258
1817 4259
1817 4260
1818 4261
1819 4262
1819 4263
1820 4263
1821 4264
1821 4265
1822 4266
1823 4267
1824 4268
1825 4268
1826 4269
1827 4270
1828 4270
1829 4271
1830 4272
1831 4273
1832 4273
1833 4274
1833 4275
1834 4276
1835 4276
1836 4277
1837 4278
1838 4278
1839 4279
1840 4279
1841 4280
1842 4280
1843 4281
1844 4282
1845 4282
1846 4282
1847 4283
1848 4283
1849 4283
1850 4283
1851 4283
1852 4283
1853 4283
1854 4283
1855 4283
1856 4283
1857 4282
1858 4282
1859 4282
1860 4282
1861 4281
1862 4281
1863 4281
1864 4281
1865 4281
1866 4281
1867 4281
1868 4281
1869 4281
1870 4281
1871 4280
1872 4280
1873 4280
1874 4280
1875 4279
1876 4279
1877 4279
1878 4279
1879 4279
1880 4279
1881 4279
1882 4279
1883 4279
1884 4279
1885 4279
1886 4279
1887 4279
1888 4279
1889 4279
1890 4279
1891 4279
1892 4279
1893 4279
1894 4279
1895 4279
1896 4279
1897 4279
1898 4279
1899 4279
1900 4279
1901 4279
1902 4279
1903 4279
1904 4278
1905 4278
1906 4278
1907 4277
1908 4277
1909 4276
1910 4276
1911 4276
1912 4276
1913 4275
1914 4275
1915 4274
1916 4274
1917 4274
1918 4273
1919 4272
1919 4271
1920 4270
1921 4270
1922 4269
1923 4268
1924 4268
1925 4267
1926 4267
1927 4267
1928 4267
1929 4266
1930 4266
1931 4266
1932 4266
1933 4265
1934 4265
1935 4265
1936 4265
1937 4265
1938 4265
1939 4265
1940 4265
1941 4265
1942 4265
1943 4265
1944 4265
1945 4265
1946 4265
1947 4265
1948 4265
1949 4265
1950 4265
1951 4265
1952 4265
1953 4265
1954 4265
1955 4265
1956 4265
1957 4265
1958 4265
1959 4265
1960 4265
1961 4265
1962 4265
1963 4266
1964 4266
1965 4266
1966 4267
1967 4268
1968 4268
1969 4268
1970 4269
1971 4269
1972 4269
1973 4269
1974 4269
1975 4269
1976 4269
1977 4269
1978 4269
1979 4269
1980 4269
1981 4269
1982 4269
1983 4269
1984 4269
1985 4269
1986 4269
1987 4268
1988 4268
1989 4267
1990 4267
1991 4266
1992 4266
1992 4265
1993 4264
1994 4264
1995 4264
1996 4263
1997 4262
1998 4262
1999 4261
2000 4261
2001 4260
2002 4260
2003 4260
2004 4260
2005 4259
2006 4259
2007 4258
2008 4258
2009 4258
2010 4257
2011 4257
2012 4256
2013 4255
2014 4255
2015 4254
2016 4253
2017 4252
2018 4252
2019 4251
2020 4251
2021 4251
2022 4251
2023 4250
2024 4249
2025 4249
2026 4248
2027 4247
2028 4247
2029 4247
2030 4247
2031 4247
2032 4247
2033 4247
2034 4247
2035 4247
2036 4247
2037 4247
2038 4247
2039 4247
2040 4247
2041 4247
2042 4247
2043 4247
2044 4247
2045 4247
2046 4247
2047 4247
2048 4246
2049 4246
2050 4246
2051 4245
2052 4245
2053 4245
2054 4245
2055 4244
2056 4244
2057 4243
2058 4243
2059 4242
2059 4241
2060 4240
2061 4240
2062 4239
2063 4238
2063 4237
2064 4236
2065 4235
2065 4234
2066 4233
2066 4232
2067 4231
2067 4230
2067 4229
2067 4228
2068 4227
2068 4226
2068 4225
2068 4224
2068 4223
2069 4222
2070 4221
2071 4220
2072 4220
2073 4219
2074 4218
2075 4218
2076 4217
2077 4216
2078 4216
2079 4215
2080 4214
2081 4214
2082 4213
2083 4212
2084 4211
2085 4210
2086 4210
2087 4209
2088 4209
2089 4208
2090 4208
2091 4207
2092 4207
2092 4206
2093 4205
2094 4205
2095 4204
2096 4204
2096 4203
2097 4202
2098 4202
2099 4201
2100 4201
2101 4200
2102 4199
2103 4199
2104 4198
2105 4197
2106 4196
2107 4196
2108 4195
2109 4194
2110 4194
2111 4193
2112 4193
2113 4193
2114 4193
2115 4193
2116 4193
2117 4193
2118 4193
2119 4193
2120 4193
2121 4193
2122 4193
2123 4193
2124 4193
2125 4192
2126 4192
2127 4191
2128 4190
2128 4189
2129 4188
2129 4187
2129 4186
2130 4185
2130 4184
2131 4183
2131 4182
2131 4181
2131 4180
2132 4179
2132 4178
2132 4177
2133 4176
2134 4175
2134 4174
2135 4173
2136 4173
2136 4172
2137 4171
2138 4170
2138 4169
2139 4168
2139 4167
2140 4166
2141 4165
2142 4165
2142 4164
2143 4163
2144 4162
2145 4161
2146 4160
2146 4159
2147 4158
2148 4157
2149 4156
2150 4155
2150 4154
2151 4153
2152 4152
2152 4151
2153 4150
2154 4149
2154 4148
2155 4147
2156 4146
2157 4146
2157 4145
2158 4144
2158 4143
2159 4142
2160 4141
2161 4140
2161 4139
2161 4138
2162 4137
2162 4136
2163 4135
2163 4134
2164 4133
2164 4132
2165 4131
2166 4130
2166 4129
2167 4128
2167 4127
2168 4126
2168 4125
2169 4124
2170 4123
2170 4122
2171 4121
2172 4121
2172 4120
2173 4119
2174 4119
2174 4118
2175 4117
2176 4117
2176 4116
2177 4115
2178 4115
2179 4114
2180 4113
2181 4112
2182 4111
2183 4111
2184 4110
2185 4109
2186 4109
2186 4108
2187 4107
2188 4106
2189 4105
2189 4104
2190 4103
2190 4102
2190 4101
2190 4100
2190 4099
2190 4098
2190 4097
2190 4096
2190 4095
2190 4094
2190 4093
2190 4092
2189 4091
2189 4090
2189 4089
2189 4088
2188 4087
2188 4086
2188 4085
2188 4084
2188 4083
2188 4082
2188 4081
2188 4080
2188 4079
2188 4078
2188 4077
2188 4076
2188 4075
2188 4074
2188 4073
2188 4072
2188 4071
2188 4070
2187 4069
2187 4068
2187 4067
2187 4066
2186 4065
2186 4064
2186 4063
2186 4062
2186 4061
2186 4060
2186 4059
2186 4058
2186 4057
2186 4056
2186 4055
2186 4054
2186 4053
2186 4052
2185 4051
2185 4050
2185 4049
2185 4048
2184 4047
2184 4046
2184 4045
2184 4044
2183 4043
2183 4042
2182 4041
2182 4040
2181 4039
2180 4038
2180 4037
2179 4036
2178 4035
2178 4034
2177 4033
2176 4032
2176 4031
2175 4030
2174 4029
2174 4028
2173 4027
2172 4027
2171 4026
2171 4025
2171 4024
2170 4023
2170 4022
2170 4021
2170 4020
2170 4019
2170 4018
2170 4017
2170 4016
2169 4015
2169 4014
2168 4013
2168 4012
2167 4012
2166 4011
2166 4010
2165 4009
2165 4008
2164 4007
2164 4006
2164 4005
2164 4004
2163 4003
2163 4002
2163 4001
2162 4000
2162 3999
2161 3998
2161 3997
2161 3996
2160 3995
2160 3994
2160 3993
2159 3992
2159 3991
2158 3990
2158 3989
2157 3988
2157 3987
2157 3986
2156 3985
2156 3984
2156 3983
2156 3982
2155 3981
2155 3980
2155 3979
2154 3978
2154 3977
2153 3976
2152 3975
2152 3974
2151 3974
2150 3973
2149 3972
2148 3971
2147 3971
2146 3970
2145 3969
2144 3968
2144 3967
2143 3966
2142 3965
2142 3964
2141 3963
2140 3963
2139 3962
2139 3961
2138 3960
2138 3959
2138 3958
2137 3957
2137 3956
2137 3955
2136 3954
2136 3953
2135 3952
2134 3951
2134 3950
2133 3950
2132 3949
2131 3949
2130 3948
2129 3947
2128 3947
2127 3946
2126 3946
2125 3945
2124 3945
2123 3944
2122 3944
2121 3943
2120 3942
2119 3942
2118 3941
2117 3940
2116 3940
2115 3939
2114 3938
2113 3938
2112 3937
2111 3936
2110 3935
2109 3935
2108 3934
2107 3934
2106 3933
2105 3933
2104 3932
2103 3932
2102 3932
2101 3932
2100 3932
2099 3932
2098 3932
2097 3932
2096 3931
2095 3931
2094 3931
2093 3931
2092 3930
2091 3930
2090 3930
2089 3930
2088 3930
2087 3930
2086 3930
2085 3930
2084 3930
2083 3930
2082 3929
2081 3929
2080 3929
2079 3929
2078 3928
2077 3928
2076 3927
2075 3927
2074 3926
2073 3926
2072 3925
2071 3924
2070 3923
2069 3923
2068 3922
2067 3922
2066 3921
2066 3920
2065 3920
2064 3919
2063 3919
2062 3918
2062 3917
2061 3917
2060 3917
2059 3917
2058 3916
2057 3915
2056 3915
2055 3914
2054 3914
2053 3913
2052 3913
2051 3912
2050 3912
2049 3911
2048 3911
2047 3911
2046 3910
2045 3910
2044 3910
2043 3910
2042 3909
2041 3909
2040 3909
2039 3909
2038 3908
2037 3908
2036 3908
2035 3908
2034 3907
2033 3907
2032 3907
2031 3906
2030 3906
2029 3906
2028 3906
2027 3906
2026 3906
2025 3906
2024 3906
2023 3906
2022 3906
2021 3906
2020 3906
2019 3906
2018 3906
2017 3906
2016 3906
2015 3906
2014 3906
2013 3906
2012 3906
2011 3906
2010 3906
2009 3906
2008 3906
2007 3906
2006 3906
2005 3906
2004 3906
2003 3906
2002 3906
2001 3906
2000 3906
1999 3906
1998 3906
1997 3906
1996 3906
1995 3906
1994 3906
1993 3906
