1794 6169
1793 6170
1792 6170
1791 6170
1790 6171
1789 6172
1788 6172
1787 6172
1786 6173
1785 6174
1784 6174
1783 6175
1782 6175
1781 6176
1780 6177
1779 6178
1778 6178
1777 6179
1776 6179
1775 6180
1774 6180
1773 6181
1772 6181
1771 6182
1770 6182
1769 6183
1768 6183
1767 6184
1766 6184
1765 6184
1764 6185
1763 6185
1762 6186
1761 6187
1760 6187
1759 6188
1759 6189
1758 6190
1757 6191
1756 6191
1755 6192
1754 6193
1753 6194
1752 6194
1751 6195
1750 6195
1749 6196
1748 6196
1747 6197
1746 6198
1745 6198
1745 6199
1744 6200
1743 6200
1743 6201
1742 6202
1741 6203
1740 6203
1739 6204
1739 6205
1738 6206
1737 6206
1736 6207
1735 6208
1734 6209
1733 6209
1732 6210
1731 6211
1730 6211
1730 6212
1729 6213
1728 6213
1727 6214
1726 6215
1725 6215
1724 6216
1723 6216
1722 6217
1721 6218
1720 6219
1719 6220
1718 6220
1717 6221
1716 6221
1715 6222
1714 6222
1713 6223
1712 6224
1711 6224
1710 6225
1709 6225
1708 6226
1707 6226
1706 6226
1705 6227
1704 6227
1703 6228
1702 6228
1701 6229
1700 6230
1699 6230
1699 6231
1699 6232
1698 6233
1697 6233
1697 6234
1696 6235
1695 6236
1695 6237
1695 6238
1694 6239
1694 6240
1693 6241
1693 6242
1693 6243
1692 6244
1691 6245
1691 6246
1691 6247
1691 6248
1690 6249
1689 6249
1689 6250
1688 6251
1687 6252
1687 6253
1687 6254
1686 6255
1686 6256
1686 6257
1686 6258
1686 6259
1686 6260
1686 6261
1686 6262
1686 6263
1686 6264
1686 6265
1686 6266
1686 6267
1686 6268
1686 6269
1686 6270
1686 6271
1686 6272
1686 6273
1686 6274
1686 6275
1686 6276
1686 6277
1686 6278
1686 6279
1686 6280
1686 6281
1686 6282
1686 6283
1686 6284
1686 6285
1686 6286
1685 6287
1685 6288
1685 6289
1684 6290
1684 6291
1684 6292
1684 6293
1684 6294
1684 6295
1684 6296
1684 6297
1684 6298
1684 6299
1684 6300
1683 6301
1683 6302
1683 6303
1683 6304
1682 6305
1682 6306
1681 6307
1681 6308
1681 6309
1681 6310
1680 6311
1680 6312
1680 6313
1680 6314
1680 6315
1680 6316
1680 6317
1680 6318
1680 6319
1680 6320
1680 6321
1680 6322
1680 6323
1680 6324
1680 6325
1680 6326
1680 6327
1680 6328
1680 6329
1680 6330
1680 6331
1680 6332
1680 6333
1680 6334
1680 6335
1680 6336
1680 6337
1680 6338
1680 6339
1680 6340
1680 6341
1680 6342
1680 6343
1680 6344
1680 6345
1680 6346
1680 6347
1680 6348
1680 6349
1680 6350
1680 6351
1680 6352
1679 6353
1679 6354
1678 6355
1678 6356
1677 6357
1677 6358
1676 6359
1676 6360
1676 6361
1676 6362
1676 6363
1676 6364
1676 6365
1676 6366
1676 6367
1676 6368
1677 6369
1677 6370
1678 6371
1679 6372
1679 6373
1680 6374
1681 6375
1682 6376
1683 6377
1683 6378
1684 6378
1685 6379
1685 6380
1685 6381
1685 6382
1686 6383
1686 6384
1687 6385
1687 6386
1687 6387
1687 6388
1688 6388
1689 6389
1689 6390
1689 6391
1689 6392
1690 6392
1691 6393
1691 6394
1691 6395
1691 6396
1692 6397
1693 6398
1693 6399
1693 6400
1694 6401
1694 6402
1695 6403
1695 6404
1695 6405
1695 6406
1696 6407
1697 6408
1698 6409
1698 6410
1699 6411
1700 6412
1700 6413
1700 6414
1700 6415
1700 6416
1700 6417
1700 6418
1700 6419
1700 6420
1700 6421
1701 6422
1702 6423
1702 6424
1703 6425
1703 6426
1704 6427
1704 6428
1705 6429
1705 6430
1706 6431
1707 6432
1708 6433
1708 6434
1709 6434
1710 6435
1710 6436
1711 6437
1712 6438
1713 6439
1713 6440
1714 6441
1714 6442
1714 6443
1714 6444
1715 6445
1715 6446
1716 6447
1717 6448
1718 6449
1718 6450
1719 6450
1720 6451
1721 6452
1722 6452
1723 6453
1724 6453
1725 6453
1726 6454
1727 6455
1728 6456
1729 6456
1730 6457
1731 6458
1732 6459
1733 6459
1734 6459
1735 6459
1736 6460
1737 6460
1738 6461
1739 6461
1740 6461
1741 6461
1742 6462
1743 6462
1744 6462
1745 6463
1746 6463
1747 6464
1748 6464
1749 6465
1750 6465
1751 6465
1752 6466
1753 6466
1754 6467
1755 6467
1756 6467
1757 6467
1758 6468
1758 6469
1759 6469
1760 6470
1761 6471
1762 6471
1763 6472
1764 6472
1765 6472
1766 6473
1767 6473
1768 6474
1769 6474
1770 6475
1771 6476
1772 6477
1773 6477
1774 6477
1775 6477
1776 6478
1777 6478
1778 6479
1779 6480
1780 6481
1781 6482
1782 6483
1783 6484
1784 6484
1785 6484
1786 6484
1787 6484
1788 6484
1789 6484
1790 6484
1791 6484
1792 6484
1793 6484
1794 6484
1795 6484
1796 6484
1797 6484
1798 6484
1799 6484
1800 6484
1801 6484
1802 6484
1803 6484
1804 6485
1805 6485
1806 6486
1807 6486
1808 6487
1809 6487
1810 6488
1811 6488
1812 6488
1813 6488
1814 6488
1815 6488
1816 6488
1817 6488
1818 6488
1819 6488
1820 6488
1821 6488
1822 6488
1823 6488
1824 6488
1825 6488
1826 6488
1827 6488
1828 6488
1829 6488
1830 6488
1831 6488
1832 6488
1833 6488
1834 6488
1835 6488
1836 6489
1837 6489
1838 6489
1839 6489
1840 6490
1841 6490
1842 6490
1843 6490
1844 6490
1845 6490
1846 6490
1847 6490
1848 6490
1849 6490
1850 6490
1851 6490
1852 6490
1853 6490
1854 6490
1855 6490
1856 6490
1857 6490
1858 6489
1859 6489
1860 6489
1861 6489
1862 6488
1863 6488
1864 6488
1865 6488
1866 6488
1867 6488
1868 6488
1869 6488
1870 6488
1871 6488
1872 6488
1873 6488
1874 6488
1875 6488
1876 6488
1877 6488
1878 6488
1879 6488
1880 6487
1881 6487
1882 6486
1883 6486
1884 6485
1885 6485
1886 6484
1887 6484
1888 6484
1889 6484
1890 6484
1891 6484
1892 6484
1893 6484
1894 6483
1895 6483
1896 6483
1897 6483
1898 6482
1899 6482
1900 6481
1901 6481
1902 6480
1903 6480
1904 6479
1905 6478
1906 6478
1907 6478
1908 6477
1909 6477
1910 6477
1911 6477
1912 6476
1913 6476
1914 6476
1915 6476
1916 6475
1917 6475
1918 6475
1919 6475
1920 6474
1921 6474
1922 6474
1923 6474
1924 6473
1925 6473
1926 6473
1927 6473
1928 6472
1929 6472
1930 6472
1931 6472
1932 6472
1933 6472
1934 6471
1935 6471
1936 6471
1937 6470
1938 6470
1939 6470
1940 6470
1941 6470
1942 6470
1943 6470
1944 6470
1945 6469
1946 6468
1947 6468
1948 6467
1949 6466
1950 6465
1950 6464
1951 6463
1952 6463
1953 6462
1954 6461
1954 6460
1955 6459
1956 6458
1957 6458
1958 6457
1958 6456
1959 6455
1960 6455
1961 6454
1962 6453
1962 6452
1962 6451
1963 6450
1963 6449
1964 6448
1964 6447
1965 6446
1966 6445
1966 6444
1967 6443
1968 6443
1969 6442
1970 6441
1971 6440
1972 6440
1973 6439
1974 6438
1975 6438
1975 6437
1976 6436
1977 6436
1978 6435
1979 6434
1980 6433
1981 6432
1981 6431
1982 6430
1983 6429
1984 6428
1984 6427
1984 6426
1984 6425
1985 6424
1985 6423
1985 6422
1985 6421
1985 6420
1985 6419
1985 6418
1985 6417
1986 6416
1986 6415
1986 6414
1986 6413
1987 6412
1987 6411
1988 6410
1988 6409
1988 6408
1988 6407
1989 6406
1989 6405
1990 6404
1990 6403
1990 6402
1990 6401
1991 6400
1991 6399
1991 6398
1991 6397
1991 6396
1991 6395
1991 6394
1991 6393
1991 6392
1991 6391
1991 6390
1991 6389
1991 6388
1991 6387
1991 6386
1991 6385
1991 6384
1991 6383
1991 6382
1991 6381
1991 6380
1991 6379
1991 6378
1991 6377
1991 6376
1991 6375
1991 6374
1991 6373
1991 6372
1991 6371
1991 6370
1990 6369
1990 6368
1990 6367
1989 6366
1989 6365
1989 6364
1989 6363
1989 6362
1989 6361
1989 6360
1989 6359
1989 6358
1989 6357
1989 6356
1989 6355
1989 6354
1989 6353
1989 6352
1989 6351
1988 6350
1988 6349
1988 6348
1988 6347
1987 6346
1987 6345
1986 6344
1986 6343
1986 6342
1986 6341
1985 6340
1985 6339
1984 6338
1984 6337
1984 6336
1984 6335
1983 6334
1983 6333
1983 6332
1983 6331
1983 6330
1983 6329
1983 6328
1983 6327
1983 6326
1983 6325
1983 6324
1983 6323
1983 6322
1983 6321
1982 6320
1982 6319
1982 6318
1982 6317
1981 6317
1980 6316
1980 6315
1979 6314
1978 6313
1978 6312
1977 6311
1976 6311
1975 6310
1975 6309
1974 6308
1974 6307
1973 6306
1972 6305
1971 6304
1971 6303
1970 6302
1969 6301
1968 6300
1967 6299
1967 6298
1966 6297
1965 6296
1965 6295
1964 6295
1963 6294
1963 6293
1962 6292
1961 6291
1960 6290
1960 6289
1959 6289
1958 6288
1958 6287
1957 6286
1957 6285
1956 6285
1955 6284
1954 6283
1954 6282
1953 6281
1952 6280
1952 6279
1951 6278
1950 6277
1950 6276
1950 6275
1949 6275
1948 6274
1948 6273
1947 6272
1947 6271
1946 6270
1945 6269
1944 6268
1943 6267
1943 6266
1942 6265
1941 6264
1941 6263
1940 6263
1939 6262
1939 6261
1938 6260
1937 6259
1936 6258
1935 6258
1934 6257
1934 6256
1933 6255
1932 6255
1931 6254
1930 6253
1930 6252
1929 6251
1928 6250
1927 6250
1926 6249
1926 6248
1925 6247
1924 6247
1923 6246
1922 6245
1922 6244
1921 6243
1920 6243
1919 6242
1918 6241
1917 6241
1916 6240
1915 6239
1914 6239
1913 6238
1913 6237
1912 6237
1911 6236
1911 6235
1910 6235
1909 6234
1909 6233
1908 6232
1907 6231
1906 6230
1905 6229
1904 6229
1903 6228
1903 6227
1902 6227
1901 6226
1900 6225
1899 6225
1898 6224
1897 6223
1896 6222
1895 6222
1894 6221
1894 6220
1893 6219
1892 6219
1891 6218
1890 6217
1889 6217
1888 6216
1887 6215
1886 6215
1885 6214
1884 6213
1884 6212
1883 6211
1882 6210
1881 6210
1880 6209
1879 6208
1878 6207
1877 6207
1876 6207
1875 6207
1874 6207
1873 6207
1872 6207
1871 6206
1870 6206
1869 6205
1868 6204
1867 6204
1866 6203
1865 6202
1864 6201
1863 6200
1862 6199
1861 6198
1860 6198
1859 6197
1858 6197
1857 6196
1856 6195
1855 6195
1854 6194
1853 6193
1852 6192
1851 6191
1850 6191
1849 6190
1848 6189
1847 6188
1846 6187
1845 6186
1844 6185
1843 6184
1842 6183
1841 6182
1841 6181
1840 6181
1839 6180
1838 6179
1837 6179
1836 6179
1835 6179
1834 6179
1833 6179
1832 6179
1831 6179
1830 6179
1829 6179
1828 6179
1827 6179
1826 6179
1825 6179
1824 6179
1823 6179
1822 6179
1821 6179
1820 6179
1819 6179
1818 6179
1817 6179
1816 6179
1815 6179
1814 6179
1813 6178
1812 6178
1811 6177
1810 6176
1809 6176
1808 6175
1808 6174
1807 6174
1806 6173
1806 6172
1805 6171
1804 6171
1803 6170
1802 6169
1801 6169
1800 6169
1799 6169
1798 6169
1797 6169
1796 6169
1795 6169
1794 6169
