1186 1132
1185 1133
1184 1133
1183 1133
1182 1134
1181 1134
1180 1134
1179 1134
1178 1134
1177 1134
1176 1134
1175 1134
1174 1134
1173 1134
1172 1135
1171 1135
1170 1135
1169 1135
1168 1136
1167 1136
1166 1137
1165 1137
1164 1137
1163 1137
1162 1138
1161 1138
1160 1139
1159 1139
1158 1140
1157 1141
1156 1141
1155 1141
1154 1142
1153 1142
1152 1142
1151 1142
1150 1142
1149 1142
1148 1142
1147 1142
1146 1142
1145 1142
1144 1142
1143 1142
1142 1142
1141 1142
1140 1142
1139 1142
1138 1142
1137 1142
1136 1142
1135 1142
1134 1141
1133 1141
1132 1141
1131 1141
1130 1140
1129 1140
1128 1140
1127 1140
1126 1140
1125 1140
1124 1140
1123 1140
1122 1140
1121 1140
1120 1140
1119 1140
1118 1140
1117 1140
1116 1140
1115 1140
1114 1141
1113 1141
1112 1141
1111 1142
1110 1143
1109 1144
1108 1144
1107 1145
1106 1145
1105 1145
1105 1146
1104 1147
1103 1147
1102 1148
1101 1148
1101 1149
1100 1150
1099 1151
1098 1151
1098 1152
1097 1153
1096 1153
1095 1154
1095 1155
1094 1156
1093 1156
1092 1157
1091 1158
1090 1159
1089 1159
1088 1160
1087 1160
1086 1161
1085 1161
1084 1162
1083 1162
1082 1163
1081 1164
1080 1165
1079 1166
1078 1167
1077 1168
1076 1169
1076 1170
1075 1171
1074 1172
1073 1172
1072 1173
1071 1173
1070 1174
1069 1175
1068 1176
1067 1176
1066 1177
1066 1178
1065 1179
1064 1180
1063 1180
1062 1181
1061 1182
1060 1183
1059 1183
1059 1184
1058 1185
1057 1185
1056 1185
1056 1186
1055 1187
1054 1188
1053 1188
1053 1189
1052 1190
1051 1190
1050 1191
1050 1192
1049 1193
1048 1193
1047 1193
1046 1194
1045 1195
1044 1195
1043 1195
1043 1196
1042 1197
1041 1197
1040 1198
1039 1198
1038 1199
1038 1200
1037 1201
1036 1202
1035 1203
1034 1204
1033 1204
1032 1205
1031 1205
1030 1206
1029 1206
1028 1207
1027 1207
1026 1208
1025 1208
1024 1209
1023 1209
1022 1209
1021 1209
1020 1210
1019 1211
1018 1211
1017 1211
1017 1212
1016 1213
1015 1213
1014 1214
1013 1214
1012 1215
1011 1215
1010 1216
1009 1217
1008 1217
1007 1217
1006 1218
1005 1218
1004 1219
1003 1219
1002 1220
1001 1221
1000 1222
999 1223
999 1224
998 1225
997 1226
996 1227
995 1228
994 1229
994 1230
993 1231
992 1232
992 1233
991 1234
991 1235
992 1236
992 1237
992 1238
992 1239
993 1240
993 1241
992 1242
991 1242
990 1242
989 1242
988 1243
987 1243
986 1244
985 1244
984 1245
983 1246
982 1247
981 1248
981 1249
980 1250
979 1250
979 1251
978 1252
977 1252
977 1253
976 1254
975 1254
975 1255
974 1256
973 1257
973 1258
972 1259
972 1260
972 1261
971 1262
971 1263
971 1264
970 1265
969 1266
968 1265
967 1265
966 1266
965 1266
964 1266
963 1267
962 1268
961 1269
961 1270
960 1271
959 1271
958 1272
958 1273
957 1274
957 1275
956 1276
956 1277
955 1278
954 1279
953 1280
952 1281
951 1281
951 1282
950 1283
949 1284
948 1284
948 1285
948 1286
948 1287
947 1288
947 1289
947 1290
947 1291
946 1292
946 1293
946 1294
946 1295
945 1296
945 1297
945 1298
945 1299
945 1300
945 1301
945 1302
945 1303
946 1304
946 1305
946 1306
947 1307
947 1308
948 1309
948 1310
948 1311
948 1312
948 1313
948 1314
948 1315
947 1316
947 1317
946 1318
946 1319
946 1320
946 1321
945 1322
945 1323
945 1324
945 1325
945 1326
945 1327
945 1328
945 1329
945 1330
945 1331
945 1332
945 1333
945 1334
945 1335
945 1336
945 1337
945 1338
945 1339
945 1340
945 1341
945 1342
945 1343
945 1344
945 1345
945 1346
945 1347
944 1348
944 1349
944 1350
944 1351
944 1352
944 1353
944 1354
944 1355
945 1356
945 1357
945 1358
945 1359
945 1360
945 1361
945 1362
945 1363
944 1364
944 1365
944 1366
943 1367
943 1368
942 1369
942 1370
942 1371
941 1372
941 1373
941 1374
941 1375
941 1376
941 1377
941 1378
941 1379
941 1380
941 1381
941 1382
941 1383
941 1384
941 1385
941 1386
941 1387
941 1388
941 1389
942 1390
942 1391
942 1392
943 1393
943 1394
944 1395
945 1396
945 1397
946 1398
946 1399
947 1400
947 1401
947 1402
947 1403
947 1404
947 1405
947 1406
947 1407
948 1408
948 1409
948 1410
948 1411
949 1412
949 1413
950 1414
950 1415
950 1416
950 1417
951 1418
952 1419
952 1420
953 1421
953 1422
954 1423
954 1424
955 1425
955 1426
955 1427
955 1428
955 1429
955 1430
955 1431
955 1432
955 1433
956 1434
956 1435
956 1436
956 1437
957 1437
958 1438
958 1439
958 1440
959 1441
959 1442
959 1443
960 1444
960 1445
960 1446
960 1447
961 1448
961 1449
961 1450
961 1451
961 1452
961 1453
961 1454
961 1455
961 1456
961 1457
961 1458
961 1459
961 1460
961 1461
962 1462
962 1463
962 1464
962 1465
963 1466
963 1467
962 1468
962 1469
962 1470
961 1471
960 1471
960 1472
960 1473
959 1474
959 1475
960 1476
960 1477
960 1478
961 1478
962 1479
963 1480
963 1481
964 1482
965 1482
966 1483
967 1484
967 1485
968 1486
969 1487
970 1488
970 1489
971 1490
971 1491
972 1492
972 1493
972 1494
972 1495
973 1495
974 1496
974 1497
975 1498
975 1499
976 1500
977 1501
977 1502
978 1503
979 1504
979 1505
980 1506
981 1506
982 1507
983 1508
983 1509
984 1510
985 1510
986 1511
986 1512
987 1513
988 1514
989 1514
990 1515
991 1516
991 1517
992 1518
993 1519
994 1520
995 1521
995 1522
995 1523
996 1524
996 1525
996 1526
996 1527
997 1528
997 1529
998 1530
998 1531
998 1532
998 1533
999 1534
999 1535
999 1536
1000 1537
1001 1538
1001 1539
1002 1540
1002 1541
1003 1542
1003 1543
1003 1544
1003 1545
1004 1546
1004 1547
1005 1548
1006 1549
1006 1550
1007 1551
1008 1552
1009 1552
1010 1553
1010 1554
1011 1554
1012 1555
1013 1556
1013 1557
1014 1557
1015 1558
1016 1558
1017 1559
1017 1560
1018 1560
1019 1561
1020 1561
1021 1562
1022 1563
1023 1563
1024 1564
1025 1564
1026 1564
1027 1565
1028 1565
1029 1565
1030 1565
1031 1566
1032 1566
1033 1566
1034 1567
1035 1567
1036 1567
1037 1567
1038 1567
1039 1567
1040 1567
1041 1567
1042 1567
1043 1567
1044 1567
1045 1567
1046 1567
1047 1568
1048 1568
1049 1568
1050 1569
1051 1570
1052 1570
1053 1570
1054 1571
1055 1572
1056 1572
1057 1572
1058 1572
1059 1573
1060 1573
1061 1573
1062 1573
1063 1574
1064 1574
1065 1574
1066 1574
1067 1575
1068 1575
1069 1575
1070 1575
1071 1576
1072 1576
1073 1576
1074 1577
1074 1578
1075 1579
1076 1579
1077 1580
1077 1581
1078 1581
1079 1582
1080 1583
1080 1584
1081 1585
1082 1585
1083 1586
1083 1587
1084 1588
1085 1588
1086 1588
1087 1589
1088 1589
1089 1589
1090 1589
1091 1589
1092 1589
1093 1589
1094 1589
1095 1590
1096 1590
1097 1590
1098 1591
1099 1592
1100 1592
1101 1593
1102 1594
1103 1595
1104 1595
1105 1596
1106 1596
1107 1597
1108 1597
1109 1597
1110 1597
1111 1597
1112 1597
1113 1597
1114 1597
1115 1597
1116 1597
1117 1597
1118 1597
1119 1597
1120 1597
1121 1598
1122 1598
1123 1598
1124 1598
1125 1599
1126 1599
1127 1599
1128 1599
1129 1598
1130 1598
1131 1598
1132 1598
1133 1597
1134 1597
1135 1597
1136 1597
1137 1596
1138 1596
1139 1595
1140 1594
1141 1594
1142 1593
1143 1592
1144 1592
1145 1591
1146 1591
1147 1591
1148 1591
1149 1591
1150 1591
1151 1591
1152 1590
1153 1590
1154 1590
1155 1589
1156 1589
1157 1589
1158 1589
1159 1589
1160 1589
1161 1589
1162 1589
1163 1588
1164 1588
1165 1588
1166 1588
1166 1587
1167 1586
1168 1586
1169 1586
1170 1586
1171 1585
1172 1585
1173 1585
1174 1585
1175 1585
1176 1585
1177 1584
1178 1584
1179 1584
1180 1584
1181 1583
1182 1583
1183 1583
1184 1583
1185 1583
1186 1583
1187 1583
1188 1583
1189 1583
1190 1583
1191 1583
1192 1582
1193 1582
1194 1582
1195 1581
1196 1581
1197 1580
1198 1580
1199 1579
1200 1578
1201 1578
1202 1577
1203 1577
1204 1576
1205 1576
1206 1576
1207 1575
1208 1575
1209 1574
1210 1574
1211 1573
1212 1573
1213 1572
1214 1572
1215 1571
1216 1571
1217 1570
1218 1570
1219 1570
1220 1570
1221 1569
1222 1568
1223 1567
1224 1566
1225 1566
1226 1565
1226 1564
1227 1563
1228 1562
1229 1562
1230 1561
1231 1560
1231 1559
1232 1558
1233 1557
1233 1556
1234 1555
1234 1554
1234 1553
1234 1552
1235 1551
1236 1551
1237 1551
1238 1551
1239 1550
1240 1550
1241 1549
1242 1548
1243 1547
1243 1546
1244 1545
1244 1544
1245 1543
1246 1543
1246 1542
1247 1541
1248 1540
1248 1539
1249 1538
1249 1537
1250 1536
1251 1535
1252 1535
1253 1534
1254 1534
1255 1534
1256 1534
1257 1533
1258 1532
1259 1531
1259 1530
1260 1529
1261 1528
1262 1527
1263 1526
1263 1525
1264 1524
1265 1523
1266 1522
1266 1521
1267 1520
1268 1519
1268 1518
1269 1517
1270 1516
1270 1515
1271 1514
1271 1513
1272 1512
1272 1511
1273 1510
1274 1509
1274 1508
1275 1507
1276 1506
1277 1506
1277 1505
1278 1504
1278 1503
1279 1502
1279 1501
1280 1500
1280 1499
1281 1498
1281 1497
1282 1496
1282 1495
1283 1494
1284 1493
1285 1492
1285 1491
1286 1490
1287 1490
1287 1489
1288 1488
1289 1488
1289 1487
1289 1486
1290 1485
1291 1485
1292 1484
1292 1483
1293 1482
1294 1482
1295 1482
1295 1481
1296 1480
1297 1480
1298 1479
1298 1478
1299 1477
1300 1476
1300 1475
1301 1474
1301 1473
1302 1472
1302 1471
1303 1470
1303 1469
1303 1468
1304 1467
1304 1466
1304 1465
1304 1464
1304 1463
1304 1462
1304 1461
1304 1460
1304 1459
1304 1458
1305 1457
1305 1456
1305 1455
1305 1454
1306 1453
1306 1452
1306 1451
1306 1450
1306 1449
1306 1448
1306 1447
1306 1446
1306 1445
1306 1444
1306 1443
1306 1442
1306 1441
1305 1440
1305 1439
1305 1438
1304 1437
1304 1436
1303 1435
1303 1434
1303 1433
1302 1432
1302 1431
1302 1430
1302 1429
1302 1428
1302 1427
1302 1426
1302 1425
1302 1424
1302 1423
1302 1422
1302 1421
1302 1420
1302 1419
1302 1418
1302 1417
1302 1416
1303 1415
1303 1414
1303 1413
1303 1412
1303 1411
1303 1410
1303 1409
1303 1408
1302 1407
1301 1406
1301 1405
1301 1404
1300 1403
1300 1402
1301 1401
1301 1400
1301 1399
1301 1398
1302 1397
1302 1396
1302 1395
1302 1394
1302 1393
1302 1392
1302 1391
1302 1390
1302 1389
1302 1388
1302 1387
1302 1386
1302 1385
1302 1384
1302 1383
1302 1382
1303 1381
1303 1380
1303 1379
1303 1378
1304 1377
1304 1376
1304 1375
1304 1374
1304 1373
1304 1372
1304 1371
1304 1370
1304 1369
1304 1368
1304 1367
1304 1366
1303 1365
1303 1364
1303 1363
1303 1362
1302 1361
1302 1360
1302 1359
1302 1358
1302 1357
1302 1356
1302 1355
1302 1354
1302 1353
1302 1352
1302 1351
1302 1350
1302 1349
1302 1348
1302 1347
1302 1346
1302 1345
1302 1344
1303 1343
1303 1342
1303 1341
1303 1340
1304 1339
1304 1338
1304 1337
1304 1336
1304 1335
1304 1334
1305 1333
1305 1332
1305 1331
1305 1330
1306 1329
1306 1328
1307 1327
1307 1326
1308 1325
1308 1324
1309 1323
1309 1322
1310 1321
1310 1320
1311 1319
1311 1318
1311 1317
1311 1316
1312 1315
1312 1314
1312 1313
1313 1312
1313 1311
1313 1310
1314 1309
1314 1308
1314 1307
1314 1306
1314 1305
1314 1304
1314 1303
1314 1302
1314 1301
1314 1300
1313 1299
1313 1298
1313 1297
1313 1296
1312 1295
1312 1294
1312 1293
1312 1292
1312 1291
1312 1290
1312 1289
1312 1288
1312 1287
1312 1286
1312 1285
1312 1284
1312 1283
1312 1282
1313 1281
1313 1280
1313 1279
1313 1278
1314 1277
1314 1276
1314 1275
1314 1274
1314 1273
1314 1272
1314 1271
1314 1270
1314 1269
1314 1268
1314 1267
1314 1266
1314 1265
1314 1264
1314 1263
1314 1262
1314 1261
1314 1260
1313 1259
1313 1258
1313 1257
1313 1256
1313 1255
1313 1254
1313 1253
1313 1252
1314 1251
1314 1250
1313 1249
1313 1248
1313 1247
1313 1246
1312 1245
1312 1244
1312 1243
1312 1242
1312 1241
1312 1240
1313 1239
1313 1238
1313 1237
1313 1236
1314 1235
1314 1234
1314 1233
1314 1232
1315 1231
1315 1230
1315 1229
1315 1228
1316 1227
1316 1226
1316 1225
1315 1224
1315 1223
1315 1222
1314 1221
1314 1220
1314 1219
1314 1218
1313 1217
1313 1216
1313 1215
1313 1214
1312 1213
1312 1212
1312 1211
1312 1210
1312 1209
1312 1208
1312 1207
1312 1206
1312 1205
1312 1204
1312 1203
1312 1202
1311 1201
1311 1200
1311 1199
1311 1198
1310 1197
1310 1196
1310 1195
1309 1194
1308 1193
1308 1192
1307 1191
1307 1190
1306 1189
1305 1188
1305 1187
1305 1186
1304 1185
1304 1184
1303 1183
1303 1182
1303 1181
1303 1180
1302 1179
1302 1178
1302 1177
1302 1176
1301 1175
1301 1174
1300 1173
1299 1172
1299 1171
1298 1170
1297 1169
1296 1169
1295 1168
1295 1167
1294 1167
1293 1166
1293 1165
1292 1165
1291 1164
1291 1163
1290 1163
1289 1162
1289 1161
1288 1161
1287 1160
1287 1159
1286 1159
1285 1158
1285 1157
1284 1157
1283 1156
1283 1155
1282 1155
1281 1154
1281 1153
1280 1153
1279 1152
1279 1151
1278 1151
1277 1151
1276 1150
1276 1149
1275 1149
1274 1149
1273 1149
1272 1148
1272 1147
1271 1147
1270 1147
1269 1146
1268 1145
1267 1145
1266 1145
1265 1145
1264 1144
1263 1144
1262 1144
1261 1144
1260 1144
1259 1144
1258 1144
1257 1144
1256 1144
1255 1144
1254 1143
1253 1143
1252 1143
1251 1143
1250 1142
1249 1142
1248 1142
1247 1142
1246 1142
1245 1142
1244 1142
1243 1142
1242 1141
1241 1140
1240 1140
1239 1139
1238 1138
1238 1137
1237 1137
1236 1137
1235 1136
1234 1136
1233 1135
1232 1135
1231 1135
1230 1135
1229 1135
1228 1135
1227 1135
1226 1135
1225 1135
1224 1135
1223 1135
1222 1134
1221 1134
1220 1134
1219 1134
1218 1134
1217 1134
1216 1134
1215 1134
1214 1134
1213 1134
1212 1134
1211 1134
1210 1133
1209 1133
1208 1133
1207 1133
1206 1132
1205 1132
1204 1132
1203 1132
1202 1133
1201 1133
1200 1133
1199 1133
1198 1133
1197 1133
1196 1133
1195 1133
1194 1132
1193 1132
1192 1132
1191 1132
1190 1132
1189 1132
1188 1132
1187 1132
1186 1132
