442 1442
441 1443
440 1443
439 1443
438 1444
437 1445
436 1445
435 1445
434 1446
433 1446
432 1446
431 1446
430 1446
429 1446
428 1446
427 1446
426 1446
425 1446
424 1446
423 1446
422 1446
421 1446
420 1446
419 1446
418 1446
417 1446
416 1446
415 1446
414 1446
413 1446
412 1446
411 1446
410 1446
409 1446
408 1446
407 1446
406 1446
405 1446
404 1446
403 1446
402 1446
401 1446
400 1445
399 1445
398 1445
397 1445
396 1444
395 1444
394 1444
393 1444
392 1444
391 1444
390 1444
389 1444
388 1444
387 1444
386 1444
385 1445
384 1445
383 1445
382 1445
381 1445
380 1446
379 1446
378 1446
377 1446
376 1447
375 1447
374 1448
373 1448
372 1448
371 1448
370 1448
369 1448
368 1448
367 1448
366 1449
365 1449
364 1449
363 1449
362 1450
361 1450
360 1450
359 1450
358 1449
357 1449
356 1449
355 1449
354 1448
353 1448
352 1448
351 1448
350 1448
349 1448
348 1448
347 1448
346 1449
345 1449
344 1449
343 1449
342 1450
341 1450
340 1450
339 1450
338 1450
337 1450
336 1450
335 1450
334 1450
333 1450
332 1450
331 1450
330 1450
329 1451
328 1451
327 1451
326 1452
325 1452
324 1452
323 1452
322 1452
321 1452
320 1452
319 1452
318 1453
317 1453
316 1454
315 1454
314 1455
313 1455
312 1456
311 1456
310 1457
309 1457
308 1457
307 1457
306 1458
305 1458
304 1458
303 1458
302 1458
301 1458
300 1458
299 1458
298 1458
297 1458
296 1459
295 1459
294 1459
293 1459
292 1459
291 1459
290 1460
289 1460
288 1460
287 1460
286 1461
285 1461
284 1462
283 1463
282 1463
281 1463
280 1464
279 1464
278 1465
277 1465
276 1465
275 1465
274 1466
273 1466
272 1466
271 1466
270 1466
269 1466
268 1467
267 1467
266 1467
265 1467
264 1468
263 1468
262 1469
261 1469
260 1469
259 1469
258 1470
257 1470
256 1470
255 1470
254 1470
253 1470
252 1470
251 1470
250 1470
249 1470
248 1470
247 1470
246 1470
245 1470
244 1470
243 1470
242 1470
241 1470
240 1470
239 1470
238 1471
237 1471
236 1471
235 1472
234 1473
233 1473
232 1474
231 1474
230 1474
229 1474
228 1475
227 1475
226 1475
225 1475
224 1476
223 1476
222 1476
221 1476
220 1476
219 1476
218 1477
217 1477
216 1478
215 1478
214 1479
213 1479
212 1480
211 1480
210 1480
209 1480
208 1480
207 1480
206 1480
205 1480
204 1480
203 1480
202 1481
201 1481
200 1481
200 1482
199 1483
198 1483
197 1483
196 1484
195 1485
194 1485
193 1485
192 1486
191 1487
190 1488
189 1488
188 1489
187 1490
186 1491
185 1491
184 1492
183 1493
182 1493
181 1493
180 1494
179 1494
178 1494
177 1494
176 1494
175 1494
174 1495
173 1495
172 1495
171 1496
170 1497
169 1497
168 1498
167 1499
166 1499
165 1499
164 1500
163 1501
162 1502
161 1502
160 1503
159 1503
158 1504
157 1504
156 1504
155 1504
154 1503
153 1503
152 1503
151 1503
150 1503
149 1503
148 1503
147 1503
146 1504
145 1504
144 1504
143 1504
142 1505
141 1506
140 1507
139 1508
138 1509
137 1510
136 1511
135 1512
134 1512
133 1513
132 1513
131 1513
130 1514
129 1514
128 1513
127 1513
126 1512
125 1512
124 1511
123 1511
122 1511
121 1511
120 1511
119 1512
118 1512
117 1513
116 1513
115 1514
114 1514
113 1515
112 1516
111 1517
110 1518
110 1519
109 1520
109 1521
108 1522
107 1523
107 1524
106 1525
105 1526
104 1527
104 1528
103 1529
102 1530
101 1530
100 1531
99 1531
98 1532
97 1533
96 1534
95 1534
94 1535
94 1536
93 1537
92 1537
91 1538
91 1539
90 1540
89 1541
89 1542
89 1543
89 1544
89 1545
88 1546
88 1547
87 1548
87 1549
86 1550
85 1551
85 1552
85 1553
85 1554
85 1555
84 1556
84 1557
83 1558
83 1559
82 1560
82 1561
81 1562
81 1563
81 1564
81 1565
81 1566
81 1567
81 1568
81 1569
80 1570
80 1571
80 1572
80 1573
79 1574
79 1575
79 1576
79 1577
79 1578
79 1579
79 1580
79 1581
79 1582
79 1583
79 1584
79 1585
80 1586
80 1587
80 1588
80 1589
81 1590
81 1591
81 1592
82 1593
83 1594
84 1594
85 1595
86 1596
87 1596
88 1596
89 1597
89 1598
90 1598
91 1599
92 1600
93 1601
94 1602
94 1603
95 1604
96 1605
97 1606
98 1606
99 1607
100 1607
101 1607
102 1607
103 1608
104 1608
105 1608
106 1609
107 1610
108 1610
109 1610
110 1611
110 1612
111 1613
111 1614
111 1615
111 1616
110 1617
109 1617
109 1618
108 1619
107 1619
106 1620
106 1621
106 1622
106 1623
107 1624
108 1624
109 1625
110 1625
111 1626
112 1626
113 1626
114 1626
115 1627
116 1627
117 1627
118 1627
119 1627
120 1627
121 1627
122 1627
123 1627
124 1627
125 1628
126 1628
127 1628
128 1629
129 1629
130 1630
131 1630
132 1630
133 1631
133 1632
134 1632
135 1633
136 1633
137 1634
138 1634
139 1635
140 1635
141 1636
142 1636
143 1636
144 1636
145 1637
145 1638
146 1638
147 1639
148 1639
149 1640
150 1640
151 1641
152 1641
153 1640
154 1640
155 1640
156 1640
157 1639
158 1639
159 1639
160 1639
161 1640
162 1640
163 1640
164 1641
165 1641
166 1642
167 1643
168 1644
169 1645
170 1646
171 1647
172 1647
173 1648
174 1648
175 1649
176 1649
177 1649
178 1649
179 1649
180 1649
181 1650
182 1650
183 1650
184 1651
185 1652
186 1652
187 1652
188 1653
189 1654
190 1654
191 1654
192 1654
193 1655
193 1656
194 1656
195 1656
196 1656
197 1657
197 1658
198 1658
199 1658
200 1658
201 1659
202 1659
203 1659
204 1659
205 1659
206 1659
207 1659
208 1659
209 1660
210 1660
211 1660
212 1660
213 1661
214 1661
215 1662
216 1662
217 1662
218 1663
219 1663
220 1663
221 1663
222 1663
223 1663
224 1663
225 1663
226 1663
227 1663
228 1663
229 1663
230 1663
231 1663
232 1663
233 1663
234 1663
235 1664
236 1664
237 1664
238 1664
239 1664
240 1664
241 1664
242 1664
243 1663
244 1663
245 1663
246 1663
247 1664
248 1664
249 1664
250 1664
251 1665
252 1665
253 1665
254 1665
255 1665
256 1665
257 1665
258 1665
259 1666
260 1666
261 1666
262 1666
263 1666
264 1666
265 1666
266 1666
267 1665
268 1665
269 1664
270 1664
271 1664
272 1664
273 1663
274 1663
275 1662
276 1662
277 1662
278 1662
279 1661
280 1661
281 1661
282 1661
283 1662
284 1662
285 1662
286 1662
287 1663
288 1663
289 1663
290 1663
291 1663
292 1663
293 1663
294 1663
295 1663
296 1663
297 1663
298 1663
299 1663
300 1663
301 1663
302 1663
303 1663
304 1663
305 1663
306 1663
307 1663
308 1663
309 1663
310 1663
311 1663
312 1663
313 1663
314 1663
315 1662
316 1662
317 1662
318 1662
319 1661
320 1661
321 1660
322 1660
323 1660
324 1660
325 1659
326 1659
327 1659
328 1659
329 1659
330 1659
331 1658
332 1658
333 1658
334 1658
335 1657
336 1657
337 1657
338 1657
339 1657
340 1657
341 1656
342 1655
343 1655
344 1654
345 1653
346 1652
347 1652
348 1652
349 1651
350 1651
351 1651
352 1651
353 1651
354 1651
355 1651
356 1651
357 1652
358 1652
359 1653
360 1653
361 1654
362 1655
363 1655
364 1655
365 1655
366 1655
367 1655
368 1655
369 1654
370 1654
371 1654
372 1654
372 1653
373 1652
374 1652
375 1651
376 1651
377 1650
378 1650
379 1649
380 1649
381 1650
382 1650
383 1650
384 1650
385 1651
386 1651
387 1651
388 1651
389 1650
390 1650
391 1649
392 1649
393 1648
394 1648
395 1647
396 1646
397 1646
398 1646
399 1645
400 1645
401 1645
402 1645
403 1645
404 1645
405 1645
406 1645
407 1645
408 1645
409 1645
410 1645
411 1645
412 1645
413 1645
414 1645
415 1645
416 1645
417 1645
418 1645
419 1645
420 1645
421 1645
422 1645
423 1645
424 1645
425 1645
426 1645
427 1645
428 1645
429 1645
430 1645
431 1645
432 1645
433 1646
434 1646
435 1646
436 1646
437 1647
438 1647
439 1647
440 1647
441 1647
442 1647
443 1646
444 1646
445 1646
446 1646
447 1645
448 1645
449 1644
450 1644
451 1644
452 1644
453 1643
454 1643
455 1643
456 1643
457 1643
458 1643
459 1643
460 1643
461 1643
462 1643
463 1643
464 1643
465 1643
466 1643
467 1643
468 1643
469 1642
470 1641
471 1640
472 1639
473 1638
474 1638
475 1637
476 1637
477 1638
478 1638
479 1638
480 1638
481 1639
482 1639
483 1639
484 1639
485 1638
486 1638
487 1638
488 1638
489 1637
490 1637
491 1637
492 1637
493 1637
494 1637
495 1637
496 1637
497 1637
498 1637
499 1638
500 1638
501 1638
502 1639
503 1640
504 1640
505 1641
506 1641
507 1642
508 1642
509 1643
510 1643
511 1643
512 1643
513 1644
514 1644
515 1644
516 1644
517 1645
518 1645
519 1645
520 1645
521 1645
522 1645
523 1645
524 1645
525 1645
526 1645
527 1645
528 1645
529 1645
530 1645
531 1645
532 1645
533 1645
534 1645
535 1645
536 1645
537 1644
538 1644
539 1643
540 1642
541 1641
542 1640
543 1639
544 1638
545 1638
546 1638
547 1637
548 1637
549 1637
550 1637
551 1637
552 1637
553 1636
554 1636
555 1636
556 1636
557 1635
558 1635
559 1635
560 1635
561 1635
562 1635
563 1635
564 1635
565 1634
566 1634
567 1634
568 1634
568 1633
569 1632
570 1632
571 1632
572 1632
573 1631
574 1631
575 1631
576 1631
577 1631
578 1631
579 1631
580 1631
581 1631
582 1631
583 1631
584 1631
585 1631
586 1631
587 1631
588 1631
589 1631
590 1631
591 1631
592 1631
593 1631
594 1631
595 1631
596 1631
597 1631
598 1631
599 1631
600 1631
601 1631
602 1631
603 1631
604 1631
605 1630
606 1630
607 1630
608 1630
609 1629
610 1629
611 1629
612 1629
613 1629
614 1629
615 1629
616 1629
617 1629
618 1629
619 1629
620 1629
621 1629
622 1629
623 1629
624 1629
625 1629
626 1629
627 1629
628 1629
629 1629
630 1629
631 1629
632 1629
633 1629
634 1629
635 1630
636 1630
637 1631
638 1631
639 1632
640 1632
641 1633
642 1633
643 1634
644 1634
645 1634
646 1634
647 1635
648 1635
649 1636
650 1636
651 1637
652 1637
653 1638
654 1638
655 1639
656 1639
657 1639
658 1639
659 1639
660 1639
661 1639
662 1639
663 1639
664 1639
665 1639
666 1639
667 1639
668 1639
669 1639
670 1639
671 1639
672 1639
673 1639
674 1639
675 1639
676 1639
677 1639
678 1639
679 1639
680 1639
681 1639
682 1639
683 1639
684 1639
685 1638
686 1638
687 1638
688 1638
688 1637
689 1636
690 1636
691 1636
692 1636
693 1635
694 1635
695 1635
696 1635
697 1634
698 1634
699 1634
700 1633
701 1632
702 1632
703 1631
704 1630
705 1630
706 1629
707 1628
708 1628
709 1628
710 1628
711 1627
712 1626
713 1626
714 1626
715 1625
716 1625
717 1625
718 1625
719 1624
720 1624
721 1623
722 1622
723 1621
724 1621
725 1620
726 1620
727 1619
728 1619
729 1618
730 1618
731 1618
732 1617
733 1616
734 1616
735 1615
736 1614
737 1614
738 1613
739 1612
740 1611
741 1611
741 1610
741 1609
742 1608
742 1607
743 1606
744 1605
744 1604
745 1603
746 1602
746 1601
747 1600
747 1599
747 1598
748 1597
749 1597
749 1596
749 1595
749 1594
750 1593
750 1592
751 1591
751 1590
751 1589
751 1588
752 1587
752 1586
752 1585
752 1584
753 1583
753 1582
754 1581
755 1580
756 1579
757 1578
758 1578
759 1577
760 1577
761 1577
762 1577
763 1577
764 1577
765 1577
766 1577
767 1577
768 1578
769 1578
770 1578
771 1579
772 1579
773 1580
774 1580
775 1580
776 1580
777 1580
778 1580
779 1579
780 1579
781 1578
782 1578
783 1577
784 1576
785 1575
786 1575
787 1574
788 1573
789 1572
790 1572
791 1571
792 1570
793 1569
794 1569
795 1568
796 1568
797 1567
798 1567
799 1566
800 1566
801 1565
802 1565
802 1564
803 1563
804 1562
805 1561
806 1560
806 1559
807 1558
807 1557
807 1556
808 1555
808 1554
808 1553
808 1552
808 1551
808 1550
808 1549
808 1548
809 1547
809 1546
809 1545
810 1544
810 1543
811 1542
812 1541
813 1540
814 1539
814 1538
815 1537
816 1536
816 1535
816 1534
815 1533
815 1532
815 1531
815 1530
814 1529
814 1528
814 1527
814 1526
814 1525
814 1524
815 1523
815 1522
815 1521
816 1520
816 1519
817 1518
818 1517
818 1516
819 1515
819 1514
819 1513
819 1512
819 1511
819 1510
818 1509
818 1508
818 1507
818 1506
818 1505
818 1504
817 1503
817 1502
817 1501
816 1500
815 1499
815 1498
814 1497
814 1496
814 1495
814 1494
814 1493
814 1492
814 1491
813 1490
812 1489
812 1488
811 1487
811 1486
810 1485
810 1484
810 1483
810 1482
810 1481
810 1480
809 1479
809 1478
808 1477
807 1476
806 1476
805 1475
804 1474
803 1474
802 1473
802 1472
801 1472
800 1471
799 1471
798 1470
797 1470
796 1469
795 1469
794 1469
793 1469
792 1468
791 1468
790 1467
789 1467
788 1466
787 1465
786 1465
785 1465
784 1464
783 1464
782 1463
781 1463
780 1463
779 1463
778 1462
777 1462
776 1462
775 1462
774 1462
773 1462
772 1462
771 1462
770 1461
769 1461
768 1461
767 1460
766 1460
765 1460
764 1460
763 1460
762 1460
761 1460
760 1459
759 1459
758 1459
757 1458
756 1457
755 1457
754 1457
753 1457
752 1456
751 1456
750 1455
749 1455
748 1455
747 1454
746 1454
745 1453
744 1453
743 1452
742 1452
741 1452
740 1452
739 1452
738 1452
737 1452
736 1452
735 1452
734 1452
733 1452
732 1452
731 1452
730 1452
729 1452
728 1452
727 1452
726 1452
725 1452
724 1452
723 1452
722 1452
721 1452
720 1452
719 1452
718 1452
717 1452
716 1452
715 1452
714 1452
713 1452
712 1452
711 1452
710 1452
709 1452
708 1452
707 1452
706 1452
705 1452
704 1452
703 1452
702 1452
701 1452
700 1452
699 1452
698 1452
697 1452
696 1452
695 1452
694 1452
693 1452
692 1452
691 1452
690 1452
689 1452
688 1452
687 1452
686 1452
685 1452
684 1452
683 1451
682 1450
681 1450
680 1449
679 1449
678 1448
677 1448
676 1448
675 1448
674 1449
673 1449
672 1449
671 1449
670 1450
669 1450
668 1450
667 1450
666 1450
665 1450
664 1450
663 1450
662 1450
661 1450
660 1450
659 1450
658 1449
657 1449
656 1449
655 1449
654 1448
653 1448
652 1448
651 1448
650 1448
649 1448
648 1448
647 1448
646 1448
645 1448
644 1448
643 1448
642 1448
641 1448
640 1448
639 1448
638 1448
637 1448
636 1448
635 1448
634 1449
633 1449
632 1449
632 1450
631 1451
630 1452
629 1452
629 1453
628 1454
627 1454
626 1455
626 1456
625 1457
624 1457
623 1458
622 1459
621 1459
620 1460
619 1461
618 1461
617 1461
617 1462
616 1463
615 1463
614 1464
613 1464
612 1465
611 1465
610 1466
609 1466
608 1466
607 1466
606 1466
605 1466
604 1466
603 1466
602 1466
601 1466
600 1465
599 1465
598 1465
597 1465
596 1464
595 1464
594 1463
593 1463
592 1463
591 1462
590 1461
589 1461
588 1460
587 1460
586 1459
585 1459
584 1459
583 1458
582 1458
581 1458
580 1458
579 1458
578 1458
577 1458
576 1458
575 1458
574 1458
573 1458
572 1457
571 1457
570 1457
569 1457
568 1456
568 1455
567 1455
566 1455
565 1455
564 1454
563 1454
562 1454
561 1454
560 1454
559 1454
558 1454
557 1454
556 1454
555 1454
554 1454
553 1454
552 1454
551 1454
550 1454
549 1454
548 1454
547 1454
546 1454
545 1454
544 1454
543 1454
542 1455
541 1455
540 1455
539 1455
538 1456
537 1456
536 1457
535 1457
534 1457
533 1457
532 1458
531 1458
530 1458
529 1458
528 1457
527 1457
526 1457
525 1457
524 1456
523 1456
522 1456
521 1456
520 1455
519 1455
518 1455
517 1455
516 1454
515 1454
514 1454
513 1454
512 1454
511 1454
510 1454
509 1454
508 1454
507 1454
506 1454
505 1454
504 1454
503 1454
502 1454
501 1454
500 1454
499 1454
498 1453
497 1453
496 1453
495 1453
494 1452
493 1452
492 1452
491 1452
490 1451
489 1451
488 1451
487 1451
486 1450
485 1450
484 1449
483 1449
482 1449
481 1449
480 1448
480 1447
479 1447
478 1447
477 1447
476 1446
475 1445
474 1445
473 1445
472 1444
472 1443
471 1443
470 1443
469 1443
468 1442
467 1442
466 1442
465 1442
464 1442
463 1442
462 1442
461 1442
460 1442
459 1442
458 1442
457 1442
456 1442
455 1442
454 1442
453 1442
452 1442
451 1442
450 1442
449 1442
448 1442
447 1442
446 1442
445 1442
444 1442
443 1442
442 1442
