1923 1097
1922 1098
1921 1098
1920 1098
1919 1099
1918 1099
1917 1099
1916 1099
1915 1099
1914 1099
1913 1099
1912 1100
1911 1100
1910 1101
1909 1101
1908 1102
1907 1102
1906 1103
1905 1103
1904 1104
1903 1104
1902 1105
1901 1105
1900 1106
1899 1106
1898 1107
1897 1108
1896 1109
1895 1109
1894 1110
1893 1111
1893 1112
1892 1113
1891 1114
1891 1115
1890 1116
1889 1117
1888 1118
1887 1118
1886 1119
1885 1119
1884 1120
1883 1120
1882 1120
1881 1120
1880 1121
1879 1121
1878 1121
1877 1121
1876 1121
1875 1121
1874 1121
1873 1121
1872 1121
1871 1121
1870 1122
1869 1122
1868 1122
1867 1122
1866 1123
1865 1123
1864 1123
1863 1123
1862 1123
1861 1123
1860 1123
1859 1123
1858 1123
1857 1124
1856 1124
1855 1124
1855 1125
1854 1126
1853 1126
1852 1126
1851 1126
1850 1127
1849 1127
1848 1127
1847 1127
1846 1127
1845 1127
1844 1127
1843 1127
1842 1127
1841 1127
1840 1127
1839 1127
1838 1127
1837 1127
1836 1126
1835 1126
1834 1126
1833 1126
1832 1125
1831 1125
1830 1125
1829 1125
1828 1126
1827 1126
1826 1126
1825 1126
1824 1127
1823 1127
1822 1127
1821 1127
1820 1127
1819 1127
1818 1127
1817 1128
1816 1128
1815 1129
1814 1129
1813 1130
1812 1131
1811 1131
1810 1132
1809 1132
1808 1133
1807 1134
1806 1135
1805 1135
1804 1136
1803 1137
1803 1138
1802 1139
1801 1139
1801 1140
1800 1141
1799 1142
1799 1143
1798 1144
1798 1145
1798 1146
1797 1147
1797 1148
1797 1149
1797 1150
1796 1151
1796 1152
1796 1153
1796 1154
1795 1155
1795 1156
1795 1157
1795 1158
1795 1159
1795 1160
1794 1161
1794 1162
1793 1163
1792 1164
1791 1165
1790 1166
1789 1167
1789 1168
1788 1169
1788 1170
1788 1171
1788 1172
1787 1173
1787 1174
1787 1175
1787 1176
1787 1177
1787 1178
1787 1179
1787 1180
1787 1181
1787 1182
1787 1183
1787 1184
1787 1185
1787 1186
1787 1187
1787 1188
1787 1189
1787 1190
1787 1191
1787 1192
1787 1193
1787 1194
1787 1195
1787 1196
1787 1197
1787 1198
1787 1199
1787 1200
1787 1201
1787 1202
1787 1203
1787 1204
1787 1205
1787 1206
1787 1207
1787 1208
1786 1209
1786 1210
1785 1211
1785 1212
1784 1213
1784 1214
1783 1215
1783 1216
1783 1217
1783 1218
1783 1219
1783 1220
1783 1221
1783 1222
1783 1223
1783 1224
1783 1225
1783 1226
1783 1227
1783 1228
1783 1229
1783 1230
1783 1231
1783 1232
1783 1233
1783 1234
1783 1235
1783 1236
1783 1237
1784 1238
1785 1239
1785 1240
1786 1241
1786 1242
1787 1243
1787 1244
1787 1245
1787 1246
1787 1247
1787 1248
1787 1249
1787 1250
1787 1251
1787 1252
1787 1253
1787 1254
1787 1255
1787 1256
1787 1257
1787 1258
1787 1259
1787 1260
1787 1261
1787 1262
1787 1263
1787 1264
1787 1265
1787 1266
1788 1267
1788 1268
1788 1269
1788 1270
1789 1271
1789 1272
1789 1273
1789 1274
1790 1275
1790 1276
1790 1277
1790 1278
1791 1279
1791 1280
1792 1281
1792 1282
1792 1283
1792 1284
1793 1285
1793 1286
1793 1287
1793 1288
1793 1289
1793 1290
1794 1291
1794 1292
1794 1293
1795 1294
1796 1295
1796 1296
1796 1297
1796 1298
1797 1299
1797 1300
1797 1301
1798 1302
1799 1303
1799 1304
1800 1304
1801 1305
1801 1306
1802 1306
1803 1307
1804 1308
1804 1309
1805 1310
1806 1310
1807 1311
1808 1311
1809 1312
1809 1313
1810 1313
1811 1313
1812 1314
1813 1314
1814 1315
1815 1316
1816 1317
1816 1318
1817 1319
1818 1320
1819 1321
1819 1322
1820 1322
1821 1323
1822 1324
1823 1325
1823 1326
1824 1326
1825 1327
1825 1328
1826 1328
1827 1329
1827 1330
1828 1330
1829 1331
1830 1332
1831 1332
1832 1333
1833 1333
1834 1333
1835 1334
1836 1334
1837 1335
1838 1335
1839 1335
1840 1335
1841 1336
1841 1337
1842 1337
1843 1337
1844 1338
1845 1339
1846 1339
1847 1339
1848 1339
1849 1340
1850 1340
1851 1340
1852 1340
1853 1340
1854 1340
1855 1341
1856 1341
1857 1341
1858 1342
1859 1342
1860 1343
1861 1344
1862 1345
1863 1346
1864 1347
1865 1347
1866 1348
1867 1349
1867 1350
1868 1350
1869 1351
1870 1352
1870 1353
1871 1354
1872 1355
1873 1355
1874 1356
1875 1357
1876 1357
1877 1358
1878 1358
1879 1358
1880 1358
1881 1358
1882 1358
1883 1358
1884 1358
1885 1358
1886 1359
1887 1360
1888 1360
1889 1361
1889 1362
1890 1362
1891 1363
1891 1364
1892 1364
1893 1365
1894 1366
1895 1366
1896 1367
1897 1367
1898 1367
1899 1368
1900 1368
1901 1369
1902 1369
1903 1369
1904 1369
1905 1370
1906 1370
1907 1371
1908 1371
1909 1371
1910 1372
1911 1372
1912 1373
1913 1374
1914 1374
1915 1375
1916 1376
1916 1377
1917 1378
1918 1378
1919 1379
1920 1380
1921 1381
1922 1381
1923 1382
1924 1382
1925 1383
1926 1384
1927 1384
1928 1385
1929 1385
1930 1386
1931 1386
1932 1386
1933 1386
1934 1386
1935 1386
1936 1386
1937 1386
1938 1386
1939 1386
1940 1386
1941 1386
1942 1386
1943 1386
1944 1385
1945 1385
1946 1385
1947 1384
1948 1384
1949 1384
1950 1384
1951 1384
1952 1384
1953 1384
1954 1384
1955 1384
1956 1384
1957 1384
1958 1384
1959 1384
1960 1384
1961 1384
1962 1384
1963 1384
1964 1384
1965 1384
1966 1384
1967 1384
1968 1384
1969 1384
1970 1384
1971 1384
1972 1384
1973 1384
1974 1384
1975 1384
1976 1384
1977 1384
1978 1384
1979 1384
1980 1384
1981 1384
1982 1383
1983 1383
1984 1383
1985 1382
1986 1382
1987 1382
1988 1382
1989 1382
1990 1382
1991 1382
1992 1382
1993 1382
1994 1382
1995 1382
1996 1382
1997 1382
1998 1382
1999 1382
2000 1381
2001 1381
2002 1381
2002 1380
2003 1379
2004 1379
2005 1379
2006 1379
2007 1378
2008 1378
2009 1378
2010 1378
2011 1378
2012 1378
2013 1378
2014 1378
2015 1378
2016 1378
2017 1378
2018 1378
2019 1378
2020 1378
2021 1378
2022 1377
2023 1376
2024 1376
2025 1375
2026 1374
2027 1374
2028 1373
2029 1372
2030 1372
2031 1371
2032 1371
2033 1370
2034 1370
2035 1370
2036 1370
2037 1370
2038 1370
2039 1370
2040 1370
2041 1369
2042 1369
2043 1368
2044 1368
2045 1367
2046 1367
2047 1366
2048 1366
2049 1366
2050 1366
2051 1365
2052 1365
2053 1365
2054 1365
2055 1364
2056 1364
2057 1363
2058 1363
2059 1363
2060 1363
2061 1362
2062 1362
2063 1361
2064 1361
2065 1361
2066 1361
2067 1360
2068 1360
2069 1360
2070 1360
2071 1359
2072 1359
2073 1359
2074 1358
2075 1357
2076 1357
2077 1357
2078 1357
2079 1356
2080 1356
2081 1355
2082 1355
2083 1355
2084 1355
2085 1354
2086 1354
2087 1353
2088 1353
2089 1352
2090 1352
2091 1351
2092 1351
2093 1350
2094 1350
2095 1349
2096 1348
2097 1347
2098 1346
2098 1345
2099 1344
2100 1344
2101 1343
2102 1343
2103 1342
2104 1342
2105 1342
2106 1342
2106 1341
2106 1340
2106 1339
2106 1338
2106 1337
2107 1336
2107 1335
2107 1334
2108 1333
2109 1332
2110 1332
2110 1331
2111 1330
2111 1329
2112 1328
2112 1327
2113 1326
2113 1325
2114 1324
2114 1323
2115 1322
2115 1321
2116 1320
2117 1320
2117 1319
2117 1318
2118 1317
2119 1316
2119 1315
2119 1314
2119 1313
2120 1312
2121 1312
2121 1311
2122 1310
2123 1309
2124 1308
2125 1307
2126 1306
2126 1305
2126 1304
2126 1303
2126 1302
2126 1301
2126 1300
2127 1299
2128 1298
2128 1297
2129 1296
2130 1296
2130 1295
2131 1294
2132 1294
2132 1293
2133 1292
2134 1291
2134 1290
2135 1289
2136 1288
2137 1287
2138 1286
2139 1285
2139 1284
2140 1283
2141 1282
2142 1282
2142 1281
2143 1280
2144 1280
2144 1279
2145 1278
2145 1277
2146 1276
2146 1275
2147 1274
2147 1273
2147 1272
2148 1271
2148 1270
2148 1269
2148 1268
2148 1267
2148 1266
2148 1265
2148 1264
2148 1263
2148 1262
2148 1261
2147 1260
2147 1259
2147 1258
2147 1257
2146 1256
2146 1255
2145 1254
2145 1253
2145 1252
2145 1251
2144 1250
2144 1249
2144 1248
2144 1247
2144 1246
2144 1245
2144 1244
2144 1243
2144 1242
2144 1241
2144 1240
2144 1239
2144 1238
2144 1237
2144 1236
2144 1235
2144 1234
2144 1233
2144 1232
2144 1231
2144 1230
2144 1229
2144 1228
2144 1227
2144 1226
2144 1225
2144 1224
2144 1223
2144 1222
2144 1221
2145 1220
2146 1220
2147 1220
2148 1220
2149 1220
2150 1220
2150 1219
2150 1218
2149 1217
2149 1216
2148 1215
2147 1214
2146 1213
2145 1212
2144 1211
2144 1210
2143 1209
2143 1208
2142 1207
2141 1206
2140 1205
2140 1204
2139 1203
2138 1202
2137 1201
2136 1200
2136 1199
2135 1199
2134 1198
2134 1197
2133 1197
2132 1196
2131 1195
2130 1195
2129 1194
2128 1193
2127 1193
2126 1192
2125 1191
2124 1191
2123 1190
2122 1190
2121 1190
2120 1189
2119 1189
2118 1188
2117 1188
2116 1187
2115 1187
2114 1186
2113 1186
2112 1185
2112 1184
2111 1183
2110 1182
2110 1181
2109 1180
2109 1179
2108 1178
2107 1178
2106 1177
2105 1176
2104 1175
2103 1175
2102 1174
2102 1173
2101 1172
2101 1171
2100 1170
2100 1169
2100 1168
2100 1167
2101 1166
2101 1165
2101 1164
2101 1163
2102 1162
2102 1161
2102 1160
2102 1159
2102 1158
2102 1157
2102 1156
2102 1155
2102 1154
2102 1153
2102 1152
2102 1151
2102 1150
2102 1149
2102 1148
2102 1147
2101 1146
2101 1145
2101 1144
2100 1143
2099 1142
2098 1141
2097 1140
2096 1139
2096 1138
2095 1137
2094 1136
2094 1135
2093 1135
2092 1134
2091 1133
2090 1133
2089 1132
2088 1132
2087 1131
2086 1130
2085 1129
2084 1128
2084 1127
2084 1126
2084 1125
2083 1125
2082 1125
2081 1125
2080 1124
2079 1124
2078 1123
2077 1122
2076 1122
2075 1121
2074 1120
2073 1120
2072 1119
2071 1119
2070 1119
2069 1119
2068 1118
2067 1118
2066 1118
2065 1118
2064 1117
2063 1117
2062 1116
2061 1116
2060 1115
2059 1115
2058 1114
2057 1114
2056 1113
2056 1112
2055 1112
2054 1112
2053 1111
2052 1111
2051 1111
2050 1111
2049 1111
2048 1111
2047 1111
2046 1111
2045 1111
2044 1111
2043 1111
2042 1111
2041 1111
2040 1111
2039 1111
2038 1111
2037 1111
2036 1111
2035 1111
2034 1111
2033 1111
2032 1111
2031 1111
2030 1112
2029 1112
2028 1112
2027 1112
2026 1113
2025 1113
2024 1113
2023 1113
2022 1113
2021 1113
2020 1112
2019 1112
2018 1112
2017 1112
2016 1111
2015 1111
2014 1111
2013 1111
2012 1111
2011 1111
2010 1111
2009 1111
2008 1111
2007 1111
2006 1111
2005 1111
2004 1110
2003 1110
2002 1110
2001 1110
2000 1109
1999 1109
1998 1109
1997 1109
1996 1109
1995 1109
1994 1109
1993 1109
1992 1108
1991 1108
1990 1107
1989 1107
1988 1106
1987 1105
1987 1104
1986 1103
1985 1103
1984 1102
1983 1102
1982 1101
1981 1101
1980 1100
1979 1100
1978 1100
1977 1100
1976 1099
1975 1099
1974 1099
1973 1099
1972 1099
1971 1099
1970 1099
1969 1099
1968 1099
1967 1099
1966 1099
1965 1099
1964 1099
1963 1099
1962 1099
1961 1099
1960 1099
1959 1099
1958 1099
1957 1099
1956 1099
1955 1099
1954 1099
1953 1099
1952 1099
1951 1099
1950 1099
1949 1099
1948 1099
1947 1099
1946 1099
1945 1099
1944 1099
1943 1099
1942 1099
1941 1099
1940 1099
1939 1099
1938 1099
1937 1099
1936 1099
1935 1099
1934 1099
1933 1099
1932 1099
1931 1099
1930 1099
1929 1098
1928 1098
1927 1098
1926 1097
1925 1097
1924 1097
1923 1097
