2531 2134
2530 2135
2529 2135
2528 2135
2527 2136
2526 2136
2525 2136
2524 2136
2523 2136
2522 2136
2521 2136
2520 2136
2519 2136
2518 2136
2517 2136
2516 2136
2515 2136
2514 2136
2513 2136
2512 2136
2511 2136
2510 2136
2509 2136
2508 2136
2507 2136
2506 2136
2505 2136
2504 2136
2503 2136
2502 2137
2501 2137
2500 2137
2499 2137
2498 2138
2497 2138
2496 2139
2495 2139
2494 2139
2493 2139
2492 2140
2491 2140
2490 2141
2489 2141
2488 2141
2487 2141
2486 2142
2485 2142
2484 2142
2483 2142
2482 2143
2481 2143
2480 2143
2479 2143
2478 2144
2477 2144
2476 2145
2475 2145
2474 2146
2473 2146
2472 2147
2471 2147
2471 2148
2470 2149
2469 2149
2468 2149
2467 2149
2466 2150
2465 2150
2464 2151
2463 2151
2462 2151
2462 2152
2461 2153
2460 2153
2460 2154
2459 2155
2458 2155
2457 2155
2456 2156
2455 2156
2454 2157
2453 2157
2452 2157
2451 2158
2450 2159
2449 2159
2449 2160
2448 2161
2447 2161
2446 2161
2445 2161
2444 2162
2443 2162
2442 2162
2441 2162
2440 2162
2439 2162
2438 2162
2437 2162
2436 2162
2435 2162
2434 2162
2433 2162
2432 2163
2431 2163
2430 2164
2429 2164
2428 2165
2427 2166
2426 2167
2425 2168
2424 2169
2423 2169
2422 2170
2421 2171
2420 2171
2419 2171
2419 2172
2418 2173
2417 2173
2416 2174
2415 2174
2414 2175
2413 2175
2412 2176
2411 2176
2410 2177
2409 2177
2408 2177
2407 2177
2406 2178
2405 2178
2404 2179
2403 2179
2402 2179
2401 2179
2400 2180
2399 2180
2398 2181
2397 2181
2396 2181
2395 2182
2394 2182
2393 2183
2392 2183
2391 2184
2390 2184
2389 2185
2388 2185
2387 2186
2386 2186
2385 2187
2384 2187
2383 2188
2382 2189
2381 2189
2380 2189
2379 2189
2378 2190
2377 2191
2376 2191
2375 2192
2374 2192
2373 2193
2372 2194
2371 2194
2370 2195
2369 2196
2368 2197
2367 2198
2366 2198
2365 2199
2364 2199
2363 2200
2362 2201
2361 2201
2361 2202
2360 2203
2359 2203
2358 2204
2357 2205
2356 2205
2356 2206
2355 2207
2354 2208
2353 2209
2353 2210
2352 2211
2351 2211
2350 2211
2349 2212
2348 2213
2347 2214
2346 2214
2345 2215
2344 2215
2343 2216
2342 2216
2341 2217
2340 2218
2339 2218
2338 2219
2337 2220
2336 2221
2335 2222
2334 2223
2333 2224
2333 2225
2332 2226
2331 2226
2331 2227
2330 2228
2329 2229
2329 2230
2328 2231
2327 2232
2326 2233
2326 2234
2325 2235
2324 2235
2323 2236
2323 2237
2322 2238
2321 2239
2320 2239
2319 2240
2318 2241
2318 2242
2317 2243
2316 2243
2315 2244
2315 2245
2314 2246
2313 2247
2312 2247
2311 2248
2310 2249
2310 2250
2309 2251
2308 2251
2307 2252
2307 2253
2306 2254
2305 2255
2304 2255
2303 2256
2303 2257
2302 2258
2301 2259
2300 2260
2300 2261
2299 2262
2299 2263
2298 2264
2297 2265
2297 2266
2296 2267
2295 2268
2295 2269
2294 2270
2293 2271
2292 2271
2292 2272
2291 2273
2291 2274
2290 2275
2290 2276
2289 2277
2289 2278
2288 2279
2288 2280
2287 2281
2286 2282
2286 2283
2285 2284
2285 2285
2284 2286
2284 2287
2283 2288
2282 2289
2282 2290
2281 2291
2281 2292
2280 2293
2280 2294
2279 2295
2278 2296
2278 2297
2277 2298
2276 2299
2275 2300
2275 2301
2274 2302
2273 2303
2273 2304
2273 2305
2273 2306
2273 2307
2272 2308
2272 2309
2271 2310
2270 2311
2269 2312
2269 2313
2268 2314
2267 2315
2267 2316
2266 2317
2266 2318
2265 2319
2264 2320
2263 2321
2263 2322
2263 2323
2263 2324
2263 2325
2263 2326
2263 2327
2263 2328
2263 2329
2262 2330
2262 2331
2262 2332
2262 2333
2261 2334
2260 2334
2260 2335
2260 2336
2259 2337
2259 2338
2259 2339
2258 2340
2258 2341
2258 2342
2258 2343
2257 2344
2257 2345
2256 2346
2256 2347
2256 2348
2256 2349
2255 2350
2255 2351
2255 2352
2254 2353
2254 2354
2254 2355
2253 2356
2253 2357
2253 2358
2253 2359
2253 2360
2253 2361
2253 2362
2253 2363
2252 2364
2252 2365
2251 2366
2251 2367
2250 2368
2249 2369
2249 2370
2248 2371
2247 2372
2247 2373
2246 2374
2246 2375
2245 2376
2244 2376
2244 2377
2244 2378
2244 2379
2243 2380
2243 2381
2242 2382
2242 2383
2242 2384
2242 2385
2241 2386
2241 2387
2241 2388
2241 2389
2242 2390
2242 2391
2242 2392
2243 2393
2243 2394
2243 2395
2243 2396
2243 2397
2243 2398
2243 2399
2243 2400
2243 2401
2243 2402
2243 2403
2243 2404
2243 2405
2242 2406
2242 2407
2242 2408
2242 2409
2241 2410
2241 2411
2241 2412
2241 2413
2241 2414
2241 2415
2241 2416
2241 2417
2241 2418
2241 2419
2241 2420
2241 2421
2241 2422
2241 2423
2241 2424
2241 2425
2241 2426
2241 2427
2241 2428
2241 2429
2241 2430
2241 2431
2241 2432
2241 2433
2241 2434
2241 2435
2241 2436
2241 2437
2241 2438
2241 2439
2240 2440
2240 2441
2240 2442
2240 2443
2239 2444
2239 2445
2239 2446
2239 2447
2239 2448
2239 2449
2239 2450
2239 2451
2239 2452
2239 2453
2239 2454
2239 2455
2239 2456
2239 2457
2239 2458
2239 2459
2239 2460
2239 2461
2239 2462
2239 2463
2239 2464
2239 2465
2239 2466
2239 2467
2239 2468
2239 2469
2239 2470
2239 2471
2239 2472
2239 2473
2239 2474
2239 2475
2239 2476
2239 2477
2239 2478
2239 2479
2239 2480
2239 2481
2239 2482
2239 2483
2239 2484
2239 2485
2239 2486
2239 2487
2239 2488
2239 2489
2240 2490
2240 2491
2240 2492
2240 2493
2241 2494
2241 2495
2241 2496
2241 2497
2241 2498
2241 2499
2241 2500
2241 2501
2241 2502
2241 2503
2241 2504
2241 2505
2241 2506
2241 2507
2241 2508
2241 2509
2242 2510
2242 2511
2242 2512
2243 2513
2243 2514
2243 2515
2243 2516
2243 2517
2243 2518
2243 2519
2243 2520
2243 2521
2243 2522
2243 2523
2243 2524
2243 2525
2243 2526
2243 2527
2243 2528
2243 2529
2244 2530
2244 2531
2244 2532
2244 2533
2245 2534
2245 2535
2245 2536
2246 2537
2246 2538
2246 2539
2247 2540
2247 2541
2248 2542
2248 2543
2248 2544
2249 2545
2249 2546
2249 2547
2250 2548
2250 2549
2251 2550
2251 2551
2252 2552
2253 2553
2253 2554
2254 2555
2255 2556
2255 2557
2256 2557
2257 2558
2258 2559
2258 2560
2259 2561
2260 2562
2261 2562
2262 2563
2263 2564
2263 2565
2264 2566
2265 2566
2266 2567
2266 2568
2267 2569
2268 2570
2269 2571
2270 2572
2270 2573
2271 2574
2272 2575
2273 2576
2273 2577
2274 2578
2275 2579
2276 2580
2276 2581
2276 2582
2277 2582
2278 2583
2279 2584
2280 2585
2280 2586
2281 2587
2282 2588
2283 2589
2283 2590
2284 2591
2285 2592
2286 2593
2287 2594
2287 2595
2288 2596
2289 2597
2290 2598
2291 2599
2291 2600
2292 2601
2293 2602
2293 2603
2294 2604
2294 2605
2295 2606
2296 2607
2296 2608
2297 2609
2297 2610
2298 2611
2299 2612
2299 2613
2300 2614
2301 2614
2302 2615
2302 2616
2302 2617
2303 2618
2303 2619
2304 2620
2304 2621
2305 2622
2305 2623
2306 2624
2307 2625
2307 2626
2308 2627
2308 2628
2308 2629
2309 2630
2310 2631
2310 2632
2311 2633
2312 2634
2313 2634
2314 2635
2315 2636
2315 2637
2316 2638
2317 2638
2318 2639
2318 2640
2319 2641
2320 2641
2321 2642
2322 2643
2323 2644
2324 2644
2325 2645
2326 2646
2327 2647
2328 2647
2329 2648
2330 2648
2331 2649
2331 2650
2332 2650
2333 2651
2334 2652
2335 2653
2336 2653
2337 2654
2338 2655
2338 2656
2339 2657
2340 2657
2341 2658
2342 2659
2343 2660
2344 2660
2345 2661
2346 2661
2347 2662
2348 2663
2349 2663
2350 2664
2351 2664
2352 2664
2353 2665
2354 2665
2355 2665
2356 2665
2357 2665
2358 2665
2359 2666
2360 2666
2361 2666
2362 2666
2363 2667
2364 2667
2365 2667
2366 2667
2367 2667
2368 2667
2369 2667
2370 2667
2371 2667
2372 2667
2373 2667
2374 2667
2375 2668
2376 2668
2377 2668
2378 2668
2379 2669
2380 2669
2381 2670
2382 2670
2383 2670
2384 2670
2385 2671
2385 2672
2386 2672
2387 2672
2388 2672
2389 2673
2390 2673
2391 2673
2392 2673
2393 2673
2394 2673
2395 2674
2396 2674
2397 2674
2398 2674
2399 2675
2400 2675
2401 2676
2402 2676
2403 2676
2404 2676
2405 2677
2406 2677
2407 2677
2408 2677
2409 2677
2410 2677
2411 2677
2412 2677
2413 2677
2414 2677
2415 2678
2416 2678
2417 2678
2418 2678
2419 2679
2420 2679
2421 2680
2422 2680
2423 2680
2424 2680
2425 2681
2426 2681
2427 2682
2428 2682
2429 2682
2430 2682
2431 2683
2432 2683
2433 2683
2434 2683
2435 2683
2436 2683
2437 2684
2438 2684
2439 2684
2440 2684
2441 2685
2442 2685
2443 2685
2444 2685
2445 2685
2446 2685
2447 2686
2448 2686
2449 2686
2450 2686
2451 2687
2452 2687
2453 2687
2454 2687
2455 2688
2456 2688
2457 2688
2458 2688
2459 2689
2460 2689
2461 2689
2462 2689
2463 2689
2464 2689
2465 2689
2466 2689
2467 2689
2468 2689
2469 2689
2470 2689
2471 2689
2472 2689
2473 2689
2474 2689
2475 2689
2476 2689
2477 2689
2478 2689
2479 2689
2480 2689
2481 2689
2482 2689
2483 2689
2484 2689
2485 2689
2486 2689
2487 2689
2488 2689
2489 2689
2490 2689
2491 2689
2492 2689
2493 2689
2494 2689
2495 2689
2496 2689
2497 2689
2498 2689
2499 2689
2500 2689
2501 2689
2502 2689
2503 2689
2504 2689
2505 2689
2506 2689
2507 2689
2508 2689
2509 2689
2510 2689
2511 2689
2512 2689
2513 2689
2514 2689
2515 2689
2516 2689
2517 2689
2518 2689
2519 2689
2520 2689
2521 2689
2522 2689
2523 2689
2524 2689
2525 2689
2526 2689
2527 2689
2528 2689
2529 2689
2530 2689
2531 2689
2532 2689
2533 2689
2534 2689
2535 2689
2536 2689
2537 2689
2538 2689
2539 2689
2540 2689
2541 2689
2542 2689
2543 2689
2544 2689
2545 2689
2546 2689
2547 2689
2548 2689
2549 2689
2550 2689
2551 2688
2552 2688
2553 2688
2554 2688
2555 2687
2556 2687
2557 2686
2558 2686
2559 2686
2560 2686
2560 2685
2561 2684
2562 2684
2563 2684
2564 2684
2564 2683
2565 2682
2566 2682
2567 2682
2567 2681
2568 2680
2569 2680
2570 2679
2571 2678
2572 2677
2573 2677
2574 2676
2575 2676
2576 2675
2577 2674
2578 2673
2579 2673
2580 2672
2581 2672
2582 2672
2583 2671
2584 2671
2585 2671
2586 2671
2587 2671
2588 2670
2589 2670
2590 2669
2591 2668
2592 2668
2593 2667
2594 2666
2595 2665
2596 2665
2596 2664
2597 2663
2598 2663
2598 2662
2599 2661
2600 2661
2600 2660
2601 2659
2602 2659
2602 2658
2603 2657
2603 2656
2604 2655
2605 2654
2606 2653
2606 2652
2607 2651
2608 2650
2609 2649
2610 2648
2610 2647
2610 2646
2611 2645
2611 2644
2611 2643
2611 2642
2612 2641
2612 2640
2613 2639
2613 2638
2613 2637
2613 2636
2614 2635
2614 2634
2614 2633
2615 2632
2616 2631
2616 2630
2617 2629
2618 2628
2618 2627
2619 2626
2619 2625
2619 2624
2620 2623
2621 2623
2621 2622
2622 2621
2622 2620
2623 2619
2624 2618
2624 2617
2625 2616
2625 2615
2625 2614
2626 2613
2626 2612
2626 2611
2626 2610
2626 2609
2626 2608
2627 2607
2627 2606
2627 2605
2627 2604
2628 2603
2628 2602
2628 2601
2628 2600
2628 2599
2628 2598
2628 2597
2628 2596
2629 2595
2629 2594
2629 2593
2629 2592
2630 2591
2630 2590
2631 2589
2631 2588
2632 2587
2632 2586
2633 2585
2633 2584
2634 2583
2634 2582
2635 2581
2635 2580
2636 2579
2636 2578
2637 2577
2638 2576
2638 2575
2638 2574
2638 2573
2638 2572
2638 2571
2638 2570
2638 2569
2639 2568
2639 2567
2640 2566
2640 2565
2641 2564
2641 2563
2641 2562
2642 2561
2642 2560
2643 2559
2643 2558
2643 2557
2643 2556
2644 2555
2644 2554
2644 2553
2645 2552
2646 2551
2646 2550
2647 2549
2648 2548
2648 2547
2649 2546
2649 2545
2649 2544
2650 2543
2651 2543
2651 2542
2651 2541
2651 2540
2652 2539
2652 2538
2653 2537
2653 2536
2653 2535
2653 2534
2654 2533
2654 2532
2654 2531
2654 2530
2654 2529
2654 2528
2654 2527
2654 2526
2654 2525
2654 2524
2654 2523
2654 2522
2654 2521
2654 2520
2654 2519
2654 2518
2655 2517
2655 2516
2655 2515
2655 2514
2656 2513
2656 2512
2656 2511
2656 2510
2656 2509
2656 2508
2656 2507
2656 2506
2657 2505
2657 2504
2657 2503
2657 2502
2658 2501
2658 2500
2658 2499
2658 2498
2658 2497
2658 2496
2658 2495
2658 2494
2658 2493
2658 2492
2659 2491
2659 2490
2659 2489
2659 2488
2660 2487
2660 2486
2660 2485
2660 2484
2660 2483
2660 2482
2660 2481
2660 2480
2660 2479
2660 2478
2660 2477
2660 2476
2661 2475
2661 2474
2661 2473
2661 2472
2662 2471
2662 2470
2662 2469
2662 2468
2662 2467
2662 2466
2662 2465
2662 2464
2662 2463
2662 2462
2662 2461
2662 2460
2662 2459
2662 2458
2662 2457
2662 2456
2662 2455
2662 2454
2663 2453
2663 2452
2663 2451
2663 2450
2664 2449
2664 2448
2664 2447
2664 2446
2664 2445
2664 2444
2665 2443
2665 2442
2665 2441
2666 2440
2667 2439
2667 2438
2668 2437
2668 2436
2668 2435
2668 2434
2668 2433
2668 2432
2668 2431
2668 2430
2669 2429
2669 2428
2669 2427
2669 2426
2670 2425
2670 2424
2670 2423
2670 2422
2670 2421
2670 2420
2670 2419
2670 2418
2670 2417
2670 2416
2670 2415
2670 2414
2670 2413
2670 2412
2669 2411
2669 2410
2669 2409
2669 2408
2668 2407
2668 2406
2668 2405
2668 2404
2668 2403
2668 2402
2667 2401
2667 2400
2667 2399
2667 2398
2666 2397
2666 2396
2666 2395
2666 2394
2666 2393
2666 2392
2666 2391
2666 2390
2666 2389
2666 2388
2665 2387
2665 2386
2665 2385
2665 2384
2664 2383
2664 2382
2664 2381
2664 2380
2663 2379
2663 2378
2663 2377
2662 2376
2662 2375
2662 2374
2662 2373
2662 2372
2662 2371
2662 2370
2662 2369
2662 2368
2662 2367
2662 2366
2662 2365
2662 2364
2662 2363
2662 2362
2662 2361
2662 2360
2662 2359
2662 2358
2662 2357
2662 2356
2662 2355
2662 2354
2662 2353
2662 2352
2662 2351
2662 2350
2662 2349
2662 2348
2662 2347
2662 2346
2662 2345
2662 2344
2662 2343
2662 2342
2662 2341
2662 2340
2662 2339
2662 2338
2662 2337
2662 2336
2662 2335
2662 2334
2662 2333
2662 2332
2662 2331
2662 2330
2662 2329
2662 2328
2662 2327
2662 2326
2662 2325
2662 2324
2661 2323
2661 2322
2661 2321
2661 2320
2660 2319
2660 2318
2660 2317
2660 2316
2659 2315
2659 2314
2659 2313
2659 2312
2658 2311
2658 2310
2658 2309
2658 2308
2658 2307
2658 2306
2658 2305
2658 2304
2658 2303
2658 2302
2658 2301
2658 2300
2658 2299
2658 2298
2658 2297
2658 2296
2658 2295
2658 2294
2658 2293
2658 2292
2658 2291
2658 2290
2658 2289
2657 2288
2657 2287
2657 2286
2656 2285
2656 2284
2656 2283
2656 2282
2656 2281
2656 2280
2656 2279
2656 2278
2655 2277
2655 2276
2655 2275
2654 2274
2654 2273
2653 2272
2653 2271
2653 2270
2652 2269
2652 2268
2652 2267
2652 2266
2652 2265
2652 2264
2652 2263
2652 2262
2652 2261
2652 2260
2652 2259
2652 2258
2652 2257
2652 2256
2652 2255
2652 2254
2652 2253
2652 2252
2652 2251
2652 2250
2652 2249
2652 2248
2652 2247
2652 2246
2652 2245
2652 2244
2652 2243
2652 2242
2652 2241
2652 2240
2652 2239
2652 2238
2652 2237
2652 2236
2651 2235
2651 2234
2650 2233
2650 2232
2649 2231
2649 2230
2648 2229
2648 2228
2648 2227
2648 2226
2647 2225
2647 2224
2647 2223
2646 2222
2646 2221
2645 2220
2645 2219
2645 2218
2644 2217
2644 2216
2643 2215
2643 2214
2643 2213
2643 2212
2642 2211
2642 2210
2642 2209
2641 2208
2640 2207
2639 2206
2639 2205
2638 2204
2638 2203
2637 2202
2636 2201
2636 2200
2635 2199
2635 2198
2634 2197
2634 2196
2633 2195
2633 2194
2633 2193
2632 2192
2632 2191
2632 2190
2631 2189
2631 2188
2630 2187
2630 2186
2629 2185
2629 2184
2628 2183
2628 2182
2627 2181
2627 2180
2626 2179
2625 2179
2624 2178
2624 2177
2623 2177
2622 2176
2621 2175
2620 2175
2619 2174
2618 2174
2617 2173
2616 2172
2615 2172
2614 2171
2613 2170
2613 2169
2612 2168
2611 2167
2610 2166
2610 2165
2609 2164
2609 2163
2608 2163
2607 2162
2607 2161
2606 2160
2605 2159
2604 2159
2603 2158
2602 2157
2602 2156
2601 2155
2600 2155
2599 2154
2598 2153
2597 2153
2596 2152
2595 2152
2594 2151
2593 2151
2592 2151
2591 2150
2590 2149
2589 2149
2588 2148
2587 2148
2586 2147
2585 2147
2584 2147
2583 2147
2582 2146
2581 2146
2580 2146
2579 2146
2578 2145
2577 2145
2576 2144
2575 2144
2574 2143
2573 2143
2572 2142
2571 2142
2570 2142
2569 2142
2568 2141
2567 2141
2566 2141
2565 2140
2564 2139
2563 2139
2562 2139
2561 2139
2560 2138
2560 2137
2559 2137
2558 2137
2557 2137
2556 2136
2555 2136
2554 2135
2553 2135
2552 2135
2551 2135
2550 2134
2549 2134
2548 2134
2547 2134
2546 2134
2545 2134
2544 2134
2543 2134
2542 2134
2541 2134
2540 2134
2539 2134
2538 2134
2537 2134
2536 2134
2535 2134
2534 2134
2533 2134
2532 2134
2531 2134
