1319 2674
1318 2675
1317 2675
1316 2675
1315 2675
1314 2676
1313 2676
1312 2676
1311 2676
1310 2676
1309 2676
1308 2676
1307 2676
1306 2676
1305 2676
1304 2676
1303 2676
1302 2676
1301 2676
1300 2676
1299 2676
1298 2676
1297 2677
1296 2677
1295 2678
1294 2678
1293 2679
1292 2680
1291 2680
1290 2681
1289 2681
1288 2682
1287 2682
1286 2682
1285 2682
1284 2683
1283 2683
1282 2684
1281 2684
1280 2685
1279 2686
1278 2686
1277 2687
1276 2687
1275 2688
1274 2689
1273 2689
1273 2690
1272 2691
1271 2691
1270 2692
1269 2692
1269 2693
1268 2694
1267 2695
1266 2695
1265 2696
1264 2697
1263 2698
1262 2699
1261 2700
1260 2700
1260 2701
1259 2702
1258 2703
1257 2703
1257 2704
1256 2705
1255 2705
1254 2705
1253 2706
1252 2706
1251 2707
1250 2708
1249 2709
1248 2710
1247 2711
1246 2712
1245 2713
1244 2713
1243 2714
1242 2714
1241 2715
1240 2716
1239 2716
1239 2717
1238 2718
1237 2718
1236 2719
1235 2720
1234 2721
1234 2722
1233 2723
1232 2724
1231 2724
1231 2725
1230 2726
1229 2727
1228 2728
1228 2729
1227 2730
1227 2731
1226 2732
1225 2733
1225 2734
1224 2735
1223 2736
1222 2737
1222 2738
1221 2739
1220 2739
1219 2740
1219 2741
1218 2742
1217 2743
1216 2743
1216 2744
1215 2745
1214 2745
1214 2746
1213 2747
1213 2748
1212 2749
1211 2750
1210 2751
1209 2752
1208 2753
1207 2754
1207 2755
1206 2756
1205 2757
1205 2758
1204 2759
1204 2760
1203 2761
1203 2762
1202 2763
1202 2764
1201 2765
1201 2766
1200 2767
1200 2768
1200 2769
1199 2770
1198 2770
1198 2771
1198 2772
1198 2773
1197 2774
1197 2775
1196 2776
1196 2777
1196 2778
1195 2779
1195 2780
1194 2781
1193 2782
1192 2783
1192 2784
1191 2785
1190 2785
1190 2786
1190 2787
1189 2788
1189 2789
1188 2790
1188 2791
1188 2792
1187 2793
1187 2794
1187 2795
1186 2796
1186 2797
1186 2798
1185 2799
1185 2800
1184 2801
1184 2802
1183 2803
1182 2804
1182 2805
1182 2806
1181 2807
1181 2808
1180 2809
1180 2810
1180 2811
1179 2812
1179 2813
1179 2814
1179 2815
1178 2816
1178 2817
1178 2818
1178 2819
1177 2820
1177 2821
1177 2822
1177 2823
1176 2824
1176 2825
1176 2826
1176 2827
1175 2828
1175 2829
1175 2830
1175 2831
1175 2832
1175 2833
1175 2834
1175 2835
1175 2836
1175 2837
1175 2838
1175 2839
1175 2840
1175 2841
1175 2842
1175 2843
1176 2844
1176 2845
1176 2846
1176 2847
1177 2848
1177 2849
1177 2850
1177 2851
1177 2852
1177 2853
1177 2854
1177 2855
1177 2856
1177 2857
1178 2858
1178 2859
1178 2860
1178 2861
1179 2862
1179 2863
1179 2864
1179 2865
1179 2866
1179 2867
1179 2868
1179 2869
1179 2870
1180 2871
1181 2872
1181 2873
1182 2874
1183 2875
1183 2876
1184 2877
1184 2878
1184 2879
1184 2880
1183 2881
1183 2882
1182 2883
1181 2884
1181 2885
1181 2886
1182 2887
1183 2888
1183 2889
1183 2890
1183 2891
1183 2892
1184 2893
1183 2894
1183 2895
1183 2896
1183 2897
1184 2898
1184 2899
1184 2900
1184 2901
1185 2902
1185 2903
1185 2904
1186 2905
1187 2906
1187 2907
1188 2908
1188 2909
1189 2910
1190 2911
1191 2912
1191 2913
1192 2914
1193 2915
1194 2915
1195 2916
1195 2917
1196 2917
1197 2918
1197 2919
1198 2920
1198 2921
1199 2922
1199 2923
1200 2924
1200 2925
1201 2926
1201 2927
1202 2928
1202 2929
1203 2930
1203 2931
1204 2932
1204 2933
1205 2934
1206 2935
1206 2936
1207 2937
1208 2937
1209 2938
1210 2939
1211 2940
1212 2940
1213 2941
1214 2942
1215 2943
1216 2944
1217 2945
1217 2946
1217 2947
1218 2948
1218 2949
1219 2950
1219 2951
1220 2952
1220 2953
1221 2953
1222 2954
1222 2955
1222 2956
1222 2957
1223 2958
1223 2959
1224 2960
1224 2961
1225 2962
1226 2963
1226 2964
1227 2965
1228 2966
1229 2966
1230 2967
1231 2968
1232 2968
1233 2969
1233 2970
1234 2970
1235 2971
1236 2971
1237 2972
1237 2973
1238 2974
1239 2974
1240 2975
1240 2976
1241 2977
1242 2977
1243 2978
1244 2979
1245 2979
1246 2979
1247 2979
1248 2979
1249 2979
1250 2979
1251 2980
1252 2980
1253 2980
1254 2980
1255 2981
1256 2981
1257 2982
1258 2982
1259 2982
1260 2983
1260 2984
1261 2985
1262 2986
1263 2987
1264 2988
1265 2989
1266 2989
1267 2990
1267 2991
1268 2991
1269 2992
1269 2993
1270 2993
1271 2994
1272 2995
1273 2996
1274 2996
1275 2996
1276 2997
1277 2998
1278 2998
1279 2998
1280 2998
1281 2999
1282 2999
1283 3000
1284 3000
1285 3001
1286 3001
1287 3002
1288 3002
1289 3003
1289 3004
1290 3004
1291 3004
1292 3005
1293 3006
1294 3006
1295 3006
1296 3006
1297 3007
1297 3008
1298 3008
1299 3008
1300 3009
1301 3009
1302 3009
1303 3008
1304 3008
1305 3008
1306 3007
1307 3006
1308 3006
1309 3006
1310 3006
1311 3005
1312 3005
1313 3005
1314 3004
1315 3003
1316 3003
1317 3003
1318 3002
1319 3002
1320 3002
1320 3001
1321 3000
1322 3000
1323 3000
1324 3000
1325 2999
1326 2999
1327 3000
1328 3000
1329 3000
1330 3000
1331 3001
1332 3001
1333 3001
1334 3001
1335 3001
1336 3001
1337 3001
1338 3001
1339 3002
1340 3002
1341 3002
1342 3002
1343 3003
1344 3003
1345 3003
1346 3003
1347 3003
1348 3003
1349 3003
1350 3003
1351 3003
1352 3002
1353 3003
1354 3002
1355 3001
1356 3001
1357 3001
1358 3001
1359 3000
1360 3000
1361 2999
1362 2999
1363 2999
1364 2999
1365 2998
1366 2998
1367 2998
1368 2998
1369 2997
1370 2997
1371 2997
1372 2997
1373 2997
1374 2997
1375 2997
1376 2997
1377 2997
1378 2997
1379 2997
1380 2997
1381 2996
1382 2996
1383 2996
1384 2996
1385 2995
1386 2995
1387 2996
1388 2996
1389 2996
1390 2996
1391 2997
1392 2997
1393 2998
1394 2998
1395 2998
1396 2998
1397 2998
1398 2998
1399 2998
1400 2998
1401 2997
1402 2996
1403 2995
1404 2995
1405 2994
1406 2993
1407 2992
1408 2991
1409 2990
1410 2989
1411 2989
1412 2988
1413 2987
1414 2987
1415 2986
1416 2986
1416 2985
1417 2984
1418 2984
1419 2983
1420 2982
1421 2982
1422 2981
1423 2980
1424 2979
1425 2978
1426 2977
1427 2976
1427 2975
1428 2974
1429 2974
1430 2973
1430 2972
1431 2971
1432 2970
1433 2969
1434 2969
1435 2968
1436 2967
1437 2967
1438 2966
1439 2965
1440 2964
1441 2964
1442 2964
1443 2963
1444 2962
1445 2962
1446 2962
1446 2961
1447 2960
1448 2960
1449 2959
1449 2958
1450 2957
1450 2956
1451 2955
1451 2954
1452 2953
1452 2952
1453 2951
1454 2950
1454 2949
1454 2948
1455 2947
1455 2946
1455 2945
1456 2944
1456 2943
1457 2942
1458 2941
1459 2940
1459 2939
1460 2938
1461 2938
1461 2937
1462 2936
1463 2935
1464 2934
1464 2933
1465 2932
1466 2931
1466 2930
1467 2929
1467 2928
1468 2927
1469 2926
1469 2925
1469 2924
1470 2923
1471 2922
1471 2921
1472 2920
1472 2919
1473 2918
1473 2917
1473 2916
1474 2915
1474 2914
1474 2913
1474 2912
1475 2911
1475 2910
1475 2909
1475 2908
1476 2907
1476 2906
1476 2905
1476 2904
1476 2903
1476 2902
1476 2901
1476 2900
1477 2899
1477 2898
1477 2897
1478 2896
1478 2895
1479 2894
1479 2893
1480 2892
1480 2891
1481 2890
1481 2889
1481 2888
1482 2887
1482 2886
1482 2885
1482 2884
1483 2883
1483 2882
1484 2881
1485 2880
1485 2879
1485 2878
1486 2877
1486 2876
1486 2875
1486 2874
1487 2873
1487 2872
1487 2871
1487 2870
1488 2869
1488 2868
1488 2867
1487 2866
1487 2865
1486 2864
1485 2863
1485 2862
1484 2862
1483 2861
1483 2860
1483 2859
1483 2858
1482 2857
1482 2856
1482 2855
1482 2854
1482 2853
1482 2852
1482 2851
1481 2850
1480 2849
1479 2848
1479 2847
1478 2846
1477 2845
1476 2845
1475 2844
1474 2843
1474 2842
1473 2841
1473 2840
1472 2839
1472 2838
1473 2837
1473 2836
1474 2835
1474 2834
1475 2833
1475 2832
1476 2831
1476 2830
1476 2829
1476 2828
1475 2827
1475 2826
1474 2825
1474 2824
1473 2823
1473 2822
1472 2821
1472 2820
1472 2819
1471 2818
1471 2817
1470 2816
1469 2815
1468 2814
1468 2813
1467 2812
1466 2811
1466 2810
1465 2809
1465 2808
1464 2807
1464 2806
1464 2805
1464 2804
1464 2803
1464 2802
1464 2801
1464 2800
1464 2799
1464 2798
1464 2797
1464 2796
1464 2795
1464 2794
1464 2793
1464 2792
1464 2791
1464 2790
1463 2789
1463 2788
1463 2787
1462 2786
1462 2785
1461 2784
1461 2783
1460 2783
1459 2782
1458 2781
1458 2780
1457 2779
1456 2778
1456 2777
1455 2776
1455 2775
1455 2774
1454 2773
1454 2772
1454 2771
1453 2770
1452 2769
1452 2768
1451 2767
1451 2766
1450 2765
1449 2764
1449 2763
1449 2762
1448 2761
1448 2760
1447 2759
1447 2758
1447 2757
1447 2756
1446 2755
1446 2754
1446 2753
1445 2752
1445 2751
1445 2750
1444 2749
1444 2748
1444 2747
1444 2746
1444 2745
1444 2744
1443 2743
1443 2742
1443 2741
1443 2740
1442 2739
1442 2738
1442 2737
1442 2736
1441 2735
1441 2734
1441 2733
1440 2732
1440 2731
1439 2730
1439 2729
1439 2728
1438 2727
1438 2726
1438 2725
1438 2724
1437 2723
1437 2722
1437 2721
1436 2720
1435 2719
1434 2718
1434 2717
1433 2716
1433 2715
1432 2714
1431 2713
1431 2712
1430 2711
1430 2710
1429 2709
1429 2708
1428 2707
1428 2706
1427 2705
1427 2704
1426 2703
1426 2702
1425 2701
1425 2700
1424 2699
1423 2698
1422 2698
1421 2697
1420 2696
1419 2695
1418 2694
1417 2694
1416 2693
1415 2693
1414 2693
1413 2693
1412 2692
1411 2692
1410 2692
1409 2692
1408 2691
1407 2690
1406 2690
1405 2689
1404 2688
1403 2687
1402 2686
1401 2686
1400 2685
1399 2685
1398 2684
1397 2684
1396 2684
1395 2684
1394 2683
1393 2683
1392 2682
1391 2682
1390 2681
1389 2681
1388 2680
1387 2680
1386 2679
1385 2679
1384 2679
1383 2678
1382 2678
1381 2677
1380 2677
1379 2677
1378 2676
1377 2676
1376 2675
1375 2675
1374 2675
1373 2675
1372 2674
1371 2674
1370 2674
1369 2674
1368 2674
1367 2674
1366 2674
1365 2674
1364 2674
1363 2674
1362 2674
1361 2674
1360 2674
1359 2674
1358 2674
1357 2674
1356 2674
1355 2674
1354 2674
1353 2674
1352 2675
1351 2675
1350 2675
1349 2675
1348 2676
1347 2676
1346 2676
1345 2676
1344 2676
1343 2676
1342 2676
1341 2676
1340 2677
1339 2677
1338 2677
1337 2677
1336 2678
1335 2678
1334 2677
1333 2677
1332 2677
1331 2676
1330 2675
1329 2675
1328 2674
1327 2674
1326 2674
1325 2674
1324 2674
1323 2674
1322 2674
1321 2674
1320 2674
1319 2674
