246 1288
245 1289
244 1289
243 1290
242 1290
241 1290
241 1291
240 1292
239 1292
238 1292
237 1292
236 1293
235 1293
234 1293
233 1293
232 1293
231 1293
230 1294
229 1294
228 1294
227 1294
226 1295
225 1295
224 1296
223 1296
222 1296
221 1297
220 1297
219 1298
218 1298
217 1298
217 1299
216 1300
215 1300
214 1300
213 1300
212 1301
211 1301
210 1301
209 1301
208 1302
207 1302
206 1303
205 1304
204 1304
203 1305
202 1306
201 1306
201 1307
200 1308
199 1308
198 1309
197 1309
196 1310
195 1310
194 1311
193 1311
192 1312
191 1312
190 1313
189 1314
188 1315
187 1316
186 1317
185 1317
184 1318
183 1319
182 1319
181 1320
180 1321
179 1321
179 1322
178 1323
177 1323
176 1324
175 1325
174 1326
173 1326
172 1327
171 1327
170 1327
169 1327
168 1328
167 1328
166 1328
165 1329
164 1329
163 1330
162 1330
161 1330
160 1331
159 1331
158 1332
157 1332
156 1332
155 1332
154 1333
153 1333
152 1333
151 1333
150 1334
149 1335
148 1335
147 1336
146 1337
145 1338
144 1339
143 1339
143 1340
142 1341
141 1342
140 1343
140 1344
139 1345
138 1346
137 1347
136 1348
135 1348
134 1348
133 1348
132 1349
131 1349
130 1350
129 1350
128 1350
127 1350
126 1351
125 1351
124 1351
123 1351
122 1351
121 1352
120 1352
119 1353
118 1353
117 1354
116 1354
115 1354
114 1355
113 1356
112 1356
111 1356
111 1357
110 1358
109 1358
108 1358
107 1358
106 1359
105 1359
104 1359
103 1359
102 1360
101 1360
100 1361
99 1361
99 1362
98 1363
97 1363
96 1364
95 1365
94 1365
93 1366
92 1367
91 1367
90 1368
89 1368
88 1369
87 1370
86 1371
85 1372
84 1373
83 1374
82 1375
82 1376
82 1377
82 1378
81 1379
81 1380
80 1381
80 1382
79 1383
79 1384
78 1385
78 1386
77 1387
77 1388
77 1389
77 1390
77 1391
77 1392
77 1393
77 1394
76 1395
76 1396
76 1397
76 1398
75 1399
75 1400
75 1401
75 1402
74 1403
74 1404
75 1405
75 1406
74 1407
74 1408
74 1409
74 1410
74 1411
73 1412
73 1413
72 1414
72 1415
72 1416
71 1417
71 1418
71 1419
71 1420
71 1421
71 1422
71 1423
71 1424
71 1425
71 1426
71 1427
71 1428
70 1429
70 1430
70 1431
70 1432
69 1433
69 1434
69 1435
69 1436
68 1437
68 1438
68 1439
68 1440
67 1441
67 1442
67 1443
67 1444
67 1445
67 1446
67 1447
67 1448
67 1449
67 1450
67 1451
67 1452
68 1453
68 1454
68 1455
68 1456
69 1457
69 1458
69 1459
69 1460
69 1461
69 1462
69 1463
69 1464
68 1465
68 1466
68 1467
68 1468
67 1469
67 1470
68 1471
68 1472
68 1473
68 1474
69 1475
69 1476
69 1477
69 1478
69 1479
69 1480
69 1481
69 1482
68 1483
68 1484
68 1485
68 1486
67 1487
66 1488
66 1489
66 1490
66 1491
66 1492
66 1493
66 1494
67 1495
67 1496
67 1497
67 1498
67 1499
67 1500
68 1501
68 1502
68 1503
68 1504
69 1504
70 1505
70 1506
70 1507
70 1508
71 1509
71 1510
72 1511
72 1512
72 1513
72 1514
73 1515
73 1516
74 1517
74 1518
74 1519
74 1520
75 1521
75 1522
76 1523
76 1524
76 1525
76 1526
77 1527
78 1528
78 1529
79 1530
79 1531
80 1532
81 1533
81 1534
82 1534
83 1535
83 1536
84 1537
85 1538
86 1538
87 1539
87 1540
88 1541
89 1542
90 1542
91 1543
92 1544
93 1545
94 1545
95 1546
96 1547
96 1548
97 1549
98 1550
99 1551
100 1552
101 1553
102 1553
103 1554
104 1554
105 1555
106 1556
107 1557
108 1558
108 1559
108 1560
109 1561
110 1562
111 1563
112 1564
113 1565
114 1565
115 1566
116 1566
117 1567
118 1568
119 1569
120 1569
121 1570
121 1571
122 1571
123 1571
124 1571
125 1572
125 1573
126 1573
127 1573
128 1573
129 1574
129 1575
130 1575
131 1576
132 1576
133 1577
134 1577
135 1578
136 1578
137 1579
138 1579
139 1579
140 1580
141 1581
142 1582
143 1583
144 1584
145 1585
145 1586
146 1587
147 1588
148 1589
149 1590
150 1591
151 1592
152 1592
153 1593
153 1594
154 1594
155 1595
156 1596
157 1596
158 1597
159 1597
160 1597
161 1598
161 1599
162 1599
163 1600
164 1600
165 1601
166 1602
167 1602
168 1603
169 1603
170 1604
171 1605
172 1605
173 1605
174 1605
175 1606
176 1607
177 1607
178 1608
179 1608
180 1609
181 1610
182 1610
183 1611
184 1611
185 1612
186 1612
187 1613
188 1613
189 1613
190 1613
191 1614
192 1614
193 1615
194 1615
195 1615
196 1616
197 1616
198 1616
199 1616
200 1616
201 1616
202 1616
203 1616
204 1616
205 1616
206 1616
207 1617
208 1617
209 1617
210 1617
211 1618
212 1618
213 1619
214 1619
215 1620
216 1620
217 1621
217 1622
218 1622
219 1623
219 1624
220 1624
221 1625
222 1625
223 1626
224 1626
225 1626
226 1626
227 1626
228 1626
229 1627
230 1627
231 1627
232 1627
233 1628
233 1629
234 1629
235 1629
236 1630
237 1631
238 1631
239 1631
240 1631
241 1632
242 1632
243 1632
244 1632
245 1632
246 1632
247 1632
248 1632
249 1632
250 1632
251 1632
252 1632
253 1632
254 1632
255 1633
256 1633
257 1633
258 1633
259 1633
260 1633
261 1633
262 1633
263 1632
264 1632
265 1632
266 1632
267 1632
268 1632
269 1632
270 1632
271 1632
272 1632
273 1632
274 1632
275 1632
276 1632
277 1632
278 1632
279 1632
280 1632
281 1632
282 1632
283 1632
284 1632
285 1632
286 1632
287 1631
288 1631
289 1631
290 1630
291 1630
292 1630
293 1630
294 1630
295 1630
296 1630
297 1630
298 1630
299 1630
300 1630
301 1630
302 1630
303 1630
304 1630
305 1630
306 1630
307 1630
308 1630
309 1630
310 1630
311 1630
312 1630
313 1629
314 1629
315 1629
316 1629
317 1628
318 1628
319 1628
320 1628
321 1628
322 1628
323 1627
324 1627
325 1626
326 1626
327 1625
328 1625
328 1624
329 1623
330 1622
330 1621
331 1620
332 1619
333 1618
334 1617
335 1616
336 1615
336 1614
337 1613
338 1612
338 1611
339 1610
339 1609
340 1608
340 1607
340 1606
340 1605
340 1604
340 1603
340 1602
340 1601
340 1600
340 1599
340 1598
340 1597
340 1596
340 1595
340 1594
340 1593
341 1592
341 1591
341 1590
341 1589
342 1588
342 1587
343 1586
343 1585
344 1584
344 1583
345 1582
345 1581
346 1580
346 1579
347 1578
347 1577
347 1576
348 1575
348 1574
348 1573
348 1572
348 1571
348 1570
348 1569
348 1568
348 1567
348 1566
348 1565
348 1564
348 1563
348 1562
348 1561
348 1560
348 1559
348 1558
348 1557
347 1556
347 1555
347 1554
347 1553
346 1552
346 1551
345 1550
345 1549
344 1548
344 1547
343 1546
343 1545
342 1544
342 1543
342 1542
342 1541
342 1540
342 1539
342 1538
342 1537
343 1536
343 1535
344 1534
344 1533
345 1532
345 1531
346 1530
346 1529
346 1528
346 1527
346 1526
346 1525
346 1524
346 1523
346 1522
346 1521
346 1520
346 1519
347 1518
347 1517
347 1516
347 1515
348 1514
348 1513
348 1512
348 1511
349 1510
349 1509
349 1508
349 1507
350 1506
350 1505
351 1504
351 1503
351 1502
352 1501
352 1500
352 1499
352 1498
352 1497
353 1496
353 1495
354 1494
355 1493
356 1492
357 1491
358 1490
358 1489
359 1488
359 1487
360 1486
360 1485
361 1484
362 1483
362 1482
363 1481
363 1480
363 1479
364 1478
364 1477
364 1476
364 1475
364 1474
364 1473
363 1472
363 1471
363 1470
363 1469
362 1468
362 1467
363 1466
363 1465
363 1464
363 1463
363 1462
363 1461
363 1460
363 1459
362 1458
361 1457
361 1456
361 1455
360 1454
360 1453
360 1452
360 1451
360 1450
360 1449
359 1448
359 1447
359 1446
359 1445
358 1444
358 1443
358 1442
358 1441
358 1440
358 1439
357 1438
357 1437
357 1436
357 1435
356 1434
356 1433
356 1432
356 1431
356 1430
356 1429
356 1428
356 1427
356 1426
356 1425
356 1424
356 1423
355 1422
355 1421
355 1420
355 1419
354 1418
354 1417
354 1416
354 1415
354 1414
354 1413
354 1412
354 1411
354 1410
354 1409
354 1408
354 1407
354 1406
354 1405
354 1404
354 1403
354 1402
354 1401
354 1400
354 1399
354 1398
354 1397
354 1396
354 1395
354 1394
353 1393
353 1392
353 1391
352 1390
352 1389
352 1388
352 1387
352 1386
352 1385
352 1384
352 1383
352 1382
352 1381
352 1380
352 1379
351 1378
351 1377
351 1376
350 1375
350 1374
350 1373
350 1372
350 1371
349 1370
349 1369
349 1368
349 1367
348 1366
348 1365
348 1364
348 1363
347 1362
347 1361
346 1360
346 1359
345 1358
345 1357
344 1356
344 1355
343 1354
343 1353
343 1352
342 1351
341 1350
341 1349
341 1348
341 1347
340 1346
340 1345
340 1344
340 1343
339 1342
339 1341
339 1340
339 1339
338 1338
338 1337
337 1336
337 1335
337 1334
337 1333
336 1332
336 1331
335 1330
335 1329
335 1328
335 1327
334 1326
334 1325
333 1324
332 1323
331 1322
330 1321
329 1320
328 1319
328 1318
327 1317
326 1316
326 1315
325 1315
324 1314
323 1313
322 1313
321 1313
320 1312
319 1312
318 1312
317 1312
316 1311
315 1311
314 1310
313 1310
312 1310
311 1309
310 1309
309 1308
308 1307
307 1307
306 1306
306 1305
305 1305
304 1304
304 1303
303 1303
302 1302
301 1301
300 1300
299 1300
298 1300
297 1300
296 1299
295 1299
294 1299
293 1299
292 1298
291 1298
290 1298
289 1298
288 1297
288 1296
287 1296
286 1296
285 1295
284 1295
283 1295
282 1295
281 1295
280 1295
279 1295
278 1295
277 1295
276 1295
275 1295
274 1294
273 1294
272 1294
271 1294
270 1293
269 1293
268 1292
267 1292
266 1292
265 1292
264 1291
264 1290
263 1290
262 1290
261 1290
260 1289
259 1289
258 1289
257 1289
256 1289
255 1289
254 1289
253 1289
252 1288
251 1288
250 1288
249 1288
248 1288
247 1288
246 1288
