572 1575
571 1576
570 1576
569 1576
568 1576
567 1577
566 1577
565 1577
564 1577
563 1578
562 1578
561 1578
560 1579
559 1579
558 1580
557 1580
556 1580
555 1581
554 1582
553 1582
552 1583
551 1584
550 1584
549 1585
548 1585
547 1586
546 1586
545 1586
544 1587
543 1587
542 1587
541 1587
540 1587
539 1587
538 1587
537 1587
536 1588
535 1589
534 1589
533 1590
532 1591
531 1592
531 1593
530 1594
529 1594
528 1595
527 1596
526 1597
526 1598
525 1599
524 1600
524 1601
523 1602
523 1603
523 1604
522 1605
521 1605
521 1606
520 1607
520 1608
519 1609
518 1610
517 1610
516 1611
516 1612
515 1613
514 1614
514 1615
514 1616
514 1617
514 1618
514 1619
514 1620
514 1621
514 1622
514 1623
514 1624
514 1625
514 1626
513 1627
513 1628
513 1629
512 1630
512 1631
511 1632
511 1633
510 1634
509 1635
509 1636
508 1637
508 1638
507 1639
507 1640
507 1641
506 1642
506 1643
506 1644
506 1645
506 1646
506 1647
506 1648
506 1649
506 1650
506 1651
506 1652
506 1653
506 1654
506 1655
505 1656
506 1657
506 1658
506 1659
506 1660
506 1661
506 1662
506 1663
507 1664
506 1665
506 1666
506 1667
506 1668
506 1669
506 1670
506 1671
507 1672
508 1673
508 1674
509 1674
510 1675
510 1676
511 1677
511 1678
512 1679
513 1680
513 1681
513 1682
514 1683
514 1684
514 1685
514 1686
515 1687
515 1688
516 1689
516 1690
517 1691
518 1692
519 1693
520 1694
520 1695
521 1696
521 1697
522 1697
523 1698
524 1699
524 1700
525 1700
526 1701
526 1702
527 1703
528 1703
529 1704
529 1705
529 1706
530 1707
531 1708
531 1709
531 1710
532 1710
533 1711
533 1712
533 1713
534 1714
535 1715
536 1716
536 1717
537 1718
538 1719
539 1720
539 1721
540 1722
541 1722
542 1723
543 1724
543 1725
544 1726
545 1726
546 1727
547 1728
548 1728
549 1729
550 1730
551 1730
552 1731
552 1732
553 1732
554 1733
554 1734
555 1734
556 1735
556 1736
557 1736
558 1737
558 1738
559 1738
560 1739
561 1739
562 1740
563 1741
564 1741
565 1741
566 1742
567 1743
568 1743
569 1744
570 1744
571 1744
572 1745
573 1745
574 1745
575 1746
576 1746
577 1747
578 1747
579 1747
580 1748
581 1748
582 1749
583 1749
584 1749
585 1750
586 1750
587 1751
588 1751
589 1752
590 1752
591 1753
592 1753
593 1753
594 1754
595 1754
596 1755
597 1755
598 1755
599 1755
600 1756
600 1757
601 1757
602 1757
603 1758
604 1758
605 1759
606 1760
607 1760
608 1761
609 1762
610 1763
611 1763
612 1764
613 1764
614 1765
615 1765
616 1766
617 1767
618 1767
619 1767
620 1768
621 1768
622 1768
623 1768
624 1767
625 1767
626 1766
627 1766
627 1765
628 1764
629 1763
629 1762
630 1761
631 1760
632 1759
632 1758
633 1757
634 1757
634 1756
635 1755
636 1755
637 1754
638 1753
639 1752
640 1752
641 1751
642 1751
643 1750
644 1749
645 1749
646 1749
647 1748
648 1747
649 1747
650 1746
651 1746
652 1745
653 1744
654 1743
655 1742
656 1741
657 1740
657 1739
657 1738
657 1737
657 1736
657 1735
657 1734
657 1733
657 1732
657 1731
657 1730
657 1729
657 1728
657 1727
657 1726
657 1725
657 1724
657 1723
657 1722
657 1721
657 1720
657 1719
658 1718
658 1717
658 1716
658 1715
659 1714
659 1713
659 1712
659 1711
659 1710
659 1709
659 1708
659 1707
659 1706
659 1705
659 1704
659 1703
659 1702
659 1701
659 1700
659 1699
659 1698
659 1697
659 1696
659 1695
659 1694
659 1693
659 1692
659 1691
659 1690
659 1689
660 1688
660 1687
660 1686
660 1685
661 1684
661 1683
661 1682
661 1681
661 1680
661 1679
661 1678
661 1677
661 1676
661 1675
661 1674
661 1673
661 1672
661 1671
661 1670
661 1669
661 1668
661 1667
661 1666
661 1665
661 1664
661 1663
661 1662
661 1661
661 1660
661 1659
661 1658
661 1657
661 1656
661 1655
660 1654
660 1653
660 1652
660 1651
659 1650
659 1649
659 1648
659 1647
659 1646
659 1645
659 1644
659 1643
659 1642
659 1641
659 1640
659 1639
658 1638
658 1637
658 1636
658 1635
657 1634
657 1633
657 1632
657 1631
657 1630
657 1629
657 1628
657 1627
657 1626
657 1625
657 1624
657 1623
657 1622
657 1621
657 1620
657 1619
657 1618
657 1617
657 1616
657 1615
656 1614
656 1613
656 1612
656 1611
655 1610
655 1609
655 1608
655 1607
654 1606
654 1605
654 1604
654 1603
653 1602
653 1601
652 1600
651 1599
651 1598
650 1598
649 1598
648 1598
647 1597
647 1596
646 1596
645 1596
644 1596
643 1595
642 1595
641 1594
640 1594
639 1594
638 1593
637 1593
636 1592
635 1592
634 1591
633 1590
632 1590
631 1590
630 1589
629 1589
628 1588
627 1588
626 1587
625 1587
624 1586
623 1585
622 1585
621 1584
620 1583
619 1583
618 1582
617 1582
616 1582
615 1581
614 1581
613 1581
612 1581
611 1581
610 1581
609 1581
608 1581
607 1580
606 1580
605 1580
604 1579
603 1579
602 1578
601 1578
600 1578
599 1577
598 1577
597 1577
596 1577
595 1577
594 1577
593 1576
592 1576
591 1576
590 1576
589 1575
588 1575
587 1575
586 1575
585 1575
584 1575
583 1575
582 1575
581 1575
580 1575
579 1575
578 1575
577 1575
576 1575
575 1575
574 1575
573 1575
572 1575
