220 1267
219 1268
218 1268
217 1269
216 1269
215 1270
214 1271
213 1272
212 1273
212 1274
211 1275
210 1275
210 1276
209 1277
208 1277
207 1278
206 1279
205 1280
204 1281
204 1282
203 1283
202 1283
202 1284
201 1285
200 1285
199 1286
198 1287
197 1288
196 1289
196 1290
195 1291
194 1291
194 1292
193 1293
192 1293
191 1294
190 1295
189 1295
188 1296
187 1296
186 1297
185 1297
184 1298
183 1298
182 1299
181 1300
180 1300
179 1300
178 1301
177 1302
176 1302
175 1303
174 1303
173 1304
172 1305
171 1306
170 1307
169 1307
168 1308
167 1309
166 1309
165 1310
164 1310
163 1311
162 1312
161 1312
160 1313
159 1313
158 1313
157 1314
156 1314
155 1314
155 1315
154 1316
153 1317
152 1317
151 1318
150 1319
149 1319
148 1320
147 1320
146 1321
145 1321
144 1322
143 1323
142 1323
141 1324
141 1325
140 1326
139 1327
138 1328
137 1328
137 1329
136 1330
135 1330
134 1331
134 1332
133 1333
132 1333
132 1334
131 1335
130 1336
129 1336
129 1337
129 1338
128 1339
128 1340
127 1341
127 1342
127 1343
127 1344
126 1345
126 1346
125 1347
125 1348
124 1349
124 1350
123 1351
122 1352
121 1353
120 1354
119 1354
118 1355
118 1356
117 1357
117 1358
116 1359
115 1360
114 1361
114 1362
113 1363
113 1364
112 1365
111 1366
111 1367
110 1368
109 1369
109 1370
109 1371
109 1372
108 1373
108 1374
108 1375
108 1376
108 1377
108 1378
108 1379
108 1380
108 1381
108 1382
108 1383
108 1384
107 1385
107 1386
107 1387
106 1388
106 1389
106 1390
105 1391
105 1392
105 1393
104 1394
103 1394
102 1395
102 1396
101 1397
100 1397
100 1398
99 1399
98 1400
97 1400
97 1401
96 1402
95 1402
94 1403
94 1404
93 1405
92 1406
91 1407
91 1408
90 1409
90 1410
90 1411
90 1412
90 1413
90 1414
89 1415
89 1416
88 1417
88 1418
87 1419
87 1420
86 1421
86 1422
86 1423
86 1424
85 1425
85 1426
84 1427
84 1428
83 1429
82 1430
82 1431
81 1432
81 1433
80 1434
79 1435
79 1436
78 1437
78 1438
77 1439
77 1440
76 1441
75 1441
75 1442
74 1443
74 1444
73 1445
72 1446
72 1447
71 1448
71 1449
70 1450
70 1451
69 1452
68 1453
67 1454
66 1455
66 1456
65 1457
65 1458
64 1459
63 1459
63 1460
63 1461
62 1462
61 1463
61 1464
60 1465
59 1466
58 1467
58 1468
57 1469
57 1470
56 1471
56 1472
55 1473
55 1474
55 1475
55 1476
54 1477
54 1478
54 1479
54 1480
54 1481
54 1482
54 1483
54 1484
54 1485
54 1486
54 1487
54 1488
54 1489
54 1490
54 1491
54 1492
54 1493
54 1494
54 1495
54 1496
54 1497
54 1498
54 1499
54 1500
54 1501
54 1502
54 1503
54 1504
54 1505
54 1506
54 1507
54 1508
54 1509
54 1510
53 1511
53 1512
53 1513
52 1514
52 1515
52 1516
52 1517
52 1518
52 1519
52 1520
53 1521
53 1522
53 1523
53 1524
54 1525
54 1526
54 1527
54 1528
54 1529
54 1530
53 1531
53 1532
53 1533
53 1534
52 1535
52 1536
52 1537
52 1538
52 1539
52 1540
52 1541
52 1542
51 1543
51 1544
51 1545
51 1546
50 1547
50 1548
49 1549
49 1550
48 1551
48 1552
47 1553
47 1554
46 1555
46 1556
45 1557
45 1558
45 1559
45 1560
44 1561
44 1562
43 1563
43 1564
43 1565
43 1566
42 1567
42 1568
42 1569
42 1570
42 1571
42 1572
42 1573
42 1574
42 1575
42 1576
42 1577
42 1578
42 1579
42 1580
41 1581
41 1582
41 1583
41 1584
40 1585
40 1586
40 1587
40 1588
40 1589
40 1590
40 1591
40 1592
40 1593
40 1594
40 1595
40 1596
40 1597
40 1598
40 1599
40 1600
40 1601
40 1602
41 1603
41 1604
41 1605
41 1606
42 1607
42 1608
42 1609
42 1610
42 1611
42 1612
42 1613
42 1614
42 1615
43 1616
43 1617
44 1618
45 1619
45 1620
46 1621
46 1622
47 1623
47 1624
47 1625
48 1626
48 1627
48 1628
48 1629
48 1630
48 1631
48 1632
48 1633
48 1634
48 1635
48 1636
48 1637
48 1638
48 1639
48 1640
48 1641
48 1642
49 1643
49 1644
49 1645
50 1646
50 1647
51 1648
51 1649
51 1650
52 1651
53 1652
53 1653
53 1654
54 1655
54 1656
54 1657
54 1658
54 1659
54 1660
54 1661
54 1662
54 1663
54 1664
55 1665
55 1666
55 1667
55 1668
56 1669
56 1670
57 1671
57 1672
57 1673
58 1674
59 1675
59 1676
59 1677
59 1678
60 1679
61 1680
61 1681
62 1682
62 1683
63 1684
64 1685
65 1686
65 1687
66 1687
67 1688
68 1689
68 1690
69 1691
70 1692
71 1693
71 1694
72 1694
73 1695
73 1696
74 1697
74 1698
75 1699
76 1699
77 1700
78 1701
79 1701
80 1702
81 1703
82 1703
83 1704
84 1704
85 1704
86 1705
87 1705
88 1706
89 1707
90 1707
91 1707
92 1708
93 1708
94 1709
95 1709
96 1709
97 1710
98 1711
99 1711
100 1711
101 1711
102 1712
103 1712
104 1712
105 1713
106 1713
107 1714
108 1715
109 1715
110 1715
111 1716
112 1716
113 1717
114 1718
115 1718
116 1719
117 1719
118 1720
119 1720
120 1720
121 1721
122 1722
123 1722
124 1723
125 1724
126 1724
127 1725
128 1726
129 1727
130 1727
131 1728
132 1729
132 1730
133 1730
134 1731
135 1732
136 1732
137 1733
138 1734
139 1734
140 1735
141 1735
142 1736
143 1736
144 1736
145 1737
146 1737
147 1737
148 1738
149 1738
150 1739
151 1739
152 1739
153 1740
154 1740
155 1741
156 1741
157 1741
158 1742
159 1742
160 1742
161 1742
162 1742
163 1742
164 1742
165 1742
166 1742
167 1742
168 1742
169 1742
170 1743
171 1743
172 1743
173 1743
174 1744
175 1744
176 1744
177 1744
178 1744
179 1744
180 1744
181 1744
182 1744
183 1744
184 1743
185 1743
186 1743
187 1743
188 1742
189 1742
190 1742
191 1742
192 1742
193 1742
194 1742
195 1742
196 1742
197 1742
198 1742
199 1742
200 1742
201 1742
202 1742
203 1742
204 1742
205 1742
206 1742
207 1742
208 1742
209 1742
210 1742
211 1742
212 1742
213 1742
214 1742
215 1742
216 1742
217 1742
218 1742
219 1742
220 1742
221 1742
222 1742
223 1742
224 1742
225 1743
226 1743
227 1744
228 1744
229 1745
230 1745
231 1745
232 1746
233 1746
234 1746
235 1746
236 1746
237 1746
238 1746
239 1746
240 1746
241 1746
242 1746
243 1746
244 1746
245 1746
246 1745
247 1744
248 1744
248 1743
249 1742
250 1741
251 1740
251 1739
252 1738
253 1738
253 1737
254 1736
255 1735
256 1734
257 1733
257 1732
258 1731
259 1730
260 1729
260 1728
261 1727
261 1726
262 1725
263 1724
263 1723
264 1722
264 1721
265 1720
266 1720
266 1719
266 1718
266 1717
267 1716
267 1715
268 1714
268 1713
268 1712
269 1711
270 1710
270 1709
270 1708
270 1707
271 1706
272 1705
272 1704
272 1703
273 1702
273 1701
274 1700
274 1699
275 1698
275 1697
276 1696
277 1695
277 1694
278 1693
279 1692
279 1691
280 1690
280 1689
281 1688
282 1688
282 1687
282 1686
282 1685
283 1684
283 1683
284 1682
284 1681
284 1680
284 1679
285 1678
285 1677
285 1676
285 1675
286 1674
286 1673
286 1672
287 1671
287 1670
287 1669
287 1668
287 1667
287 1666
287 1665
287 1664
287 1663
287 1662
287 1661
288 1660
288 1659
288 1658
288 1657
289 1656
289 1655
289 1654
289 1653
289 1652
289 1651
289 1650
289 1649
289 1648
289 1647
289 1646
289 1645
289 1644
289 1643
289 1642
289 1641
289 1640
289 1639
289 1638
289 1637
289 1636
289 1635
289 1634
289 1633
289 1632
289 1631
289 1630
289 1629
289 1628
289 1627
289 1626
289 1625
289 1624
289 1623
289 1622
289 1621
289 1620
289 1619
289 1618
289 1617
289 1616
289 1615
289 1614
289 1613
289 1612
289 1611
289 1610
289 1609
289 1608
289 1607
289 1606
289 1605
289 1604
289 1603
289 1602
289 1601
289 1600
289 1599
289 1598
289 1597
288 1596
288 1595
288 1594
288 1593
287 1592
287 1591
287 1590
287 1589
287 1588
287 1587
287 1586
287 1585
287 1584
287 1583
287 1582
287 1581
287 1580
287 1579
287 1578
287 1577
287 1576
287 1575
286 1574
286 1573
286 1572
286 1571
285 1570
285 1569
285 1568
285 1567
285 1566
285 1565
285 1564
285 1563
285 1562
285 1561
285 1560
285 1559
285 1558
285 1557
285 1556
285 1555
285 1554
285 1553
284 1552
284 1551
284 1550
284 1549
283 1548
283 1547
283 1546
283 1545
283 1544
283 1543
282 1542
282 1541
282 1540
282 1539
281 1538
281 1537
281 1536
281 1535
281 1534
281 1533
280 1532
280 1531
280 1530
280 1529
279 1528
279 1527
279 1526
279 1525
279 1524
279 1523
279 1522
279 1521
279 1520
279 1519
279 1518
279 1517
279 1516
279 1515
279 1514
279 1513
279 1512
279 1511
279 1510
279 1509
279 1508
279 1507
279 1506
279 1505
279 1504
279 1503
279 1502
279 1501
279 1500
279 1499
279 1498
279 1497
279 1496
279 1495
279 1494
279 1493
279 1492
279 1491
279 1490
279 1489
279 1488
279 1487
279 1486
279 1485
279 1484
279 1483
279 1482
279 1481
279 1480
279 1479
280 1478
280 1477
280 1476
280 1475
281 1474
281 1473
281 1472
281 1471
281 1470
281 1469
281 1468
281 1467
281 1466
281 1465
281 1464
281 1463
281 1462
281 1461
281 1460
281 1459
281 1458
281 1457
281 1456
281 1455
281 1454
281 1453
281 1452
281 1451
281 1450
281 1449
281 1448
281 1447
281 1446
281 1445
281 1444
281 1443
281 1442
281 1441
281 1440
281 1439
281 1438
281 1437
281 1436
281 1435
281 1434
281 1433
281 1432
281 1431
281 1430
281 1429
281 1428
281 1427
281 1426
281 1425
281 1424
281 1423
281 1422
281 1421
281 1420
281 1419
281 1418
281 1417
281 1416
281 1415
280 1414
280 1413
280 1412
280 1411
279 1410
279 1409
279 1408
279 1407
279 1406
279 1405
279 1404
279 1403
279 1402
279 1401
279 1400
279 1399
279 1398
279 1397
278 1396
278 1395
278 1394
278 1393
277 1392
277 1391
277 1390
277 1389
277 1388
277 1387
277 1386
277 1385
277 1384
277 1383
277 1382
277 1381
277 1380
277 1379
277 1378
277 1377
277 1376
277 1375
277 1374
277 1373
277 1372
277 1371
277 1370
277 1369
277 1368
277 1367
277 1366
277 1365
277 1364
277 1363
277 1362
277 1361
277 1360
277 1359
277 1358
277 1357
276 1356
276 1355
276 1354
276 1353
275 1352
275 1351
275 1350
275 1349
275 1348
275 1347
275 1346
275 1345
275 1344
275 1343
275 1342
275 1341
275 1340
275 1339
275 1338
275 1337
275 1336
275 1335
275 1334
275 1333
275 1332
275 1331
274 1330
274 1329
273 1328
272 1327
271 1326
270 1325
269 1324
269 1323
268 1322
268 1321
267 1320
267 1319
266 1318
266 1317
265 1316
265 1315
264 1314
264 1313
264 1312
264 1311
263 1311
262 1310
262 1309
261 1308
261 1307
260 1306
260 1305
259 1305
258 1304
258 1303
258 1302
258 1301
257 1301
256 1300
256 1299
256 1298
256 1297
255 1297
254 1296
254 1295
254 1294
254 1293
253 1292
252 1291
252 1290
252 1289
251 1289
250 1288
250 1287
250 1286
250 1285
249 1285
248 1284
248 1283
248 1282
248 1281
247 1281
246 1280
246 1279
245 1278
245 1277
244 1276
243 1275
243 1274
242 1273
241 1272
240 1271
239 1271
238 1271
237 1271
236 1271
235 1271
234 1271
233 1271
232 1271
231 1270
230 1270
229 1270
228 1270
227 1269
227 1268
226 1268
225 1268
224 1268
223 1267
222 1267
221 1267
220 1267
