1353 1348
1352 1349
1351 1349
1350 1349
1349 1349
1348 1350
1347 1350
1346 1350
1345 1350
1344 1350
1343 1350
1342 1350
1341 1350
1340 1351
1339 1351
1338 1351
1337 1351
1336 1352
1335 1352
1334 1353
1333 1353
1332 1353
1331 1353
1330 1354
1329 1354
1328 1355
1327 1355
1326 1355
1325 1355
1324 1356
1323 1356
1322 1356
1321 1356
1320 1357
1319 1357
1318 1357
1317 1358
1316 1358
1315 1359
1314 1359
1313 1359
1313 1360
1312 1361
1311 1361
1310 1362
1309 1362
1308 1363
1307 1364
1306 1364
1305 1365
1304 1366
1303 1366
1302 1367
1302 1368
1301 1369
1300 1370
1299 1371
1299 1372
1298 1373
1297 1374
1296 1375
1295 1376
1294 1377
1293 1377
1293 1378
1292 1379
1291 1379
1290 1379
1289 1380
1288 1381
1287 1381
1286 1381
1285 1381
1284 1382
1283 1382
1282 1383
1281 1383
1280 1383
1279 1383
1278 1384
1277 1384
1276 1385
1275 1385
1274 1386
1273 1387
1272 1388
1271 1388
1271 1389
1270 1390
1269 1391
1268 1392
1268 1393
1267 1394
1267 1395
1266 1396
1265 1396
1264 1397
1264 1398
1263 1399
1262 1399
1261 1400
1260 1401
1259 1402
1258 1402
1257 1403
1256 1404
1255 1405
1255 1406
1255 1407
1255 1408
1255 1409
1255 1410
1255 1411
1254 1412
1254 1413
1253 1414
1252 1415
1251 1415
1251 1416
1250 1417
1249 1417
1248 1417
1247 1418
1246 1419
1246 1420
1245 1421
1244 1422
1243 1423
1243 1424
1242 1425
1242 1426
1241 1427
1241 1428
1240 1429
1240 1430
1240 1431
1239 1432
1239 1433
1238 1434
1238 1435
1237 1436
1237 1437
1236 1438
1235 1439
1235 1440
1234 1441
1234 1442
1233 1443
1232 1444
1232 1445
1232 1446
1231 1447
1231 1448
1230 1449
1230 1450
1229 1451
1228 1451
1228 1452
1228 1453
1227 1454
1227 1455
1227 1456
1227 1457
1226 1458
1226 1459
1226 1460
1225 1461
1225 1462
1224 1463
1224 1464
1223 1465
1223 1466
1222 1467
1221 1468
1221 1469
1220 1470
1220 1471
1219 1472
1219 1473
1218 1474
1218 1475
1218 1476
1217 1477
1217 1478
1216 1479
1216 1480
1216 1481
1215 1482
1215 1483
1214 1484
1214 1485
1213 1486
1213 1487
1212 1488
1212 1489
1211 1490
1211 1491
1211 1492
1211 1493
1210 1494
1210 1495
1210 1496
1209 1497
1209 1498
1209 1499
1208 1500
1208 1501
1208 1502
1208 1503
1207 1504
1207 1505
1207 1506
1207 1507
1207 1508
1207 1509
1207 1510
1207 1511
1207 1512
1207 1513
1207 1514
1207 1515
1207 1516
1207 1517
1207 1518
1207 1519
1207 1520
1207 1521
1207 1522
1207 1523
1207 1524
1207 1525
1207 1526
1207 1527
1207 1528
1207 1529
1208 1530
1208 1531
1208 1532
1208 1533
1209 1534
1209 1535
1209 1536
1209 1537
1209 1538
1209 1539
1209 1540
1209 1541
1209 1542
1209 1543
1209 1544
1209 1545
1208 1546
1208 1547
1208 1548
1208 1549
1207 1550
1206 1550
1206 1551
1206 1552
1206 1553
1205 1554
1204 1554
1204 1555
1204 1556
1204 1557
1203 1558
1203 1559
1202 1560
1202 1561
1201 1562
1200 1563
1200 1564
1199 1565
1199 1566
1198 1567
1197 1568
1196 1569
1196 1570
1196 1571
1195 1572
1194 1573
1194 1574
1194 1575
1193 1576
1193 1577
1192 1578
1192 1579
1192 1580
1192 1581
1191 1582
1191 1583
1191 1584
1191 1585
1191 1586
1191 1587
1191 1588
1191 1589
1190 1590
1190 1591
1190 1592
1190 1593
1189 1594
1189 1595
1189 1596
1189 1597
1189 1598
1189 1599
1189 1600
1189 1601
1188 1602
1188 1603
1188 1604
1188 1605
1187 1606
1187 1607
1187 1608
1187 1609
1186 1610
1186 1611
1186 1612
1186 1613
1185 1614
1185 1615
1185 1616
1185 1617
1185 1618
1185 1619
1185 1620
1185 1621
1185 1622
1185 1623
1186 1624
1186 1625
1186 1626
1186 1627
1187 1628
1187 1629
1186 1630
1186 1631
1186 1632
1185 1633
1185 1634
1185 1635
1186 1636
1186 1637
1186 1638
1186 1639
1187 1640
1187 1641
1187 1642
1187 1643
1188 1644
1188 1645
1188 1646
1188 1647
1189 1648
1189 1649
1189 1650
1189 1651
1189 1652
1189 1653
1189 1654
1189 1655
1190 1656
1190 1657
1190 1658
1190 1659
1191 1660
1191 1661
1192 1662
1192 1663
1192 1664
1193 1665
1193 1666
1194 1667
1194 1668
1194 1669
1195 1670
1195 1671
1195 1672
1196 1673
1196 1674
1196 1675
1197 1676
1197 1677
1197 1678
1197 1679
1198 1680
1198 1681
1198 1682
1199 1683
1200 1684
1200 1685
1201 1686
1201 1687
1201 1688
1202 1689
1202 1690
1203 1691
1203 1692
1204 1693
1204 1694
1204 1695
1205 1696
1205 1697
1205 1698
1205 1699
1205 1700
1205 1701
1206 1702
1206 1703
1206 1704
1206 1705
1207 1706
1207 1707
1207 1708
1207 1709
1207 1710
1208 1711
1209 1712
1209 1713
1210 1714
1211 1715
1212 1716
1212 1717
1212 1718
1212 1719
1213 1720
1213 1721
1213 1722
1214 1723
1215 1724
1215 1725
1216 1726
1216 1727
1217 1728
1217 1729
1218 1730
1218 1731
1218 1732
1218 1733
1219 1734
1220 1735
1220 1736
1220 1737
1221 1738
1222 1739
1223 1740
1223 1741
1224 1742
1225 1743
1226 1744
1227 1745
1227 1746
1228 1747
1228 1748
1228 1749
1229 1750
1230 1751
1230 1752
1231 1753
1232 1753
1233 1754
1234 1755
1235 1755
1236 1756
1237 1757
1238 1757
1239 1758
1240 1758
1241 1759
1241 1760
1242 1760
1243 1760
1244 1760
1245 1761
1245 1762
1246 1762
1247 1762
1248 1762
1249 1763
1249 1764
1250 1764
1251 1764
1252 1764
1253 1765
1254 1765
1255 1766
1256 1766
1257 1766
1258 1766
1259 1767
1260 1767
1261 1768
1262 1768
1263 1768
1264 1768
1265 1769
1266 1769
1267 1769
1268 1769
1269 1769
1270 1769
1271 1769
1272 1769
1273 1769
1274 1769
1275 1769
1276 1769
1277 1769
1278 1769
1279 1769
1280 1769
1281 1769
1282 1769
1283 1769
1284 1769
1285 1769
1286 1769
1287 1769
1288 1769
1289 1769
1290 1769
1291 1769
1292 1769
1293 1770
1294 1770
1295 1770
1296 1770
1297 1770
1298 1770
1299 1770
1300 1770
1301 1769
1302 1769
1303 1769
1304 1769
1305 1770
1306 1770
1307 1770
1308 1771
1309 1771
1310 1772
1311 1772
1312 1772
1313 1773
1314 1773
1315 1773
1316 1773
1317 1774
1318 1774
1319 1774
1320 1774
1321 1775
1322 1775
1323 1776
1324 1776
1325 1776
1326 1777
1327 1777
1328 1778
1329 1778
1330 1778
1331 1779
1332 1779
1333 1780
1334 1780
1335 1781
1336 1782
1337 1782
1338 1782
1339 1783
1340 1783
1341 1784
1342 1784
1343 1784
1344 1784
1345 1785
1346 1785
1347 1785
1348 1785
1349 1786
1350 1786
1351 1786
1352 1786
1353 1787
1354 1787
1355 1787
1356 1787
1357 1787
1358 1787
1359 1787
1360 1787
1361 1787
1362 1787
1363 1787
1364 1787
1365 1787
1366 1787
1367 1788
1368 1788
1369 1788
1370 1788
1371 1789
1372 1789
1373 1789
1374 1789
1375 1790
1376 1790
1377 1791
1378 1792
1379 1792
1380 1793
1381 1794
1382 1795
1383 1795
1384 1796
1385 1796
1386 1797
1387 1797
1388 1797
1389 1797
1390 1797
1391 1797
1392 1797
1393 1797
1394 1797
1395 1797
1396 1797
1397 1797
1398 1797
1399 1797
1400 1796
1401 1796
1402 1795
1403 1795
1404 1794
1405 1794
1406 1794
1407 1793
1408 1793
1409 1792
1410 1792
1411 1792
1412 1792
1413 1791
1414 1790
1415 1790
1416 1790
1417 1789
1418 1789
1419 1789
1420 1789
1421 1789
1422 1789
1423 1789
1424 1789
1425 1788
1426 1788
1427 1788
1428 1788
1429 1787
1430 1787
1431 1787
1432 1787
1433 1787
1434 1787
1435 1786
1436 1786
1437 1785
1438 1785
1439 1784
1440 1783
1441 1782
1442 1782
1442 1781
1443 1780
1444 1780
1445 1780
1446 1780
1447 1779
1448 1778
1449 1778
1450 1778
1451 1777
1452 1777
1453 1776
1454 1776
1455 1776
1456 1776
1456 1775
1457 1774
1458 1774
1459 1774
1460 1773
1461 1772
1462 1771
1463 1771
1464 1770
1465 1770
1466 1769
1467 1769
1468 1768
1469 1768
1470 1767
1471 1767
1472 1766
1473 1766
1474 1765
1475 1765
1476 1764
1477 1764
1478 1764
1479 1763
1480 1763
1481 1762
1482 1762
1483 1762
1484 1762
1485 1761
1486 1761
1487 1760
1488 1760
1489 1760
1490 1760
1491 1760
1492 1760
1493 1760
1494 1760
1495 1760
1496 1759
1497 1758
1498 1757
1499 1756
1499 1755
1500 1754
1501 1754
1501 1753
1502 1752
1503 1752
1504 1751
1505 1750
1506 1749
1507 1748
1508 1748
1509 1749
1509 1750
1509 1751
1510 1751
1511 1750
1510 1749
1510 1748
1511 1747
1512 1747
1513 1747
1514 1747
1515 1746
1516 1745
1517 1745
1518 1744
1519 1743
1520 1743
1520 1742
1521 1741
1522 1741
1522 1740
1523 1739
1524 1739
1525 1738
1526 1738
1527 1737
1528 1736
1529 1736
1529 1735
1530 1734
1531 1733
1532 1733
1532 1732
1533 1731
1534 1731
1535 1730
1535 1729
1536 1728
1537 1728
1537 1727
1538 1726
1539 1726
1539 1725
1540 1724
1541 1724
1541 1723
1542 1722
1543 1722
1543 1721
1544 1720
1545 1720
1546 1719
1546 1718
1547 1717
1547 1716
1548 1715
1549 1715
1550 1714
1551 1713
1552 1712
1553 1712
1554 1711
1555 1710
1555 1709
1556 1708
1557 1707
1558 1706
1558 1705
1559 1704
1560 1703
1561 1702
1562 1701
1562 1700
1563 1699
1564 1698
1565 1698
1566 1697
1566 1696
1567 1695
1568 1694
1568 1693
1569 1692
1569 1691
1569 1690
1570 1689
1570 1688
1571 1687
1571 1686
1571 1685
1571 1684
1572 1683
1572 1682
1572 1681
1572 1680
1573 1679
1573 1678
1573 1677
1574 1676
1574 1675
1575 1674
1575 1673
1575 1672
1576 1671
1576 1670
1576 1669
1576 1668
1577 1667
1577 1666
1577 1665
1577 1664
1578 1663
1578 1662
1578 1661
1578 1660
1579 1659
1579 1658
1579 1657
1579 1656
1580 1655
1581 1655
1581 1654
1581 1653
1581 1652
1582 1651
1582 1650
1583 1649
1583 1648
1583 1647
1584 1646
1584 1645
1585 1644
1586 1643
1586 1642
1587 1641
1587 1640
1588 1639
1588 1638
1588 1637
1588 1636
1589 1635
1589 1634
1589 1633
1589 1632
1590 1631
1590 1630
1590 1629
1590 1628
1590 1627
1590 1626
1590 1625
1590 1624
1590 1623
1590 1622
1590 1621
1590 1620
1590 1619
1590 1618
1590 1617
1591 1616
1591 1615
1591 1614
1592 1613
1592 1612
1592 1611
1592 1610
1592 1609
1592 1608
1592 1607
1592 1606
1592 1605
1592 1604
1592 1603
1592 1602
1592 1601
1592 1600
1592 1599
1592 1598
1592 1597
1592 1596
1592 1595
1592 1594
1592 1593
1592 1592
1592 1591
1592 1590
1592 1589
1592 1588
1592 1587
1592 1586
1592 1585
1592 1584
1592 1583
1592 1582
1592 1581
1592 1580
1591 1579
1591 1578
1591 1577
1590 1576
1590 1575
1590 1574
1590 1573
1590 1572
1590 1571
1590 1570
1590 1569
1590 1568
1590 1567
1590 1566
1590 1565
1590 1564
1590 1563
1590 1562
1590 1561
1590 1560
1590 1559
1590 1558
1590 1557
1590 1556
1590 1555
1590 1554
1590 1553
1590 1552
1590 1551
1590 1550
1590 1549
1590 1548
1590 1547
1590 1546
1590 1545
1591 1544
1591 1543
1591 1542
1592 1541
1592 1540
1592 1539
1592 1538
1592 1537
1592 1536
1592 1535
1592 1534
1591 1533
1591 1532
1591 1531
1591 1530
1590 1529
1590 1528
1590 1527
1590 1526
1590 1525
1590 1524
1590 1523
1590 1522
1590 1521
1590 1520
1590 1519
1590 1518
1590 1517
1590 1516
1590 1515
1590 1514
1590 1513
1590 1512
1590 1511
1590 1510
1590 1509
1590 1508
1590 1507
1590 1506
1590 1505
1590 1504
1590 1503
1590 1502
1590 1501
1590 1500
1590 1499
1590 1498
1590 1497
1590 1496
1590 1495
1590 1494
1590 1493
1590 1492
1589 1491
1589 1490
1589 1489
1588 1488
1588 1487
1587 1486
1587 1485
1587 1484
1586 1483
1585 1482
1585 1481
1584 1480
1583 1479
1582 1478
1581 1477
1581 1476
1580 1475
1580 1474
1579 1473
1578 1472
1578 1471
1577 1470
1576 1469
1576 1468
1575 1467
1574 1466
1574 1465
1573 1464
1572 1463
1572 1462
1571 1461
1570 1460
1569 1459
1568 1459
1567 1458
1566 1457
1565 1456
1564 1456
1563 1455
1562 1454
1561 1453
1560 1453
1559 1453
1558 1452
1558 1451
1557 1451
1556 1451
1555 1450
1554 1449
1553 1449
1552 1448
1551 1448
1550 1447
1549 1447
1548 1446
1547 1446
1546 1445
1545 1445
1544 1445
1543 1444
1542 1443
1541 1442
1540 1442
1539 1441
1538 1440
1537 1440
1536 1439
1536 1438
1535 1437
1534 1437
1533 1436
1532 1435
1531 1435
1530 1434
1529 1434
1528 1433
1527 1433
1526 1432
1525 1431
1524 1431
1523 1431
1522 1430
1521 1430
1520 1429
1519 1429
1518 1429
1517 1428
1516 1427
1515 1427
1514 1426
1513 1425
1512 1424
1511 1423
1511 1422
1511 1421
1510 1420
1509 1419
1508 1418
1507 1417
1506 1417
1505 1417
1504 1416
1504 1415
1503 1415
1502 1414
1501 1413
1500 1412
1499 1411
1498 1410
1498 1409
1497 1408
1496 1407
1495 1406
1494 1406
1493 1405
1492 1404
1491 1404
1490 1403
1489 1403
1488 1402
1488 1401
1487 1400
1486 1399
1486 1398
1485 1397
1485 1396
1485 1395
1485 1394
1484 1393
1483 1392
1483 1391
1482 1390
1482 1389
1481 1388
1480 1387
1479 1386
1478 1385
1477 1384
1476 1384
1475 1383
1474 1382
1473 1381
1472 1381
1471 1380
1470 1379
1469 1379
1468 1378
1467 1378
1466 1377
1466 1376
1465 1376
1464 1375
1463 1375
1462 1374
1462 1373
1461 1373
1460 1373
1459 1373
1458 1372
1457 1371
1456 1371
1455 1370
1454 1369
1453 1369
1452 1368
1451 1368
1450 1367
1449 1367
1448 1366
1448 1365
1447 1365
1446 1364
1445 1364
1444 1363
1443 1363
1442 1362
1442 1361
1441 1361
1440 1361
1439 1360
1438 1359
1437 1359
1436 1358
1435 1358
1434 1357
1433 1357
1432 1356
1431 1356
1430 1356
1429 1356
1428 1356
1427 1356
1426 1356
1425 1356
1424 1356
1423 1356
1422 1356
1421 1356
1420 1356
1419 1356
1418 1356
1417 1356
1416 1356
1415 1356
1414 1356
1413 1356
1412 1356
1411 1356
1410 1356
1409 1356
1408 1356
1407 1356
1406 1356
1405 1356
1404 1356
1403 1356
1402 1356
1401 1356
1400 1356
1399 1356
1398 1355
1397 1355
1396 1355
1395 1355
1394 1354
1393 1354
1392 1354
1391 1354
1390 1353
1389 1353
1388 1352
1387 1351
1386 1351
1385 1351
1384 1350
1383 1350
1382 1350
1381 1350
1380 1349
1379 1349
1378 1349
1377 1349
1376 1348
1375 1348
1374 1348
1373 1348
1372 1348
1371 1348
1370 1348
1369 1348
1368 1348
1367 1348
1366 1348
1365 1348
1364 1348
1363 1348
1362 1348
1361 1348
1360 1348
1359 1348
1358 1348
1357 1348
1356 1348
1355 1348
1354 1348
1353 1348
