2285 1565
2284 1566
2283 1566
2282 1567
2281 1567
2280 1568
2279 1568
2278 1569
2277 1569
2276 1569
2275 1569
2274 1569
2273 1569
2272 1569
2271 1569
2270 1570
2269 1570
2268 1571
2267 1571
2266 1572
2265 1572
2264 1573
2263 1573
2262 1573
2261 1573
2260 1574
2259 1574
2258 1575
2257 1575
2256 1576
2255 1576
2254 1577
2253 1577
2252 1577
2251 1577
2250 1577
2249 1577
2248 1577
2247 1577
2246 1577
2245 1577
2244 1577
2243 1577
2242 1578
2241 1578
2240 1578
2239 1579
2238 1579
2237 1580
2236 1581
2235 1581
2235 1582
2234 1583
2233 1583
2233 1584
2232 1585
2231 1585
2231 1586
2230 1587
2229 1587
2228 1588
2227 1589
2227 1590
2226 1591
2225 1591
2225 1592
2224 1593
2223 1593
2223 1594
2222 1595
2221 1595
2220 1596
2219 1597
2219 1598
2218 1599
2217 1599
2217 1600
2216 1601
2215 1601
2215 1602
2214 1603
2213 1603
2212 1604
2211 1605
2211 1606
2210 1607
2209 1607
2209 1608
2208 1609
2207 1609
2207 1610
2206 1611
2205 1611
2204 1612
2203 1613
2203 1614
2202 1615
2201 1615
2200 1616
2199 1616
2198 1617
2197 1617
2196 1617
2195 1617
2194 1617
2193 1617
2192 1617
2191 1617
2190 1617
2189 1617
2188 1617
2187 1618
2186 1619
2185 1619
2184 1620
2183 1620
2182 1621
2181 1621
2180 1621
2179 1621
2178 1621
2177 1621
2176 1622
2175 1622
2174 1622
2173 1623
2172 1624
2171 1624
2170 1624
2169 1624
2168 1625
2167 1625
2166 1626
2165 1626
2164 1626
2163 1626
2162 1627
2161 1627
2160 1628
2159 1628
2158 1628
2157 1629
2156 1629
2155 1630
2154 1631
2153 1631
2152 1632
2151 1632
2150 1633
2149 1633
2148 1634
2147 1634
2146 1634
2145 1634
2144 1635
2143 1636
2142 1637
2141 1638
2140 1639
2139 1639
2138 1640
2137 1641
2136 1642
2135 1642
2134 1643
2133 1643
2132 1644
2132 1645
2131 1646
2130 1647
2129 1648
2128 1649
2127 1649
2127 1650
2126 1651
2125 1651
2124 1652
2123 1653
2123 1654
2122 1655
2121 1655
2121 1656
2120 1657
2119 1657
2119 1658
2118 1659
2117 1659
2116 1660
2115 1661
2115 1662
2114 1663
2113 1663
2113 1664
2112 1665
2111 1665
2111 1666
2110 1667
2109 1667
2108 1668
2107 1669
2107 1670
2106 1671
2105 1671
2105 1672
2104 1673
2103 1673
2103 1674
2102 1675
2101 1675
2100 1676
2099 1677
2099 1678
2098 1679
2097 1679
2097 1680
2096 1681
2095 1681
2095 1682
2094 1683
2093 1683
2092 1684
2091 1685
2091 1686
2090 1687
2089 1687
2089 1688
2088 1689
2087 1689
2087 1690
2086 1691
2085 1691
2084 1692
2083 1693
2083 1694
2082 1695
2081 1695
2080 1696
2079 1696
2078 1697
2077 1697
2076 1697
2075 1697
2074 1698
2073 1698
2072 1699
2071 1699
2070 1700
2070 1701
2069 1702
2068 1703
2067 1703
2066 1704
2065 1704
2065 1705
2064 1706
2063 1706
2062 1707
2061 1707
2060 1708
2059 1709
2059 1710
2058 1711
2057 1711
2056 1712
2055 1712
2054 1713
2053 1713
2052 1713
2051 1713
2050 1714
2049 1714
2048 1714
2047 1714
2046 1715
2045 1715
2044 1716
2043 1716
2042 1716
2041 1716
2040 1717
2039 1717
2038 1717
2037 1717
2036 1718
2035 1718
2034 1719
2033 1719
2033 1720
2032 1721
2031 1721
2031 1722
2030 1723
2029 1723
2028 1724
2027 1725
2027 1726
2026 1727
2025 1727
2025 1728
2024 1729
2023 1729
2023 1730
2022 1731
2021 1732
2020 1732
2019 1733
2019 1734
2018 1735
2018 1736
2017 1737
2016 1737
2016 1738
2016 1739
2015 1740
2014 1741
2014 1742
2014 1743
2014 1744
2013 1745
2013 1746
2012 1747
2012 1748
2011 1749
2010 1750
2009 1751
2009 1752
2008 1753
2008 1754
2007 1755
2007 1756
2006 1757
2006 1758
2006 1759
2006 1760
2005 1761
2005 1762
2004 1763
2004 1764
2004 1765
2004 1766
2003 1767
2003 1768
2002 1769
2002 1770
2002 1771
2001 1772
2001 1773
2001 1774
2001 1775
2001 1776
2001 1777
2001 1778
2000 1779
2000 1780
2000 1781
2000 1782
1999 1783
1999 1784
1999 1785
1999 1786
1999 1787
1999 1788
1998 1789
1998 1790
1998 1791
1998 1792
1997 1793
1997 1794
1996 1795
1996 1796
1995 1797
1995 1798
1994 1799
1994 1800
1993 1801
1993 1802
1992 1803
1992 1804
1992 1805
1992 1806
1991 1807
1991 1808
1990 1809
1990 1810
1990 1811
1990 1812
1989 1813
1989 1814
1989 1815
1989 1816
1989 1817
1989 1818
1988 1819
1988 1820
1987 1821
1986 1822
1985 1823
1985 1824
1984 1825
1983 1826
1983 1827
1983 1828
1983 1829
1983 1830
1982 1831
1982 1832
1982 1833
1981 1834
1981 1835
1981 1836
1981 1837
1981 1838
1981 1839
1981 1840
1981 1841
1981 1842
1981 1843
1981 1844
1981 1845
1981 1846
1981 1847
1981 1848
1981 1849
1981 1850
1980 1851
1980 1852
1979 1853
1978 1854
1978 1855
1978 1856
1977 1857
1977 1858
1976 1859
1976 1860
1976 1861
1976 1862
1975 1863
1975 1864
1974 1865
1974 1866
1973 1867
1973 1868
1972 1869
1972 1870
1971 1871
1971 1872
1971 1873
1971 1874
1971 1875
1971 1876
1970 1877
1970 1878
1970 1879
1970 1880
1969 1881
1969 1882
1968 1883
1968 1884
1968 1885
1968 1886
1967 1887
1967 1888
1967 1889
1967 1890
1966 1891
1966 1892
1966 1893
1966 1894
1965 1895
1965 1896
1965 1897
1965 1898
1965 1899
1965 1900
1965 1901
1965 1902
1965 1903
1965 1904
1965 1905
1965 1906
1965 1907
1965 1908
1965 1909
1965 1910
1965 1911
1965 1912
1965 1913
1965 1914
1965 1915
1965 1916
1965 1917
1965 1918
1965 1919
1965 1920
1965 1921
1965 1922
1964 1923
1964 1924
1963 1925
1962 1926
1961 1927
1961 1928
1960 1929
1960 1930
1959 1931
1959 1932
1958 1933
1958 1934
1958 1935
1958 1936
1957 1937
1957 1938
1956 1939
1956 1940
1956 1941
1956 1942
1955 1943
1955 1944
1954 1945
1954 1946
1954 1947
1953 1948
1953 1949
1953 1950
1953 1951
1953 1952
1953 1953
1953 1954
1953 1955
1953 1956
1953 1957
1953 1958
1952 1959
1952 1960
1952 1961
1951 1962
1950 1963
1950 1964
1950 1965
1950 1966
1949 1967
1949 1968
1949 1969
1949 1970
1949 1971
1949 1972
1949 1973
1949 1974
1949 1975
1949 1976
1949 1977
1949 1978
1949 1979
1949 1980
1949 1981
1949 1982
1949 1983
1949 1984
1949 1985
1949 1986
1949 1987
1949 1988
1949 1989
1949 1990
1949 1991
1949 1992
1949 1993
1949 1994
1949 1995
1949 1996
1949 1997
1949 1998
1949 1999
1949 2000
1949 2001
1949 2002
1949 2003
1949 2004
1949 2005
1949 2006
1949 2007
1949 2008
1949 2009
1949 2010
1949 2011
1949 2012
1950 2013
1950 2014
1950 2015
1950 2016
1951 2016
1952 2017
1952 2018
1952 2019
1952 2020
1953 2021
1953 2022
1954 2023
1954 2024
1954 2025
1955 2026
1956 2027
1957 2028
1957 2029
1958 2030
1959 2031
1960 2032
1961 2033
1961 2034
1962 2034
1963 2035
1963 2036
1964 2037
1965 2038
1965 2039
1966 2040
1966 2041
1967 2042
1968 2043
1969 2044
1970 2044
1971 2045
1972 2045
1973 2046
1974 2047
1975 2048
1976 2049
1977 2050
1977 2051
1978 2052
1979 2053
1979 2054
1980 2055
1980 2056
1981 2056
1982 2057
1982 2058
1982 2059
1982 2060
1983 2060
1984 2061
1984 2062
1984 2063
1984 2064
1985 2064
1986 2065
1986 2066
1986 2067
1986 2068
1987 2069
1988 2070
1989 2071
1989 2072
1990 2073
1991 2074
1991 2075
1992 2076
1993 2077
1993 2078
1994 2078
1995 2079
1995 2080
1996 2081
1997 2082
1998 2083
1999 2084
2000 2085
2001 2086
2001 2087
2002 2088
2003 2089
2004 2090
2005 2091
2006 2091
2007 2092
2008 2092
2009 2093
2009 2094
2010 2094
2011 2095
2011 2096
2012 2097
2013 2098
2014 2099
2015 2100
2015 2101
2016 2102
2017 2103
2017 2104
2018 2104
2019 2105
2019 2106
2020 2106
2021 2107
2022 2108
2023 2109
2023 2110
2024 2110
2025 2111
2026 2111
2027 2112
2028 2112
2029 2112
2030 2112
2031 2113
2032 2113
2033 2114
2034 2114
2035 2115
2035 2116
2036 2117
2037 2118
2038 2118
2039 2119
2040 2119
2041 2120
2042 2121
2043 2122
2044 2122
2045 2123
2046 2124
2047 2125
2048 2126
2049 2127
2050 2127
2051 2128
2052 2129
2053 2130
2054 2130
2055 2131
2055 2132
2056 2133
2057 2134
2058 2134
2059 2135
2059 2136
2060 2137
2061 2138
2062 2139
2063 2140
2064 2140
2065 2141
2066 2142
2067 2143
2068 2143
2069 2144
2070 2145
2071 2146
2072 2147
2073 2148
2074 2149
2074 2150
2075 2151
2075 2152
2076 2153
2076 2154
2077 2155
2078 2155
2079 2156
2080 2156
2081 2156
2082 2156
2083 2157
2084 2157
2085 2157
2086 2157
2087 2158
2088 2159
2089 2160
2090 2160
2091 2161
2091 2162
2092 2162
2093 2163
2094 2163
2095 2164
2096 2164
2097 2165
2098 2165
2099 2166
2100 2166
2101 2167
2102 2168
2102 2169
2103 2170
2104 2171
2105 2172
2106 2173
2106 2174
2107 2175
2108 2176
2109 2177
2109 2178
2110 2178
2111 2179
2112 2179
2113 2180
2113 2181
2114 2181
2115 2181
2116 2182
2117 2182
2118 2183
2119 2184
2120 2184
2121 2185
2122 2186
2123 2187
2124 2187
2125 2187
2126 2188
2127 2189
2128 2189
2129 2189
2130 2190
2131 2191
2132 2191
2133 2191
2134 2192
2135 2192
2136 2193
2137 2194
2138 2194
2139 2195
2139 2196
2140 2197
2141 2198
2142 2198
2143 2199
2143 2200
2144 2200
2145 2201
2145 2202
2146 2202
2147 2203
2147 2204
2148 2205
2148 2206
2149 2207
2150 2208
2151 2209
2151 2210
2152 2210
2153 2211
2154 2211
2155 2212
2156 2212
2157 2212
2158 2212
2159 2213
2160 2213
2161 2214
2162 2214
2163 2215
2164 2216
2165 2216
2166 2217
2167 2217
2168 2218
2169 2219
2170 2219
2171 2220
2172 2220
2173 2221
2174 2222
2175 2222
2176 2222
2177 2222
2178 2222
2179 2223
2180 2223
2181 2223
2182 2223
2183 2224
2184 2224
2185 2225
2186 2225
2187 2226
2188 2227
2189 2227
2190 2228
2190 2229
2191 2230
2192 2230
2193 2231
2194 2232
2195 2232
2196 2233
2197 2233
2198 2233
2199 2234
2200 2234
2201 2235
2202 2235
2203 2235
2204 2235
2205 2236
2205 2237
2206 2237
2207 2237
2208 2237
2209 2238
2210 2238
2211 2239
2212 2239
2213 2240
2214 2240
2215 2241
2216 2241
2217 2242
2218 2242
2219 2242
2220 2242
2221 2242
2222 2242
2223 2243
2224 2243
2225 2244
2226 2244
2227 2245
2228 2245
2229 2246
2229 2247
2230 2247
2231 2248
2232 2248
2233 2249
2233 2250
2234 2250
2235 2251
2236 2251
2237 2252
2238 2252
2239 2252
2240 2252
2241 2252
2242 2252
2243 2252
2244 2252
2245 2252
2246 2252
2247 2253
2248 2253
2249 2253
2250 2254
2251 2254
2252 2255
2253 2255
2254 2255
2255 2256
2256 2256
2257 2257
2258 2257
2259 2258
2260 2258
2261 2259
2261 2260
2262 2261
2263 2261
2264 2261
2265 2262
2266 2262
2267 2263
2268 2263
2269 2263
2270 2263
2271 2264
2272 2264
2273 2264
2274 2264
2275 2265
2276 2265
2277 2265
2278 2266
2279 2266
2280 2267
2281 2268
2282 2268
2283 2269
2284 2269
2285 2270
2286 2270
2287 2270
2288 2270
2289 2270
2290 2270
2291 2270
2292 2270
2293 2271
2294 2271
2295 2271
2296 2271
2297 2272
2298 2273
2299 2274
2300 2274
2301 2275
2301 2276
2302 2277
2303 2277
2304 2277
2305 2278
2306 2278
2307 2279
2308 2279
2309 2279
2310 2279
2311 2280
2312 2280
2313 2281
2314 2281
2315 2281
2316 2281
2317 2282
2318 2283
2319 2283
2320 2283
2321 2284
2322 2284
2323 2285
2324 2285
2325 2285
2326 2285
2327 2286
2328 2287
2329 2287
2330 2287
2331 2288
2332 2288
2333 2289
2334 2289
2335 2289
2336 2289
2337 2290
2337 2291
2338 2291
2339 2291
2340 2291
2341 2292
2342 2292
2343 2293
2344 2293
2345 2293
2346 2294
2347 2294
2348 2295
2349 2296
2350 2296
2351 2297
2352 2298
2353 2299
2354 2300
2355 2300
2356 2301
2357 2302
2358 2302
2359 2303
2360 2303
2361 2304
2362 2304
2363 2305
2364 2306
2365 2307
2366 2307
2367 2308
2368 2308
2369 2309
2370 2309
2371 2310
2372 2310
2373 2310
2374 2310
2375 2310
2376 2310
2377 2310
2378 2310
2379 2309
2380 2309
2381 2310
2382 2310
2383 2311
2384 2312
2385 2313
2386 2314
2387 2314
2388 2314
2389 2314
2390 2314
2391 2314
2392 2314
2393 2314
2394 2314
2395 2314
2396 2314
2397 2314
2398 2314
2399 2315
2400 2315
2401 2316
2402 2316
2403 2317
2404 2318
2405 2319
2406 2320
2407 2320
2408 2321
2409 2321
2410 2322
2411 2322
2412 2322
2413 2322
2414 2322
2415 2322
2416 2322
2417 2322
2418 2322
2419 2322
2420 2322
2421 2323
2422 2323
2423 2323
2424 2323
2425 2324
2426 2324
2427 2324
2428 2324
2429 2325
2430 2325
2431 2325
2432 2325
2433 2326
2433 2327
2434 2327
2435 2328
2436 2329
2437 2330
2438 2330
2439 2331
2440 2331
2441 2332
2441 2333
2442 2333
2443 2333
2444 2334
2445 2334
2446 2335
2447 2336
2448 2336
2449 2337
2450 2337
2451 2338
2452 2338
2453 2338
2454 2338
2455 2339
2456 2339
2457 2338
2458 2338
2459 2338
2459 2337
2460 2336
2460 2335
2460 2334
2460 2333
2460 2332
2460 2331
2460 2330
2460 2329
2461 2328
2461 2327
2461 2326
2461 2325
2462 2324
2462 2323
2462 2322
2462 2321
2463 2320
2463 2319
2463 2318
2464 2317
2464 2316
2464 2315
2464 2314
2464 2313
2464 2312
2464 2311
2464 2310
2464 2309
2465 2308
2465 2307
2465 2306
2466 2305
2467 2304
2467 2303
2467 2302
2467 2301
2468 2300
2468 2299
2468 2298
2468 2297
2467 2296
2467 2295
2467 2294
2467 2293
2466 2292
2465 2291
2465 2290
2465 2289
2464 2289
2463 2288
2463 2287
2463 2286
2463 2285
2462 2284
2462 2283
2462 2282
2462 2281
2462 2280
2462 2279
2462 2278
2462 2277
2462 2276
2462 2275
2462 2274
2461 2273
2461 2272
2461 2271
2460 2270
2460 2269
2461 2268
2461 2267
2461 2266
2461 2265
2462 2264
2462 2263
2462 2262
2462 2261
2462 2260
2462 2259
2462 2258
2461 2257
2462 2256
2462 2255
2462 2254
2462 2253
2462 2252
2462 2251
2462 2250
2462 2249
2462 2248
2462 2247
2462 2246
2462 2245
2462 2244
2462 2243
2462 2242
2462 2241
2463 2240
2463 2239
2463 2238
2464 2237
2464 2236
2464 2235
2464 2234
2464 2233
2465 2232
2465 2231
2465 2230
2466 2229
2466 2228
2466 2227
2466 2226
2466 2225
2466 2224
2466 2223
2466 2222
2466 2221
2466 2220
2465 2219
2465 2218
2465 2217
2464 2216
2464 2215
2463 2214
2463 2213
2463 2212
2463 2211
2462 2210
2462 2209
2462 2208
2462 2207
2462 2206
2462 2205
2462 2204
2462 2203
2462 2202
2461 2201
2461 2200
2461 2199
2460 2198
2460 2197
2460 2196
2460 2195
2461 2194
2461 2193
2461 2192
2462 2191
2462 2190
2462 2189
2462 2188
2462 2187
2462 2186
2462 2185
2462 2184
2462 2183
2462 2182
2462 2181
2462 2180
2462 2179
2462 2178
2462 2177
2462 2176
2462 2175
2462 2174
2462 2173
2462 2172
2462 2171
2462 2170
2462 2169
2462 2168
2462 2167
2461 2166
2461 2165
2462 2164
2462 2163
2462 2162
2461 2161
2462 2160
2463 2160
2463 2159
2463 2158
2463 2157
2464 2156
2464 2155
2465 2154
2465 2153
2465 2152
2466 2151
2466 2150
2466 2149
2466 2148
2466 2147
2466 2146
2466 2145
2466 2144
2466 2143
2466 2142
2466 2141
2466 2140
2465 2139
2465 2138
2465 2137
2464 2136
2464 2135
2464 2134
2464 2133
2465 2132
2465 2131
2465 2130
2465 2129
2466 2128
2466 2127
2466 2126
2466 2125
2466 2124
2466 2123
2466 2122
2466 2121
2467 2120
2467 2119
2467 2118
2467 2117
2468 2116
2468 2115
2468 2114
2468 2113
2469 2112
2469 2111
2469 2110
2469 2109
2470 2108
2470 2107
2471 2106
2471 2105
2471 2104
2472 2103
2473 2102
2473 2101
2473 2100
2474 2099
2474 2098
2475 2097
2475 2096
2475 2095
2476 2094
2476 2093
2477 2092
2478 2091
2479 2090
2480 2089
2481 2088
2482 2087
2483 2086
2483 2085
2484 2084
2484 2083
2485 2082
2485 2081
2486 2080
2487 2080
2486 2079
2486 2078
2486 2077
2486 2076
2486 2075
2487 2074
2488 2074
2489 2074
2490 2074
2491 2074
2491 2073
2492 2072
2492 2071
2491 2070
2491 2069
2491 2068
2491 2067
2490 2066
2490 2065
2490 2064
2490 2063
2491 2062
2491 2061
2491 2060
2491 2059
2492 2058
2492 2057
2492 2056
2492 2055
2492 2054
2492 2053
2492 2052
2492 2051
2492 2050
2492 2049
2492 2048
2492 2047
2493 2046
2493 2045
2493 2044
2493 2043
2494 2042
2495 2041
2496 2040
2496 2039
2497 2038
2498 2038
2499 2037
2499 2036
2500 2035
2501 2034
2501 2033
2502 2032
2502 2031
2502 2030
2502 2029
2503 2028
2503 2027
2503 2026
2503 2025
2504 2024
2504 2023
2504 2022
2504 2021
2504 2020
2504 2019
2504 2018
2504 2017
2504 2016
2504 2015
2504 2014
2504 2013
2504 2012
2504 2011
2504 2010
2504 2009
2504 2008
2504 2007
2505 2006
2505 2005
2505 2004
2505 2003
2505 2002
2505 2001
2505 2000
2505 1999
2504 1998
2504 1997
2505 1996
2505 1995
2505 1994
2505 1993
2506 1992
2506 1991
2505 1990
2505 1989
2505 1988
2505 1987
2504 1986
2504 1985
2504 1984
2504 1983
2504 1982
2504 1981
2504 1980
2504 1979
2504 1978
2504 1977
2504 1976
2504 1975
2504 1974
2504 1973
2504 1972
2504 1971
2504 1970
2504 1969
2504 1968
2504 1967
2504 1966
2504 1965
2504 1964
2504 1963
2504 1962
2504 1961
2504 1960
2504 1959
2504 1958
2504 1957
2504 1956
2503 1955
2503 1954
2503 1953
2502 1952
2502 1951
2502 1950
2502 1949
2502 1948
2502 1947
2502 1946
2502 1945
2502 1944
2502 1943
2502 1942
2502 1941
2502 1940
2502 1939
2502 1938
2502 1937
2502 1936
2502 1935
2502 1934
2502 1933
2502 1932
2502 1931
2502 1930
2502 1929
2501 1928
2501 1927
2501 1926
2501 1925
2500 1924
2500 1923
2500 1922
2500 1921
2500 1920
2500 1919
2500 1918
2500 1917
2501 1916
2501 1915
2501 1914
2501 1913
2502 1912
2502 1911
2502 1910
2502 1909
2502 1908
2502 1907
2502 1906
2502 1905
2502 1904
2502 1903
2502 1902
2502 1901
2502 1900
2502 1899
2502 1898
2502 1897
2502 1896
2502 1895
2502 1894
2502 1893
2502 1892
2502 1891
2502 1890
2502 1889
2502 1888
2502 1887
2502 1886
2502 1885
2502 1884
2502 1883
2502 1882
2502 1881
2502 1880
2502 1879
2502 1878
2502 1877
2502 1876
2502 1875
2502 1874
2502 1873
2502 1872
2502 1871
2502 1870
2502 1869
2502 1868
2502 1867
2502 1866
2502 1865
2502 1864
2502 1863
2502 1862
2502 1861
2502 1860
2502 1859
2502 1858
2502 1857
2502 1856
2502 1855
2501 1854
2501 1853
2500 1852
2500 1851
2499 1850
2499 1849
2498 1848
2498 1847
2498 1846
2498 1845
2498 1844
2498 1843
2498 1842
2497 1841
2497 1840
2497 1839
2496 1838
2496 1837
2496 1836
2496 1835
2496 1834
2496 1833
2496 1832
2496 1831
2496 1830
2496 1829
2496 1828
2496 1827
2496 1826
2496 1825
2496 1824
2496 1823
2496 1822
2496 1821
2496 1820
2496 1819
2496 1818
2496 1817
2496 1816
2496 1815
2496 1814
2496 1813
2496 1812
2496 1811
2496 1810
2496 1809
2496 1808
2496 1807
2496 1806
2496 1805
2496 1804
2496 1803
2496 1802
2496 1801
2496 1800
2496 1799
2496 1798
2496 1797
2496 1796
2495 1795
2495 1794
2495 1793
2494 1792
2494 1791
2494 1790
2494 1789
2494 1788
2494 1787
2494 1786
2494 1785
2493 1784
2493 1783
2493 1782
2493 1781
2492 1780
2492 1779
2491 1778
2491 1777
2491 1776
2491 1775
2490 1774
2490 1773
2490 1772
2490 1771
2490 1770
2490 1769
2489 1768
2489 1767
2489 1766
2489 1765
2488 1764
2488 1763
2488 1762
2488 1761
2488 1760
2488 1759
2488 1758
2488 1757
2488 1756
2488 1755
2488 1754
2488 1753
2488 1752
2488 1751
2488 1750
2488 1749
2488 1748
2488 1747
2488 1746
2488 1745
2488 1744
2488 1743
2487 1742
2487 1741
2487 1740
2487 1739
2486 1738
2486 1737
2486 1736
2486 1735
2486 1734
2486 1733
2486 1732
2486 1731
2486 1730
2485 1729
2485 1728
2485 1727
2484 1726
2484 1725
2485 1724
2485 1723
2485 1722
2485 1721
2486 1720
2486 1719
2486 1718
2486 1717
2485 1716
2485 1715
2485 1714
2485 1713
2484 1712
2484 1711
2484 1710
2484 1709
2485 1708
2485 1707
2485 1706
2485 1705
2486 1704
2486 1703
2486 1702
2486 1701
2486 1700
2486 1699
2486 1698
2487 1697
2487 1696
2487 1695
2488 1694
2488 1693
2488 1692
2488 1691
2488 1690
2488 1689
2488 1688
2488 1687
2487 1686
2487 1685
2487 1684
2487 1683
2486 1682
2486 1681
2486 1680
2486 1679
2486 1678
2486 1677
2486 1676
2486 1675
2486 1674
2486 1673
2486 1672
2486 1671
2486 1670
2486 1669
2486 1668
2486 1667
2486 1666
2486 1665
2486 1664
2486 1663
2486 1662
2486 1661
2486 1660
2486 1659
2486 1658
2486 1657
2486 1656
2486 1655
2486 1654
2486 1653
2486 1652
2486 1651
2486 1650
2485 1649
2485 1648
2484 1647
2484 1646
2484 1645
2484 1644
2484 1643
2484 1642
2484 1641
2483 1640
2482 1639
2482 1638
2481 1637
2480 1636
2480 1635
2480 1634
2480 1633
2480 1632
2480 1631
2480 1630
2480 1629
2480 1628
2480 1627
2480 1626
2480 1625
2480 1624
2480 1623
2481 1622
2481 1621
2481 1620
2481 1619
2482 1618
2482 1617
2482 1616
2482 1615
2482 1614
2482 1613
2482 1612
2482 1611
2482 1610
2482 1609
2481 1608
2480 1607
2480 1606
2479 1606
2478 1605
2477 1605
2476 1604
2476 1603
2475 1603
2474 1602
2473 1601
2472 1600
2472 1599
2471 1598
2471 1597
2470 1596
2470 1595
2470 1594
2470 1593
2469 1592
2469 1591
2469 1590
2469 1589
2468 1588
2467 1587
2466 1586
2466 1585
2465 1585
2464 1584
2464 1583
2463 1583
2462 1582
2461 1581
2460 1580
2459 1580
2458 1580
2457 1580
2456 1579
2455 1579
2454 1578
2453 1578
2452 1577
2451 1576
2450 1576
2449 1576
2448 1576
2447 1576
2446 1576
2445 1576
2444 1577
2443 1577
2442 1577
2441 1577
2440 1577
2439 1577
2438 1577
2437 1577
2436 1577
2435 1577
2434 1577
2433 1577
2432 1577
2431 1577
2430 1576
2429 1576
2428 1576
2427 1576
2426 1575
2425 1575
2424 1574
2423 1574
2422 1573
2421 1573
2420 1572
2419 1572
2418 1571
2417 1571
2416 1571
2415 1571
2414 1571
2413 1571
2412 1571
2411 1571
2410 1571
2409 1571
2408 1571
2407 1571
2406 1572
2405 1572
2404 1572
2403 1572
2402 1573
2401 1573
2400 1573
2399 1573
2398 1573
2397 1573
2396 1573
2395 1573
2394 1573
2393 1573
2392 1573
2391 1573
2390 1573
2389 1573
2388 1573
2387 1573
2386 1573
2385 1573
2384 1573
2383 1573
2382 1573
2381 1573
2380 1573
2379 1573
2378 1573
2377 1573
2376 1573
2375 1573
2374 1572
2373 1572
2372 1572
2371 1572
2370 1571
2369 1571
2368 1570
2367 1570
2366 1570
2365 1569
2364 1569
2363 1569
2362 1569
2361 1569
2360 1569
2359 1569
2358 1569
2357 1569
2356 1569
2355 1569
2354 1569
2353 1569
2352 1569
2351 1569
2350 1569
2349 1569
2348 1570
2347 1570
2346 1570
2345 1570
2344 1571
2343 1572
2342 1572
2341 1572
2340 1573
2339 1573
2338 1572
2337 1572
2336 1572
2335 1572
2334 1571
2333 1571
2332 1571
2331 1571
2330 1571
2329 1571
2328 1570
2327 1570
2326 1570
2325 1570
2324 1569
2323 1569
2322 1568
2321 1568
2320 1568
2319 1567
2318 1567
2317 1567
2316 1567
2315 1567
2314 1567
2313 1567
2312 1567
2311 1567
2310 1567
2309 1567
2308 1566
2307 1566
2306 1566
2305 1566
2304 1565
2303 1565
2302 1565
2301 1565
2300 1565
2299 1565
2298 1565
2297 1565
2296 1565
2295 1565
2294 1565
2293 1565
2292 1565
2291 1565
2290 1565
2289 1565
2288 1565
2287 1565
2286 1565
2285 1565
