157 1838
156 1839
155 1839
154 1839
153 1839
152 1840
151 1841
150 1841
149 1842
148 1843
147 1843
147 1844
146 1845
145 1846
145 1847
145 1848
145 1849
145 1850
144 1851
143 1851
142 1851
141 1851
140 1852
139 1853
138 1854
137 1855
137 1856
136 1857
135 1857
135 1858
134 1859
133 1859
132 1860
131 1861
131 1862
130 1863
129 1863
129 1864
128 1865
127 1865
126 1866
125 1867
124 1867
123 1868
122 1869
121 1870
120 1870
119 1871
118 1872
118 1873
117 1874
116 1875
115 1875
115 1876
114 1877
113 1878
112 1878
111 1879
110 1880
110 1881
109 1882
108 1883
107 1883
107 1884
106 1885
105 1886
104 1886
103 1887
103 1888
102 1889
101 1890
101 1891
100 1892
99 1893
99 1894
98 1895
98 1896
97 1897
96 1898
96 1899
96 1900
95 1901
94 1902
93 1903
93 1904
92 1905
91 1905
91 1906
90 1907
89 1907
89 1908
88 1909
88 1910
87 1911
87 1912
86 1913
86 1914
86 1915
86 1916
85 1917
85 1918
85 1919
85 1920
84 1921
84 1922
84 1923
84 1924
83 1925
83 1926
83 1927
83 1928
83 1929
83 1930
83 1931
83 1932
83 1933
83 1934
83 1935
83 1936
83 1937
83 1938
83 1939
83 1940
83 1941
83 1942
83 1943
83 1944
83 1945
83 1946
84 1947
84 1948
84 1949
84 1950
85 1951
85 1952
85 1953
85 1954
86 1955
86 1956
86 1957
86 1958
87 1959
87 1960
87 1961
87 1962
87 1963
87 1964
87 1965
88 1966
88 1967
88 1968
89 1968
90 1969
90 1970
90 1971
90 1972
91 1973
91 1974
92 1975
92 1976
92 1977
92 1978
93 1979
93 1980
93 1981
94 1982
94 1983
94 1984
95 1985
95 1986
96 1987
96 1988
96 1989
96 1990
97 1991
98 1992
98 1993
99 1994
100 1995
101 1996
101 1997
102 1998
103 1999
104 2000
105 2001
105 2002
106 2003
107 2004
107 2005
108 2006
109 2007
110 2008
110 2009
111 2010
112 2011
113 2011
114 2012
115 2013
115 2014
116 2014
117 2015
118 2016
118 2017
119 2018
120 2019
121 2019
122 2020
123 2021
124 2022
125 2022
126 2023
127 2024
128 2024
129 2025
130 2026
131 2027
132 2027
133 2027
134 2028
135 2029
136 2029
137 2029
138 2030
139 2030
140 2031
141 2032
142 2033
143 2034
144 2035
145 2035
146 2036
147 2037
148 2038
149 2038
150 2039
151 2040
152 2040
153 2041
153 2042
154 2042
155 2043
155 2044
156 2045
157 2046
158 2046
159 2047
159 2048
160 2048
161 2049
161 2050
162 2050
163 2051
164 2052
164 2053
165 2054
166 2054
167 2055
168 2055
169 2056
170 2056
171 2055
172 2055
173 2055
174 2055
175 2054
176 2054
177 2054
178 2054
179 2054
180 2054
181 2054
182 2054
183 2054
184 2055
185 2055
186 2055
187 2056
188 2056
189 2056
190 2056
191 2057
192 2057
193 2057
194 2058
195 2059
196 2059
197 2060
198 2060
199 2061
200 2061
201 2062
202 2062
203 2062
204 2062
205 2062
206 2062
207 2062
208 2062
209 2062
210 2062
211 2062
212 2062
213 2062
214 2062
215 2061
216 2061
217 2060
218 2060
219 2059
220 2058
221 2057
222 2057
223 2056
224 2056
225 2056
226 2056
227 2055
228 2055
229 2054
230 2054
230 2053
231 2052
232 2052
233 2051
234 2050
235 2050
236 2049
237 2049
238 2049
239 2048
240 2047
241 2046
242 2046
242 2045
243 2044
243 2043
244 2042
244 2041
244 2040
244 2039
244 2038
244 2037
244 2036
244 2035
244 2034
244 2033
244 2032
244 2031
244 2030
244 2029
244 2028
244 2027
244 2026
244 2025
244 2024
244 2023
244 2022
244 2021
244 2020
244 2019
244 2018
244 2017
244 2016
244 2015
244 2014
244 2013
244 2012
244 2011
244 2010
244 2009
244 2008
244 2007
244 2006
244 2005
244 2004
244 2003
244 2002
244 2001
244 2000
244 1999
244 1998
244 1997
244 1996
244 1995
244 1994
244 1993
244 1992
244 1991
244 1990
244 1989
244 1988
244 1987
244 1986
244 1985
244 1984
244 1983
244 1982
244 1981
244 1980
244 1979
244 1978
244 1977
244 1976
244 1975
244 1974
244 1973
244 1972
244 1971
244 1970
244 1969
244 1968
244 1967
244 1966
244 1965
244 1964
244 1963
244 1962
244 1961
244 1960
244 1959
244 1958
244 1957
244 1956
244 1955
244 1954
245 1953
244 1952
244 1951
245 1950
244 1949
244 1948
244 1947
244 1946
244 1945
244 1944
244 1943
244 1942
244 1941
244 1940
244 1939
244 1938
244 1937
244 1936
244 1935
244 1934
244 1933
244 1932
244 1931
244 1930
244 1929
244 1928
244 1927
244 1926
244 1925
244 1924
244 1923
244 1922
244 1921
244 1920
244 1919
244 1918
244 1917
244 1916
244 1915
244 1914
244 1913
244 1912
244 1911
244 1910
244 1909
244 1908
244 1907
244 1906
244 1905
244 1904
244 1903
244 1902
244 1901
244 1900
244 1899
244 1898
244 1897
244 1896
244 1895
244 1894
244 1893
244 1892
244 1891
244 1890
244 1889
244 1888
244 1887
244 1886
244 1885
244 1884
244 1883
244 1882
243 1881
243 1880
242 1879
242 1878
241 1877
240 1876
240 1875
239 1875
238 1874
238 1873
237 1872
236 1871
235 1870
234 1869
233 1869
232 1868
231 1867
230 1867
229 1866
228 1866
227 1865
226 1865
225 1864
224 1863
223 1862
222 1861
222 1860
221 1859
220 1858
219 1858
218 1857
217 1856
216 1856
215 1855
214 1854
213 1854
212 1853
211 1853
210 1852
209 1852
208 1851
207 1851
206 1850
205 1850
204 1849
203 1849
202 1848
201 1848
200 1847
199 1847
198 1846
197 1846
196 1846
195 1846
194 1845
193 1845
192 1845
191 1845
190 1845
189 1845
188 1845
187 1845
186 1845
185 1845
184 1845
183 1845
182 1845
181 1845
180 1844
179 1844
178 1844
177 1844
176 1843
175 1843
174 1843
173 1843
172 1842
171 1842
170 1842
169 1842
168 1841
168 1840
167 1840
166 1840
165 1839
164 1839
163 1839
162 1839
161 1839
160 1839
159 1839
158 1838
157 1838
