881 1817
880 1818
879 1818
878 1818
877 1818
876 1818
875 1818
874 1818
873 1819
872 1819
871 1820
870 1820
869 1821
868 1821
867 1821
866 1822
865 1822
864 1823
863 1823
862 1823
861 1823
860 1824
859 1824
858 1825
857 1825
856 1825
855 1826
854 1827
853 1827
852 1827
851 1827
850 1828
849 1828
848 1829
847 1829
846 1830
845 1830
844 1831
843 1831
842 1832
841 1833
840 1834
839 1834
838 1835
837 1836
836 1837
835 1837
834 1838
833 1839
832 1840
831 1840
830 1841
830 1842
829 1843
828 1844
827 1844
826 1845
825 1845
825 1846
824 1847
823 1847
822 1848
821 1849
820 1850
819 1850
819 1851
818 1852
817 1852
816 1853
815 1854
814 1855
813 1856
813 1857
812 1858
811 1858
811 1859
810 1860
809 1860
809 1861
808 1862
807 1862
807 1863
806 1864
805 1865
805 1866
804 1867
803 1868
803 1869
802 1870
801 1871
800 1871
800 1872
799 1873
798 1873
798 1874
797 1875
796 1875
795 1876
795 1877
794 1878
793 1879
793 1880
792 1881
791 1882
791 1883
790 1884
789 1885
788 1885
787 1886
786 1887
786 1888
785 1889
784 1889
784 1890
783 1891
782 1891
782 1892
781 1893
780 1893
780 1894
779 1895
778 1895
778 1896
777 1897
776 1898
775 1899
774 1900
774 1901
773 1902
773 1903
772 1904
771 1905
771 1906
771 1907
770 1908
770 1909
770 1910
769 1911
769 1912
768 1913
768 1914
767 1915
767 1916
766 1917
766 1918
766 1919
765 1920
765 1921
765 1922
765 1923
764 1924
764 1925
764 1926
764 1927
763 1928
763 1929
763 1930
763 1931
762 1932
762 1933
762 1934
761 1935
761 1936
760 1937
760 1938
760 1939
759 1940
759 1941
758 1942
758 1943
758 1944
758 1945
757 1946
757 1947
757 1948
757 1949
757 1950
757 1951
757 1952
757 1953
757 1954
757 1955
757 1956
757 1957
756 1958
756 1959
756 1960
755 1961
755 1962
755 1963
754 1964
754 1965
754 1966
753 1967
753 1968
752 1969
752 1970
751 1971
751 1972
751 1973
751 1974
751 1975
750 1976
750 1977
750 1978
750 1979
749 1980
749 1981
749 1982
749 1983
749 1984
749 1985
749 1986
749 1987
748 1988
748 1989
748 1990
748 1991
747 1992
747 1993
747 1994
747 1995
747 1996
747 1997
747 1998
747 1999
747 2000
747 2001
747 2002
747 2003
747 2004
747 2005
747 2006
747 2007
748 2008
748 2009
748 2010
748 2011
749 2012
749 2013
749 2014
749 2015
749 2016
749 2017
749 2018
749 2019
749 2020
749 2021
749 2022
749 2023
749 2024
749 2025
749 2026
749 2027
749 2028
749 2029
749 2030
749 2031
749 2032
749 2033
749 2034
749 2035
749 2036
749 2037
749 2038
749 2039
750 2040
750 2041
750 2042
750 2043
751 2044
751 2045
751 2046
751 2047
750 2048
750 2049
751 2050
751 2051
750 2052
750 2053
751 2054
751 2055
751 2056
752 2057
752 2058
752 2059
753 2060
753 2061
753 2062
753 2063
754 2064
754 2065
754 2066
754 2067
755 2068
755 2069
756 2070
756 2071
756 2072
756 2073
757 2073
758 2074
758 2075
758 2076
758 2077
759 2078
759 2079
760 2080
760 2081
761 2082
762 2083
763 2084
763 2085
764 2086
765 2087
766 2088
766 2089
766 2090
766 2091
767 2092
768 2093
768 2094
769 2095
769 2096
770 2097
771 2098
771 2099
772 2100
772 2101
773 2102
774 2103
775 2104
775 2105
776 2106
777 2107
777 2108
778 2109
779 2110
779 2111
780 2111
781 2112
781 2113
782 2114
783 2115
784 2116
785 2117
786 2117
787 2118
787 2119
788 2119
789 2120
789 2121
790 2122
790 2123
791 2124
792 2125
793 2126
794 2127
795 2127
796 2128
797 2129
798 2129
799 2130
800 2130
801 2131
801 2132
802 2132
803 2133
804 2133
805 2134
806 2134
807 2135
807 2136
808 2136
809 2137
810 2138
811 2139
812 2139
813 2140
814 2140
815 2141
816 2141
817 2142
818 2142
819 2143
820 2143
821 2144
822 2144
823 2145
824 2145
825 2146
826 2146
827 2147
828 2147
829 2148
830 2149
831 2149
832 2150
833 2150
834 2151
835 2151
836 2152
837 2152
838 2153
839 2153
840 2154
841 2155
842 2155
843 2156
844 2157
845 2158
846 2158
847 2158
848 2159
849 2160
850 2160
851 2160
852 2160
853 2161
854 2161
855 2162
856 2162
857 2162
858 2162
859 2163
860 2163
861 2163
862 2163
863 2164
864 2164
865 2164
866 2165
867 2165
868 2165
869 2165
870 2165
871 2165
872 2165
873 2164
874 2164
875 2164
876 2164
877 2163
878 2163
879 2163
880 2163
881 2163
882 2163
883 2163
884 2163
885 2162
886 2162
887 2162
888 2162
888 2161
889 2160
890 2160
891 2159
891 2158
892 2157
892 2156
892 2155
892 2154
892 2153
892 2152
892 2151
892 2150
892 2149
892 2148
892 2147
892 2146
892 2145
892 2144
892 2143
892 2142
892 2141
892 2140
892 2139
892 2138
892 2137
892 2136
892 2135
892 2134
892 2133
892 2132
892 2131
892 2130
892 2129
892 2128
892 2127
892 2126
892 2125
892 2124
892 2123
892 2122
892 2121
892 2120
892 2119
892 2118
892 2117
892 2116
892 2115
892 2114
893 2113
893 2112
893 2111
894 2110
895 2109
895 2108
895 2107
895 2106
896 2105
896 2104
896 2103
896 2102
896 2101
896 2100
896 2099
896 2098
896 2097
896 2096
896 2095
896 2094
896 2093
896 2092
897 2091
897 2090
897 2089
898 2088
898 2087
898 2086
899 2085
899 2084
898 2083
898 2082
899 2081
899 2080
898 2079
898 2078
898 2077
898 2076
898 2075
898 2074
898 2073
898 2072
898 2071
898 2070
898 2069
898 2068
898 2067
898 2066
898 2065
898 2064
898 2063
898 2062
898 2061
898 2060
898 2059
898 2058
898 2057
898 2056
898 2055
898 2054
898 2053
898 2052
898 2051
898 2050
898 2049
898 2048
898 2047
898 2046
898 2045
898 2044
898 2043
898 2042
899 2041
899 2040
899 2039
899 2038
900 2037
900 2036
900 2035
900 2034
900 2033
900 2032
901 2031
901 2030
901 2029
901 2028
902 2027
902 2026
902 2025
902 2024
902 2023
902 2022
902 2021
902 2020
902 2019
902 2018
902 2017
903 2016
903 2015
903 2014
904 2013
904 2012
904 2011
904 2010
904 2009
904 2008
905 2007
905 2006
905 2005
905 2004
906 2003
906 2002
906 2001
906 2000
906 1999
906 1998
906 1997
906 1996
907 1995
907 1994
907 1993
907 1992
908 1991
908 1990
908 1989
908 1988
908 1987
908 1986
908 1985
908 1984
908 1983
908 1982
908 1981
908 1980
908 1979
908 1978
908 1977
908 1976
909 1975
909 1974
909 1973
909 1972
910 1971
910 1970
910 1969
910 1968
911 1967
911 1966
911 1965
911 1964
912 1963
912 1962
912 1961
913 1960
913 1959
914 1958
914 1957
914 1956
914 1955
914 1954
915 1953
915 1952
915 1951
915 1950
916 1949
916 1948
916 1947
916 1946
916 1945
916 1944
916 1943
916 1942
916 1941
916 1940
916 1939
916 1938
917 1937
917 1936
917 1935
917 1934
918 1933
918 1932
918 1931
918 1930
918 1929
918 1928
918 1927
918 1926
918 1925
918 1924
918 1923
918 1922
918 1921
919 1920
919 1919
919 1918
920 1917
920 1916
920 1915
920 1914
920 1913
920 1912
920 1911
920 1910
920 1909
920 1908
920 1907
920 1906
920 1905
920 1904
920 1903
920 1902
920 1901
920 1900
920 1899
920 1898
920 1897
920 1896
921 1895
921 1894
921 1893
921 1892
922 1891
922 1890
922 1889
922 1888
922 1887
922 1886
922 1885
922 1884
922 1883
922 1882
922 1881
922 1880
923 1879
923 1878
923 1877
923 1876
924 1875
924 1874
924 1873
924 1872
924 1871
924 1870
924 1869
924 1868
924 1867
924 1866
924 1865
924 1864
924 1863
924 1862
924 1861
924 1860
924 1859
924 1858
924 1857
924 1856
924 1855
924 1854
924 1853
924 1852
924 1851
924 1850
923 1849
923 1848
923 1847
923 1846
922 1845
922 1844
922 1843
922 1842
921 1841
921 1840
921 1839
921 1838
920 1837
920 1836
920 1835
920 1834
919 1833
919 1832
919 1831
919 1830
918 1829
917 1828
916 1827
916 1826
915 1826
914 1825
914 1824
913 1823
912 1823
911 1822
910 1821
909 1821
908 1820
908 1819
907 1819
906 1819
905 1819
904 1818
903 1818
902 1818
901 1818
900 1818
899 1818
898 1818
897 1818
896 1818
895 1818
894 1818
893 1818
892 1818
891 1818
890 1818
889 1818
888 1817
887 1817
886 1817
885 1817
884 1817
883 1817
882 1817
881 1817
