1122 2471
1121 2472
1120 2472
1119 2472
1118 2473
1117 2473
1116 2473
1115 2473
1114 2473
1113 2473
1112 2474
1111 2474
1110 2474
1109 2474
1108 2475
1107 2476
1106 2477
1105 2477
1104 2478
1103 2478
1102 2479
1101 2479
1100 2479
1099 2479
1098 2479
1097 2479
1096 2479
1095 2479
1094 2479
1093 2479
1092 2479
1091 2480
1090 2480
1089 2480
1088 2481
1087 2482
1086 2482
1085 2482
1084 2483
1083 2484
1082 2485
1081 2485
1080 2486
1079 2487
1078 2488
1078 2489
1077 2490
1076 2491
1075 2491
1075 2492
1074 2493
1073 2493
1072 2494
1071 2494
1070 2495
1069 2495
1068 2495
1067 2495
1066 2495
1065 2496
1064 2496
1063 2497
1062 2497
1061 2498
1060 2499
1059 2499
1059 2500
1058 2501
1057 2502
1056 2502
1055 2503
1054 2504
1054 2505
1053 2506
1052 2507
1051 2507
1051 2508
1050 2509
1049 2510
1048 2510
1047 2511
1046 2512
1046 2513
1045 2514
1044 2515
1043 2515
1043 2516
1042 2517
1041 2518
1040 2519
1040 2520
1039 2521
1039 2522
1039 2523
1039 2524
1039 2525
1039 2526
1039 2527
1039 2528
1039 2529
1039 2530
1039 2531
1039 2532
1039 2533
1039 2534
1039 2535
1039 2536
1040 2537
1040 2538
1040 2539
1041 2540
1041 2541
1042 2542
1042 2543
1042 2544
1043 2544
1044 2545
1044 2546
1045 2547
1045 2548
1046 2549
1046 2550
1047 2551
1047 2552
1048 2553
1048 2554
1048 2555
1049 2556
1049 2557
1050 2558
1051 2559
1051 2560
1052 2560
1053 2561
1053 2562
1054 2563
1055 2564
1056 2565
1056 2566
1056 2567
1057 2568
1058 2569
1058 2570
1058 2571
1058 2572
1059 2573
1060 2574
1060 2575
1060 2576
1061 2577
1061 2578
1061 2579
1061 2580
1062 2581
1062 2582
1062 2583
1062 2584
1063 2585
1063 2586
1063 2587
1063 2588
1063 2589
1063 2590
1063 2591
1064 2592
1064 2593
1065 2594
1065 2595
1066 2596
1066 2597
1066 2598
1067 2599
1067 2600
1067 2601
1067 2602
1067 2603
1068 2604
1069 2605
1069 2606
1070 2607
1070 2608
1071 2609
1072 2610
1072 2611
1073 2612
1073 2613
1074 2614
1074 2615
1074 2616
1075 2617
1075 2618
1076 2619
1076 2620
1076 2621
1077 2622
1077 2623
1078 2624
1079 2625
1079 2626
1080 2627
1081 2628
1081 2629
1082 2630
1082 2631
1082 2632
1083 2632
1084 2633
1084 2634
1084 2635
1084 2636
1085 2637
1085 2638
1085 2639
1085 2640
1086 2641
1086 2642
1086 2643
1086 2644
1087 2645
1087 2646
1087 2647
1087 2648
1088 2649
1088 2650
1089 2651
1089 2652
1090 2653
1090 2654
1091 2655
1091 2656
1092 2657
1092 2658
1093 2659
1094 2660
1095 2660
1096 2661
1097 2662
1098 2662
1099 2663
1099 2664
1100 2664
1101 2665
1102 2666
1103 2666
1104 2667
1105 2668
1106 2668
1107 2669
1108 2670
1109 2671
1110 2672
1111 2672
1112 2673
1113 2673
1114 2674
1115 2674
1116 2675
1117 2675
1118 2676
1119 2677
1120 2677
1121 2678
1122 2678
1123 2679
1124 2680
1125 2680
1126 2680
1127 2681
1128 2681
1129 2681
1130 2682
1131 2683
1132 2684
1133 2684
1134 2685
1135 2686
1136 2687
1137 2688
1138 2688
1139 2689
1140 2690
1141 2690
1142 2691
1143 2692
1144 2693
1145 2694
1146 2694
1147 2695
1148 2696
1149 2697
1150 2697
1151 2698
1152 2699
1152 2700
1153 2701
1154 2702
1155 2703
1156 2704
1157 2705
1158 2706
1159 2706
1160 2707
1161 2708
1162 2708
1163 2709
1163 2710
1164 2710
1165 2711
1166 2712
1166 2713
1167 2714
1168 2715
1169 2715
1170 2716
1171 2717
1172 2718
1173 2719
1174 2719
1175 2719
1176 2719
1177 2719
1178 2718
1179 2718
1180 2718
1181 2718
1182 2718
1183 2717
1184 2717
1185 2716
1186 2716
1187 2715
1188 2714
1189 2713
1190 2712
1190 2711
1191 2710
1192 2710
1193 2709
1194 2708
1194 2707
1195 2706
1196 2706
1197 2705
1198 2704
1199 2703
1200 2703
1200 2702
1201 2701
1202 2701
1203 2700
1204 2700
1204 2699
1205 2698
1206 2698
1207 2697
1208 2696
1209 2695
1210 2695
1210 2694
1211 2693
1212 2692
1213 2691
1213 2690
1213 2689
1214 2688
1215 2688
1215 2687
1216 2686
1217 2685
1218 2684
1218 2683
1219 2682
1220 2682
1221 2681
1222 2680
1222 2679
1223 2678
1224 2678
1225 2677
1226 2676
1227 2675
1228 2674
1228 2673
1229 2672
1229 2671
1230 2670
1230 2669
1230 2668
1230 2667
1230 2666
1230 2665
1230 2664
1230 2663
1230 2662
1230 2661
1230 2660
1230 2659
1230 2658
1230 2657
1231 2656
1231 2655
1231 2654
1232 2653
1232 2652
1232 2651
1232 2650
1232 2649
1232 2648
1232 2647
1232 2646
1232 2645
1232 2644
1232 2643
1232 2642
1232 2641
1232 2640
1232 2639
1233 2638
1233 2637
1233 2636
1233 2635
1234 2634
1234 2633
1234 2632
1234 2631
1234 2630
1234 2629
1234 2628
1234 2627
1234 2626
1234 2625
1234 2624
1234 2623
1234 2622
1234 2621
1234 2620
1234 2619
1234 2618
1234 2617
1234 2616
1234 2615
1234 2614
1234 2613
1234 2612
1234 2611
1234 2610
1234 2609
1234 2608
1234 2607
1234 2606
1234 2605
1234 2604
1234 2603
1234 2602
1234 2601
1234 2600
1234 2599
1234 2598
1234 2597
1234 2596
1234 2595
1234 2594
1234 2593
1234 2592
1234 2591
1234 2590
1234 2589
1234 2588
1234 2587
1234 2586
1234 2585
1234 2584
1234 2583
1234 2582
1234 2581
1234 2580
1233 2579
1233 2578
1233 2577
1232 2576
1232 2575
1232 2574
1232 2573
1232 2572
1232 2571
1232 2570
1232 2569
1232 2568
1232 2567
1232 2566
1232 2565
1232 2564
1232 2563
1232 2562
1232 2561
1232 2560
1232 2559
1232 2558
1232 2557
1232 2556
1232 2555
1232 2554
1232 2553
1232 2552
1232 2551
1231 2550
1231 2549
1231 2548
1231 2547
1230 2546
1230 2545
1230 2544
1230 2543
1230 2542
1230 2541
1230 2540
1230 2539
1230 2538
1229 2537
1229 2536
1229 2535
1228 2534
1228 2533
1228 2532
1228 2531
1228 2530
1228 2529
1228 2528
1228 2527
1228 2526
1228 2525
1227 2524
1227 2523
1226 2522
1226 2521
1225 2521
1224 2520
1224 2519
1223 2519
1222 2518
1222 2517
1221 2516
1220 2515
1219 2515
1218 2514
1218 2513
1217 2513
1216 2512
1216 2511
1215 2510
1214 2509
1214 2508
1213 2507
1212 2506
1211 2505
1211 2504
1210 2503
1209 2503
1208 2502
1207 2501
1206 2501
1205 2500
1204 2499
1203 2498
1202 2497
1201 2496
1201 2495
1200 2494
1199 2493
1198 2492
1198 2491
1197 2490
1197 2489
1196 2488
1195 2487
1194 2486
1193 2485
1192 2484
1191 2484
1190 2484
1189 2484
1188 2483
1187 2483
1186 2482
1185 2482
1184 2481
1183 2481
1182 2480
1181 2480
1180 2479
1179 2479
1178 2478
1177 2478
1176 2478
1175 2477
1174 2476
1173 2476
1172 2476
1171 2476
1170 2475
1169 2474
1168 2474
1167 2473
1166 2473
1165 2472
1164 2472
1163 2472
1162 2471
1161 2471
1160 2471
1159 2471
1158 2471
1157 2471
1156 2471
1155 2471
1154 2471
1153 2471
1152 2471
1151 2471
1150 2471
1149 2471
1148 2471
1147 2471
1146 2471
1145 2471
1144 2471
1143 2471
1142 2471
1141 2471
1140 2471
1139 2471
1138 2471
1137 2471
1136 2471
1135 2471
1134 2471
1133 2471
1132 2471
1131 2471
1130 2471
1129 2471
1128 2471
1127 2471
1126 2471
1125 2471
1124 2471
1123 2471
1122 2471
