1125 1369
1124 1370
1123 1370
1122 1371
1121 1371
1120 1372
1119 1373
1119 1374
1118 1375
1117 1375
1116 1376
1115 1377
1115 1378
1114 1379
1113 1379
1112 1380
1111 1381
1111 1382
1110 1383
1109 1383
1108 1384
1107 1385
1107 1386
1106 1387
1105 1387
1104 1388
1103 1389
1103 1390
1102 1391
1101 1391
1100 1392
1099 1393
1099 1394
1098 1395
1097 1395
1096 1396
1095 1397
1095 1398
1094 1399
1093 1399
1092 1400
1091 1401
1091 1402
1090 1403
1089 1403
1088 1404
1087 1405
1087 1406
1086 1407
1085 1407
1084 1408
1083 1409
1083 1410
1082 1411
1081 1411
1080 1412
1079 1413
1079 1414
1078 1415
1077 1415
1076 1416
1075 1417
1075 1418
1074 1419
1073 1419
1072 1420
1071 1421
1071 1422
1070 1423
1070 1424
1069 1425
1069 1426
1068 1427
1068 1428
1067 1429
1067 1430
1066 1431
1066 1432
1065 1433
1064 1433
1064 1434
1064 1435
1064 1436
1063 1437
1063 1438
1062 1439
1062 1440
1062 1441
1061 1442
1061 1443
1061 1444
1061 1445
1061 1446
1061 1447
1061 1448
1061 1449
1061 1450
1060 1451
1060 1452
1060 1453
1060 1454
1059 1455
1058 1456
1058 1457
1058 1458
1057 1459
1057 1460
1056 1461
1056 1462
1056 1463
1056 1464
1055 1465
1055 1466
1055 1467
1055 1468
1054 1469
1054 1470
1054 1471
1054 1472
1053 1473
1053 1474
1053 1475
1053 1476
1053 1477
1053 1478
1053 1479
1053 1480
1053 1481
1053 1482
1053 1483
1053 1484
1053 1485
1053 1486
1053 1487
1053 1488
1053 1489
1053 1490
1053 1491
1053 1492
1053 1493
1053 1494
1053 1495
1053 1496
1053 1497
1053 1498
1053 1499
1053 1500
1053 1501
1053 1502
1053 1503
1053 1504
1053 1505
1053 1506
1052 1507
1052 1508
1051 1509
1050 1510
1049 1511
1049 1512
1048 1513
1047 1513
1047 1514
1046 1515
1046 1516
1045 1517
1045 1518
1045 1519
1045 1520
1045 1521
1045 1522
1045 1523
1045 1524
1045 1525
1045 1526
1045 1527
1045 1528
1045 1529
1045 1530
1044 1531
1044 1532
1044 1533
1044 1534
1043 1535
1043 1536
1043 1537
1043 1538
1043 1539
1043 1540
1042 1541
1042 1542
1042 1543
1042 1544
1041 1545
1041 1546
1041 1547
1041 1548
1041 1549
1041 1550
1041 1551
1041 1552
1041 1553
1041 1554
1041 1555
1041 1556
1040 1557
1040 1558
1040 1559
1040 1560
1039 1561
1039 1562
1039 1563
1039 1564
1039 1565
1039 1566
1039 1567
1039 1568
1039 1569
1039 1570
1039 1571
1039 1572
1039 1573
1039 1574
1039 1575
1039 1576
1039 1577
1039 1578
1039 1579
1039 1580
1039 1581
1039 1582
1039 1583
1039 1584
1039 1585
1039 1586
1039 1587
1039 1588
1039 1589
1039 1590
1039 1591
1039 1592
1039 1593
1039 1594
1039 1595
1039 1596
1039 1597
1039 1598
1039 1599
1039 1600
1039 1601
1039 1602
1039 1603
1039 1604
1039 1605
1039 1606
1039 1607
1039 1608
1039 1609
1039 1610
1039 1611
1039 1612
1039 1613
1039 1614
1039 1615
1040 1616
1040 1617
1040 1618
1041 1619
1041 1620
1041 1621
1041 1622
1041 1623
1041 1624
1041 1625
1041 1626
1041 1627
1041 1628
1041 1629
1041 1630
1041 1631
1041 1632
1042 1633
1042 1634
1042 1635
1043 1636
1044 1637
1044 1638
1045 1639
1045 1640
1045 1641
1045 1642
1045 1643
1045 1644
1045 1645
1045 1646
1045 1647
1046 1648
1046 1649
1046 1650
1047 1651
1047 1652
1047 1653
1047 1654
1047 1655
1047 1656
1047 1657
1047 1658
1047 1659
1047 1660
1047 1661
1047 1662
1047 1663
1047 1664
1048 1665
1048 1666
1048 1667
1049 1668
1050 1669
1051 1669
1052 1669
1053 1669
1054 1669
1055 1668
1056 1668
1057 1667
1058 1667
1059 1666
1060 1666
1061 1665
1062 1665
1063 1664
1064 1664
1065 1663
1066 1663
1067 1662
1068 1661
1069 1661
1070 1660
1070 1659
1071 1658
1072 1658
1073 1657
1074 1657
1075 1656
1076 1656
1077 1656
1078 1656
1079 1655
1080 1655
1081 1654
1082 1654
1082 1653
1083 1652
1084 1651
1085 1650
1086 1650
1086 1649
1087 1648
1088 1648
1089 1647
1090 1646
1090 1645
1091 1644
1092 1643
1093 1642
1094 1642
1095 1641
1096 1640
1097 1639
1098 1638
1099 1638
1100 1638
1101 1638
1102 1638
1103 1637
1104 1637
1105 1637
1106 1637
1106 1636
1107 1635
1108 1635
1109 1635
1110 1635
1111 1634
1112 1634
1113 1634
1114 1634
1115 1634
1116 1634
1117 1634
1118 1634
1119 1634
1120 1634
1121 1634
1122 1634
1123 1634
1124 1634
1125 1634
1126 1633
1127 1632
1128 1632
1128 1631
1129 1630
1130 1630
1131 1629
1132 1628
1133 1627
1134 1627
1135 1626
1136 1625
1137 1625
1138 1625
1139 1624
1140 1624
1141 1624
1142 1624
1143 1623
1144 1623
1145 1622
1146 1622
1146 1621
1147 1620
1148 1619
1149 1618
1150 1618
1150 1617
1151 1616
1152 1616
1153 1615
1154 1614
1154 1613
1155 1612
1156 1611
1157 1610
1158 1610
1158 1609
1159 1608
1160 1608
1161 1607
1162 1606
1162 1605
1163 1604
1164 1603
1165 1602
1166 1602
1166 1601
1167 1600
1168 1600
1169 1599
1170 1598
1171 1597
1172 1596
1173 1596
1174 1595
1175 1594
1176 1593
1177 1593
1178 1593
1179 1592
1180 1592
1181 1592
1182 1592
1183 1591
1184 1591
1185 1591
1186 1590
1187 1589
1188 1588
1189 1588
1190 1587
1191 1586
1192 1585
1193 1584
1194 1584
1194 1583
1195 1582
1196 1582
1197 1581
1198 1580
1198 1579
1199 1578
1200 1578
1201 1577
1202 1576
1203 1576
1204 1575
1205 1574
1206 1574
1207 1573
1208 1573
1209 1572
1210 1572
1211 1571
1212 1571
1213 1570
1214 1570
1214 1569
1215 1568
1216 1568
1217 1567
1218 1567
1219 1566
1220 1566
1221 1566
1222 1566
1223 1566
1224 1566
1225 1566
1226 1566
1227 1566
1228 1566
1229 1566
1230 1566
1231 1566
1232 1566
1233 1566
1234 1566
1235 1566
1236 1566
1237 1566
1238 1566
1239 1566
1240 1566
1241 1565
1242 1565
1243 1565
1244 1565
1244 1564
1245 1563
1246 1562
1247 1562
1248 1561
1248 1560
1249 1559
1250 1559
1251 1558
1252 1557
1253 1556
1254 1555
1254 1554
1255 1553
1256 1552
1256 1551
1257 1550
1258 1550
1259 1549
1260 1549
1261 1548
1262 1548
1263 1548
1264 1548
1265 1548
1266 1548
1267 1548
1268 1548
1269 1548
1270 1548
1271 1548
1272 1548
1273 1548
1274 1548
1275 1548
1276 1548
1276 1547
1276 1546
1276 1545
1276 1544
1276 1543
1277 1542
1277 1541
1276 1540
1276 1539
1276 1538
1275 1537
1275 1536
1274 1535
1273 1534
1272 1533
1271 1532
1271 1531
1270 1530
1270 1529
1270 1528
1270 1527
1270 1526
1270 1525
1269 1524
1269 1523
1269 1522
1269 1521
1268 1520
1268 1519
1268 1518
1268 1517
1268 1516
1268 1515
1268 1514
1268 1513
1268 1512
1268 1511
1268 1510
1268 1509
1268 1508
1268 1507
1268 1506
1268 1505
1269 1504
1269 1503
1269 1502
1269 1501
1270 1500
1270 1499
1270 1498
1270 1497
1270 1496
1270 1495
1271 1494
1271 1493
1271 1492
1271 1491
1272 1490
1272 1489
1272 1488
1272 1487
1272 1486
1272 1485
1272 1484
1272 1483
1272 1482
1272 1481
1272 1480
1272 1479
1272 1478
1272 1477
1273 1476
1273 1475
1273 1474
1273 1473
1273 1472
1273 1471
1273 1470
1273 1469
1272 1468
1272 1467
1272 1466
1272 1465
1272 1464
1272 1463
1271 1462
1271 1461
1271 1460
1270 1459
1269 1458
1269 1457
1269 1456
1269 1455
1268 1454
1268 1453
1268 1452
1268 1451
1267 1450
1267 1449
1267 1448
1267 1447
1266 1446
1266 1445
1266 1444
1266 1443
1266 1442
1265 1441
1264 1440
1263 1439
1262 1439
1261 1438
1260 1437
1259 1437
1258 1436
1258 1435
1257 1435
1256 1434
1255 1433
1254 1433
1253 1432
1252 1431
1251 1431
1250 1430
1249 1429
1248 1428
1247 1428
1246 1427
1245 1427
1244 1426
1243 1425
1242 1425
1241 1424
1240 1423
1239 1423
1238 1422
1238 1421
1237 1420
1236 1419
1235 1419
1234 1418
1234 1417
1233 1417
1232 1416
1232 1415
1231 1415
1230 1414
1230 1413
1229 1413
1228 1412
1227 1411
1226 1411
1225 1410
1224 1410
1223 1409
1222 1408
1221 1408
1220 1408
1219 1407
1218 1407
1217 1406
1216 1406
1215 1405
1214 1405
1213 1404
1212 1403
1211 1403
1210 1402
1210 1401
1209 1401
1208 1400
1208 1399
1207 1399
1206 1398
1206 1397
1205 1396
1204 1395
1203 1395
1202 1394
1202 1393
1201 1393
1200 1392
1199 1391
1198 1390
1197 1389
1196 1389
1195 1388
1194 1387
1193 1386
1192 1386
1191 1386
1190 1385
1189 1385
1188 1385
1187 1385
1186 1385
1185 1385
1184 1385
1183 1385
1182 1386
1181 1386
1180 1386
1179 1386
1178 1387
1177 1387
1176 1387
1175 1387
1174 1387
1173 1387
1172 1387
1171 1387
1170 1387
1169 1387
1168 1387
1167 1387
1166 1387
1165 1387
1164 1387
1163 1387
1162 1387
1161 1387
1160 1387
1159 1387
1158 1387
1157 1387
1156 1387
1155 1387
1154 1387
1153 1388
1152 1388
1151 1388
1150 1389
1149 1389
1148 1388
1147 1387
1146 1386
1145 1385
1144 1384
1144 1383
1143 1383
1142 1382
1142 1381
1141 1380
1140 1379
1139 1379
1138 1378
1138 1377
1137 1377
1136 1376
1136 1375
1135 1375
1134 1374
1133 1373
1133 1372
1132 1371
1131 1371
1130 1370
1129 1370
1128 1369
1127 1369
1126 1369
1125 1369
