277 1865
276 1866
275 1866
274 1866
273 1866
272 1866
271 1866
270 1866
269 1866
268 1866
267 1866
266 1866
265 1866
264 1866
263 1866
262 1866
261 1866
260 1866
259 1866
258 1866
257 1866
256 1866
255 1866
254 1866
253 1866
252 1866
251 1867
250 1867
249 1867
248 1867
247 1868
246 1868
245 1868
244 1868
243 1868
242 1868
241 1868
240 1868
239 1868
238 1868
237 1869
236 1869
235 1869
234 1869
233 1870
232 1870
231 1871
230 1871
229 1871
228 1871
227 1872
226 1872
225 1872
224 1872
223 1872
222 1872
221 1872
220 1872
219 1872
218 1873
217 1873
216 1873
216 1874
215 1875
214 1875
213 1875
212 1875
211 1876
210 1877
209 1877
209 1878
208 1879
207 1879
206 1880
205 1880
204 1881
203 1881
202 1881
201 1882
200 1882
199 1883
198 1883
197 1883
196 1883
195 1884
194 1884
193 1884
192 1885
191 1885
190 1886
189 1887
188 1887
187 1887
186 1887
186 1888
185 1889
184 1889
183 1889
182 1889
181 1890
180 1890
179 1891
178 1891
177 1891
176 1892
175 1892
174 1893
173 1893
172 1893
172 1894
171 1895
170 1895
169 1895
168 1896
167 1897
166 1898
165 1898
164 1899
163 1900
162 1901
161 1901
160 1902
159 1903
158 1904
158 1905
157 1906
156 1907
155 1907
155 1908
154 1909
153 1910
152 1910
151 1911
150 1912
149 1913
149 1914
148 1915
147 1916
147 1917
147 1918
147 1919
146 1920
145 1920
145 1921
145 1922
144 1923
144 1924
143 1925
142 1926
141 1927
141 1928
140 1929
139 1930
138 1931
138 1932
137 1933
136 1934
135 1935
135 1936
134 1937
134 1938
133 1939
132 1940
132 1941
131 1942
130 1943
129 1944
129 1945
128 1946
127 1946
127 1947
127 1948
126 1949
125 1950
124 1951
124 1952
123 1953
122 1953
121 1954
121 1955
120 1956
119 1956
119 1957
118 1958
118 1959
117 1960
116 1961
116 1962
115 1963
115 1964
114 1965
114 1966
113 1967
112 1968
111 1969
111 1970
110 1971
110 1972
109 1973
108 1974
108 1975
107 1976
106 1977
106 1978
105 1979
105 1980
104 1981
104 1982
103 1983
103 1984
102 1985
101 1985
101 1986
101 1987
100 1988
100 1989
100 1990
100 1991
100 1992
99 1993
99 1994
98 1995
98 1996
97 1997
97 1998
97 1999
96 2000
96 2001
96 2002
96 2003
95 2004
95 2005
94 2006
94 2007
93 2008
93 2009
92 2010
92 2011
92 2012
92 2013
91 2014
91 2015
91 2016
90 2017
90 2018
89 2019
89 2020
89 2021
88 2022
88 2023
88 2024
88 2025
88 2026
88 2027
88 2028
88 2029
88 2030
88 2031
88 2032
87 2033
87 2034
87 2035
86 2036
86 2037
86 2038
86 2039
86 2040
86 2041
86 2042
86 2043
87 2044
87 2045
87 2046
88 2047
89 2048
89 2049
89 2050
89 2051
90 2052
91 2053
91 2054
91 2055
92 2056
92 2057
93 2058
93 2059
93 2060
93 2061
94 2061
95 2062
95 2063
95 2064
96 2065
96 2066
96 2067
96 2068
96 2069
96 2070
96 2071
96 2072
96 2073
96 2074
96 2075
96 2076
96 2077
96 2078
97 2079
97 2080
98 2081
98 2082
98 2083
98 2084
98 2085
98 2086
98 2087
98 2088
98 2089
99 2090
99 2091
99 2092
99 2093
100 2094
100 2095
100 2096
100 2097
100 2098
100 2099
100 2100
100 2101
101 2102
101 2103
101 2104
101 2105
102 2106
102 2107
103 2108
103 2109
103 2110
103 2111
104 2111
105 2112
105 2113
105 2114
105 2115
106 2116
106 2117
106 2118
106 2119
107 2120
107 2121
107 2122
107 2123
108 2123
109 2124
109 2125
109 2126
109 2127
110 2128
111 2129
111 2130
112 2131
113 2132
114 2133
115 2134
116 2135
116 2136
117 2137
118 2138
118 2139
119 2140
120 2141
121 2142
122 2143
123 2144
124 2145
124 2146
125 2147
125 2148
126 2149
127 2150
127 2151
128 2151
129 2152
129 2153
129 2154
130 2155
131 2156
131 2157
132 2158
133 2159
133 2160
134 2161
134 2162
135 2163
136 2164
136 2165
137 2166
138 2166
139 2167
139 2168
140 2169
141 2170
142 2171
143 2171
144 2172
145 2173
146 2173
147 2174
148 2175
149 2176
150 2177
151 2178
152 2179
153 2180
154 2180
155 2181
155 2182
156 2182
157 2183
158 2184
159 2185
160 2185
161 2186
162 2187
163 2187
164 2188
165 2188
166 2189
167 2189
168 2190
169 2190
170 2190
171 2190
172 2191
173 2191
174 2191
175 2191
176 2192
177 2192
178 2192
179 2193
180 2194
181 2194
182 2195
183 2196
184 2196
185 2197
186 2197
187 2198
188 2199
189 2199
190 2200
191 2201
192 2201
193 2201
194 2202
195 2202
196 2203
197 2203
198 2204
199 2204
200 2205
200 2206
201 2206
202 2206
203 2207
204 2207
205 2208
206 2208
207 2209
208 2209
209 2210
210 2210
211 2210
212 2211
212 2212
213 2212
214 2212
215 2212
216 2213
217 2213
218 2214
219 2214
220 2214
221 2215
222 2216
223 2216
224 2216
225 2216
226 2217
227 2217
228 2218
229 2218
230 2218
231 2218
232 2219
233 2219
234 2219
235 2219
236 2220
237 2220
238 2220
239 2221
240 2222
241 2222
242 2222
243 2223
244 2223
245 2224
246 2224
247 2224
248 2225
249 2225
250 2225
251 2225
252 2226
253 2226
254 2226
255 2226
256 2227
257 2227
258 2227
259 2227
260 2227
261 2227
262 2227
263 2227
264 2227
265 2227
266 2227
267 2227
268 2228
269 2228
270 2228
271 2228
272 2229
273 2229
274 2229
275 2229
276 2229
277 2229
278 2229
279 2229
280 2229
281 2229
282 2229
283 2229
284 2229
285 2229
286 2229
287 2229
288 2229
289 2229
290 2229
291 2229
292 2228
293 2228
294 2228
295 2228
296 2227
297 2227
298 2226
299 2226
300 2226
301 2225
302 2225
303 2224
304 2224
305 2224
305 2223
306 2222
307 2222
308 2222
309 2222
310 2221
311 2220
312 2220
313 2219
314 2219
315 2218
316 2218
317 2217
318 2216
319 2215
320 2215
321 2214
322 2213
323 2213
324 2212
325 2212
326 2211
327 2211
328 2211
329 2210
330 2210
331 2210
331 2209
332 2208
333 2207
334 2207
335 2207
336 2206
337 2206
338 2206
339 2206
340 2206
341 2206
342 2205
343 2204
344 2203
345 2203
346 2202
347 2201
348 2200
348 2199
349 2198
350 2198
350 2197
351 2196
352 2195
353 2194
353 2193
354 2192
355 2191
356 2190
357 2189
358 2188
358 2187
359 2186
360 2186
360 2185
361 2184
362 2184
362 2183
363 2182
364 2181
365 2181
365 2180
366 2179
367 2178
368 2177
368 2176
368 2175
369 2174
369 2173
370 2172
370 2171
370 2170
371 2169
371 2168
372 2167
372 2166
373 2165
374 2164
374 2163
374 2162
375 2161
375 2160
376 2159
376 2158
376 2157
376 2156
377 2155
377 2154
378 2153
378 2152
378 2151
378 2150
379 2149
379 2148
380 2147
380 2146
380 2145
381 2144
381 2143
381 2142
381 2141
381 2140
381 2139
381 2138
381 2137
381 2136
381 2135
381 2134
382 2133
382 2132
382 2131
382 2130
383 2129
383 2128
383 2127
383 2126
383 2125
383 2124
383 2123
383 2122
383 2121
383 2120
383 2119
383 2118
383 2117
383 2116
383 2115
384 2114
384 2113
385 2112
385 2111
385 2110
385 2109
385 2108
385 2107
385 2106
385 2105
385 2104
385 2103
385 2102
385 2101
385 2100
385 2099
385 2098
385 2097
385 2096
385 2095
385 2094
385 2093
385 2092
385 2091
385 2090
385 2089
385 2088
385 2087
385 2086
385 2085
385 2084
385 2083
385 2082
385 2081
385 2080
385 2079
385 2078
385 2077
385 2076
385 2075
385 2074
385 2073
385 2072
385 2071
385 2070
384 2069
384 2068
384 2067
383 2066
383 2065
382 2064
382 2063
382 2062
381 2061
381 2060
380 2059
380 2058
380 2057
380 2056
379 2055
379 2054
379 2053
379 2052
378 2051
378 2050
378 2049
378 2048
377 2047
377 2046
376 2045
376 2044
376 2043
376 2042
375 2041
375 2040
375 2039
375 2038
374 2037
374 2036
374 2035
374 2034
373 2033
373 2032
373 2031
373 2030
373 2029
373 2028
373 2027
373 2026
373 2025
372 2024
372 2023
372 2022
371 2021
371 2020
371 2019
371 2018
371 2017
371 2016
371 2015
371 2014
370 2013
370 2012
370 2011
370 2010
369 2009
369 2008
369 2007
369 2006
369 2005
369 2004
369 2003
369 2002
369 2001
369 2000
369 1999
369 1998
369 1997
369 1996
369 1995
369 1994
369 1993
369 1992
369 1991
369 1990
369 1989
369 1988
369 1987
369 1986
369 1985
369 1984
369 1983
369 1982
369 1981
369 1980
369 1979
369 1978
369 1977
370 1976
370 1975
370 1974
371 1973
371 1972
371 1971
371 1970
371 1969
371 1968
371 1967
371 1966
371 1965
371 1964
371 1963
371 1962
371 1961
371 1960
371 1959
371 1958
371 1957
371 1956
371 1955
371 1954
371 1953
371 1952
371 1951
371 1950
371 1949
371 1948
371 1947
371 1946
371 1945
371 1944
371 1943
371 1942
370 1941
370 1940
370 1939
370 1938
369 1937
369 1936
368 1935
368 1934
368 1933
367 1932
367 1931
366 1930
366 1929
365 1929
364 1928
364 1927
363 1926
362 1925
362 1924
361 1923
361 1922
360 1921
360 1920
359 1920
358 1919
358 1918
357 1917
356 1916
356 1915
356 1914
355 1913
354 1912
354 1911
353 1910
353 1909
352 1908
352 1907
351 1906
351 1905
350 1904
349 1903
349 1902
348 1901
347 1900
347 1899
346 1898
346 1897
345 1897
344 1896
344 1895
343 1895
342 1894
341 1893
341 1892
340 1892
339 1891
338 1890
337 1889
336 1889
335 1888
334 1887
333 1887
332 1886
331 1886
330 1885
329 1885
328 1884
327 1884
326 1883
325 1883
324 1882
323 1881
322 1881
321 1881
320 1880
319 1880
318 1880
317 1880
316 1880
315 1879
314 1879
313 1879
312 1879
311 1878
310 1878
309 1877
308 1877
307 1877
306 1876
305 1875
304 1875
303 1875
302 1874
301 1874
300 1873
299 1873
298 1872
297 1872
296 1871
295 1871
294 1870
293 1869
292 1869
291 1869
290 1868
289 1867
288 1867
287 1867
286 1867
285 1866
284 1866
283 1866
282 1866
281 1866
280 1866
279 1866
278 1866
277 1865
