594 951
593 952
592 952
591 952
590 953
589 953
588 953
587 953
586 954
585 954
584 954
583 955
582 955
581 956
580 956
579 957
578 958
577 958
576 959
575 959
574 960
574 961
573 962
572 963
571 963
571 964
570 965
569 965
568 966
567 966
566 967
565 967
564 968
563 968
562 969
561 969
560 970
559 970
558 971
557 971
556 971
555 971
554 971
553 971
552 971
551 971
550 972
549 972
548 973
547 973
546 974
545 975
544 976
543 976
542 977
541 977
540 977
539 977
538 978
537 978
536 979
535 980
534 981
534 982
533 983
533 984
532 985
531 985
531 986
530 987
529 988
528 989
527 990
526 991
525 992
524 992
523 993
523 994
522 995
521 995
520 996
519 997
519 998
518 999
517 999
516 1000
515 1001
515 1002
514 1003
513 1003
512 1004
511 1005
510 1006
509 1007
509 1008
508 1009
507 1010
507 1011
506 1012
506 1013
505 1014
505 1015
504 1016
503 1017
503 1018
502 1019
501 1020
501 1021
500 1022
499 1023
499 1024
498 1025
497 1026
497 1027
496 1028
495 1029
494 1030
493 1031
492 1032
491 1033
491 1034
490 1035
489 1035
488 1036
487 1037
486 1038
485 1039
485 1040
484 1041
483 1042
482 1043
482 1044
481 1045
481 1046
480 1047
480 1048
479 1049
478 1049
478 1050
477 1051
477 1052
476 1053
475 1053
475 1054
474 1055
473 1056
472 1057
471 1058
470 1059
470 1060
470 1061
470 1062
469 1063
469 1064
468 1065
468 1066
467 1067
467 1068
466 1069
466 1070
465 1071
465 1072
464 1073
464 1074
463 1075
463 1076
462 1077
461 1078
460 1078
459 1079
459 1080
458 1081
457 1081
456 1082
455 1083
455 1084
454 1085
453 1086
452 1087
451 1087
450 1088
449 1089
449 1090
448 1091
447 1091
447 1092
446 1093
445 1094
444 1095
443 1095
443 1096
442 1097
441 1098
440 1099
440 1100
440 1101
439 1102
439 1103
438 1104
437 1105
437 1106
436 1107
435 1108
434 1109
434 1110
434 1111
434 1112
433 1113
432 1113
432 1114
432 1115
431 1116
431 1117
431 1118
431 1119
431 1120
431 1121
431 1122
431 1123
431 1124
430 1125
430 1126
430 1127
430 1128
429 1129
429 1130
429 1131
429 1132
429 1133
429 1134
428 1135
428 1136
428 1137
428 1138
427 1139
427 1140
426 1141
426 1142
426 1143
426 1144
425 1145
424 1145
424 1146
424 1147
424 1148
423 1149
423 1150
423 1151
423 1152
422 1153
422 1154
422 1155
422 1156
421 1157
420 1157
420 1158
420 1159
420 1160
419 1161
419 1162
419 1163
419 1164
419 1165
419 1166
419 1167
419 1168
419 1169
419 1170
419 1171
419 1172
419 1173
419 1174
419 1175
418 1176
418 1177
418 1178
417 1179
417 1180
418 1181
418 1182
418 1183
418 1184
419 1185
419 1186
420 1187
420 1188
420 1189
420 1190
421 1191
421 1192
421 1193
421 1194
421 1195
421 1196
421 1197
421 1198
421 1199
421 1200
421 1201
421 1202
421 1203
421 1204
421 1205
421 1206
421 1207
421 1208
421 1209
421 1210
421 1211
421 1212
421 1213
421 1214
421 1215
421 1216
421 1217
421 1218
421 1219
421 1220
421 1221
421 1222
421 1223
421 1224
421 1225
421 1226
422 1227
422 1228
422 1229
422 1230
423 1231
423 1232
423 1233
423 1234
423 1235
423 1236
423 1237
423 1238
423 1239
423 1240
423 1241
423 1242
423 1243
423 1244
423 1245
423 1246
423 1247
423 1248
423 1249
423 1250
423 1251
423 1252
423 1253
423 1254
423 1255
423 1256
423 1257
423 1258
423 1259
423 1260
423 1261
423 1262
423 1263
423 1264
423 1265
423 1266
423 1267
423 1268
423 1269
423 1270
423 1271
423 1272
424 1273
424 1274
424 1275
424 1276
425 1277
425 1278
425 1279
425 1280
426 1281
426 1282
426 1283
426 1284
427 1285
428 1286
428 1287
428 1288
429 1289
429 1290
429 1291
429 1292
429 1293
429 1294
429 1295
429 1296
429 1297
429 1298
429 1299
429 1300
429 1301
429 1302
429 1303
429 1304
429 1305
429 1306
429 1307
429 1308
430 1309
430 1310
430 1311
430 1312
431 1313
431 1314
431 1315
431 1316
432 1317
432 1318
432 1319
432 1320
433 1321
433 1322
433 1323
433 1324
433 1325
433 1326
433 1327
433 1328
433 1329
433 1330
433 1331
433 1332
433 1333
434 1334
434 1335
434 1336
435 1337
435 1338
435 1339
435 1340
436 1341
436 1342
436 1343
436 1344
437 1345
437 1346
437 1347
437 1348
437 1349
437 1350
437 1351
437 1352
437 1353
437 1354
438 1355
438 1356
438 1357
438 1358
439 1359
439 1360
440 1361
440 1362
440 1363
441 1364
441 1365
442 1366
443 1367
443 1368
444 1369
444 1370
445 1371
446 1372
446 1373
447 1374
447 1375
448 1376
449 1377
449 1378
450 1378
451 1379
451 1380
452 1381
452 1382
453 1383
454 1384
455 1385
455 1386
456 1387
457 1388
457 1389
458 1390
459 1391
459 1392
460 1392
461 1393
461 1394
462 1395
463 1396
464 1397
464 1398
464 1399
465 1400
466 1401
466 1402
467 1403
467 1404
468 1405
469 1406
469 1407
470 1408
471 1409
471 1410
472 1411
473 1412
474 1413
474 1414
475 1415
476 1416
477 1417
477 1418
478 1419
479 1420
480 1421
481 1422
482 1422
483 1423
484 1424
485 1424
486 1425
487 1426
488 1426
489 1427
490 1428
491 1429
491 1430
492 1430
493 1431
494 1432
495 1432
496 1432
497 1432
498 1432
499 1433
500 1433
501 1433
502 1433
503 1434
504 1434
505 1434
506 1434
507 1435
508 1435
509 1435
510 1435
511 1436
511 1437
512 1437
513 1437
514 1438
515 1438
516 1439
517 1439
518 1439
519 1440
520 1440
521 1441
522 1441
523 1442
524 1442
525 1443
526 1443
527 1444
528 1445
529 1445
530 1446
531 1446
532 1447
533 1448
534 1448
535 1449
536 1449
537 1450
538 1450
539 1451
540 1451
541 1452
542 1452
543 1453
544 1453
545 1454
545 1455
546 1455
547 1456
548 1456
549 1457
550 1458
551 1458
552 1459
553 1459
554 1459
555 1460
556 1460
557 1460
558 1460
559 1461
560 1461
561 1461
562 1462
563 1462
564 1463
565 1463
566 1463
567 1464
568 1464
569 1465
570 1465
571 1465
572 1465
573 1466
574 1466
575 1467
576 1467
577 1467
578 1468
579 1468
580 1469
581 1470
582 1470
583 1471
584 1471
585 1472
585 1473
586 1473
587 1474
588 1474
589 1475
590 1476
590 1477
591 1478
592 1478
593 1479
593 1480
594 1480
595 1481
596 1481
597 1482
598 1482
599 1483
600 1483
601 1483
602 1483
603 1484
604 1484
605 1485
606 1485
607 1485
608 1485
609 1486
610 1486
611 1486
612 1486
613 1486
614 1486
615 1486
616 1486
617 1486
618 1486
619 1486
620 1486
621 1486
622 1486
623 1486
624 1486
625 1486
626 1486
627 1486
628 1486
629 1486
630 1486
631 1486
632 1486
633 1485
634 1485
635 1485
636 1484
637 1484
638 1483
639 1483
640 1483
641 1482
642 1481
643 1481
644 1480
645 1480
646 1479
647 1479
648 1479
648 1478
649 1477
650 1477
651 1477
652 1477
653 1476
654 1476
655 1476
656 1476
657 1475
658 1475
659 1475
660 1474
661 1473
662 1473
663 1473
664 1473
665 1472
666 1472
667 1472
668 1472
669 1472
670 1472
671 1472
672 1472
673 1472
674 1472
675 1472
676 1472
677 1472
678 1471
679 1471
680 1471
681 1470
682 1470
683 1469
684 1469
685 1469
686 1469
687 1468
688 1467
689 1466
690 1465
691 1464
691 1463
691 1462
691 1461
692 1460
692 1459
693 1458
693 1457
693 1456
694 1455
695 1454
695 1453
695 1452
696 1451
696 1450
697 1449
697 1448
698 1447
699 1446
699 1445
700 1444
700 1443
701 1442
702 1442
702 1441
703 1440
704 1439
704 1438
705 1437
706 1436
707 1435
708 1434
709 1433
710 1432
711 1431
712 1431
712 1430
713 1429
714 1429
715 1429
716 1428
717 1428
718 1427
719 1426
720 1426
720 1425
721 1424
722 1424
722 1423
723 1422
724 1421
725 1421
726 1420
726 1419
727 1418
727 1417
728 1416
729 1416
729 1415
729 1414
730 1413
730 1412
730 1411
730 1410
730 1409
730 1408
730 1407
730 1406
730 1405
730 1404
730 1403
730 1402
730 1401
730 1400
730 1399
730 1398
730 1397
730 1396
730 1395
730 1394
730 1393
730 1392
730 1391
730 1390
730 1389
730 1388
730 1387
730 1386
730 1385
730 1384
730 1383
730 1382
730 1381
730 1380
730 1379
730 1378
730 1377
730 1376
730 1375
730 1374
730 1373
730 1372
730 1371
730 1370
730 1369
731 1368
731 1367
731 1366
731 1365
732 1364
732 1363
732 1362
732 1361
732 1360
732 1359
732 1358
732 1357
732 1356
732 1355
732 1354
732 1353
732 1352
732 1351
732 1350
732 1349
732 1348
732 1347
732 1346
732 1345
732 1344
732 1343
732 1342
732 1341
732 1340
732 1339
732 1338
732 1337
733 1336
733 1335
733 1334
733 1333
734 1332
734 1331
734 1330
734 1329
734 1328
734 1327
734 1326
734 1325
734 1324
734 1323
734 1322
734 1321
735 1320
735 1319
735 1318
736 1317
736 1316
736 1315
736 1314
736 1313
736 1312
736 1311
736 1310
736 1309
736 1308
736 1307
736 1306
736 1305
736 1304
736 1303
736 1302
736 1301
737 1300
737 1299
737 1298
737 1297
738 1296
738 1295
738 1294
738 1293
738 1292
738 1291
738 1290
738 1289
738 1288
738 1287
739 1286
739 1285
739 1284
739 1283
740 1282
740 1281
740 1280
740 1279
740 1278
740 1277
740 1276
740 1275
740 1274
740 1273
741 1272
741 1271
741 1270
741 1269
742 1268
742 1267
742 1266
742 1265
743 1264
743 1263
743 1262
744 1261
744 1260
744 1259
744 1258
744 1257
744 1256
744 1255
744 1254
744 1253
744 1252
744 1251
744 1250
744 1249
745 1248
745 1247
745 1246
746 1245
746 1244
746 1243
746 1242
746 1241
746 1240
746 1239
746 1238
746 1237
747 1236
747 1235
747 1234
747 1233
748 1232
748 1231
748 1230
748 1229
748 1228
748 1227
748 1226
748 1225
748 1224
748 1223
748 1222
748 1221
748 1220
748 1219
748 1218
748 1217
748 1216
748 1215
748 1214
748 1213
748 1212
748 1211
748 1210
748 1209
748 1208
748 1207
748 1206
748 1205
748 1204
748 1203
748 1202
748 1201
748 1200
748 1199
748 1198
748 1197
748 1196
748 1195
748 1194
748 1193
748 1192
748 1191
748 1190
748 1189
748 1188
748 1187
748 1186
748 1185
748 1184
748 1183
748 1182
748 1181
748 1180
748 1179
748 1178
748 1177
748 1176
748 1175
748 1174
748 1173
748 1172
748 1171
748 1170
748 1169
748 1168
748 1167
748 1166
748 1165
748 1164
748 1163
748 1162
748 1161
748 1160
748 1159
748 1158
748 1157
748 1156
748 1155
748 1154
748 1153
748 1152
748 1151
748 1150
748 1149
748 1148
748 1147
748 1146
747 1145
747 1144
747 1143
746 1142
746 1141
746 1140
746 1139
747 1138
747 1137
746 1136
746 1135
747 1134
747 1133
746 1132
746 1131
746 1130
746 1129
746 1128
746 1127
745 1126
745 1125
744 1124
744 1123
743 1122
743 1121
742 1121
741 1120
741 1119
741 1118
741 1117
740 1116
740 1115
739 1114
739 1113
739 1112
738 1111
738 1110
737 1109
736 1108
736 1107
735 1107
734 1106
734 1105
733 1105
732 1104
732 1103
731 1102
730 1101
729 1100
729 1099
729 1098
728 1097
727 1096
727 1095
727 1094
727 1093
726 1092
725 1091
725 1090
725 1089
724 1089
723 1088
723 1087
723 1086
723 1085
722 1084
721 1083
720 1082
720 1081
719 1081
718 1080
718 1079
717 1078
716 1078
715 1077
714 1076
714 1075
713 1074
713 1073
712 1072
711 1071
710 1070
710 1069
709 1068
708 1067
707 1066
707 1065
706 1065
705 1064
705 1063
704 1062
704 1061
703 1060
703 1059
702 1058
701 1057
700 1056
700 1055
699 1054
698 1053
697 1052
696 1051
696 1050
695 1049
695 1048
694 1047
693 1046
693 1045
693 1044
693 1043
692 1042
691 1041
691 1040
691 1039
690 1038
689 1037
689 1036
689 1035
688 1034
688 1033
687 1032
687 1031
687 1030
687 1029
686 1028
686 1027
685 1026
685 1025
685 1024
685 1023
684 1023
683 1022
683 1021
683 1020
683 1019
682 1018
682 1017
682 1016
682 1015
682 1014
682 1013
682 1012
681 1011
681 1010
681 1009
680 1008
680 1007
680 1006
680 1005
680 1004
680 1003
680 1002
680 1001
681 1000
681 999
681 998
681 997
681 996
681 995
681 994
681 993
680 992
679 991
678 990
678 989
677 988
676 987
675 986
674 985
673 984
672 983
671 982
670 981
670 980
669 979
668 978
667 978
666 977
665 976
664 975
663 975
662 974
661 973
660 972
659 971
658 970
657 969
656 968
656 967
655 967
654 966
653 966
652 965
652 964
651 964
650 964
649 964
648 963
648 962
647 962
646 962
645 961
644 961
643 960
642 960
641 959
640 958
639 958
638 958
637 958
636 957
635 957
634 957
633 957
632 957
631 957
630 957
629 957
628 956
627 956
626 956
625 956
624 955
624 954
623 954
622 954
621 954
620 953
619 953
618 953
617 953
616 953
615 953
614 953
613 953
612 953
611 953
610 952
609 952
608 952
607 951
606 951
605 951
604 951
603 951
602 951
601 951
600 951
599 951
598 951
597 951
596 951
595 951
594 951
