238 51
237 52
236 52
235 52
234 52
233 53
232 53
231 53
230 53
229 54
228 54
227 55
226 55
225 56
224 57
223 57
222 57
221 58
220 58
219 58
218 58
217 59
216 59
215 60
214 60
213 60
212 60
211 61
210 61
209 61
208 62
207 62
206 62
205 63
204 63
203 64
202 64
201 65
200 65
199 66
198 67
197 68
196 68
195 68
194 69
193 70
192 71
191 71
191 72
190 73
189 74
188 75
187 75
186 76
185 76
184 76
183 77
182 78
181 79
180 79
179 80
178 81
177 82
176 83
175 83
174 84
173 85
172 85
171 86
171 87
170 88
169 88
169 89
168 90
167 90
167 91
166 92
165 93
164 93
164 94
163 95
163 96
162 97
161 97
161 98
160 99
159 100
159 101
158 102
157 103
156 103
155 104
154 105
153 106
152 106
151 107
150 108
149 109
148 110
147 111
146 112
145 113
144 114
143 115
142 115
141 116
141 117
140 118
139 119
138 120
137 120
137 121
136 122
135 122
135 123
134 124
133 124
133 125
132 126
131 126
131 127
130 128
129 128
129 129
128 130
127 130
127 131
126 132
125 132
125 133
124 134
123 134
123 135
122 136
121 136
121 137
120 138
119 138
119 139
118 140
117 140
117 141
116 142
115 142
115 143
114 144
113 144
113 145
112 146
111 146
111 147
110 148
109 148
109 149
108 150
107 150
107 151
106 152
105 152
104 153
104 154
103 155
103 156
102 157
102 158
101 159
101 160
101 161
101 162
100 163
100 164
100 165
100 166
99 167
99 168
99 169
98 170
98 171
97 172
97 173
96 174
96 175
95 176
95 177
95 178
94 179
94 180
93 181
93 182
93 183
93 184
92 185
91 185
91 186
91 187
91 188
90 189
90 190
89 191
89 192
89 193
89 194
88 195
88 196
88 197
88 198
88 199
88 200
87 201
87 202
87 203
87 204
86 205
85 206
85 207
85 208
84 209
83 209
83 210
83 211
83 212
82 213
82 214
82 215
82 216
82 217
82 218
81 219
81 220
81 221
81 222
80 223
80 224
80 225
80 226
79 227
79 228
79 229
79 230
78 231
78 232
77 233
77 234
77 235
76 236
75 237
75 238
75 239
75 240
74 241
73 241
74 242
74 243
74 244
73 245
72 245
72 246
73 247
73 248
72 249
72 250
71 251
71 252
71 253
70 254
70 255
69 256
69 257
69 258
68 259
68 260
67 261
67 262
67 263
67 264
66 265
65 265
65 266
65 267
65 268
64 269
63 269
63 270
63 271
63 272
62 273
62 274
61 275
61 276
60 277
60 278
59 279
59 280
58 281
57 281
57 282
57 283
57 284
56 285
56 286
55 287
55 288
55 289
55 290
54 291
54 292
54 293
54 294
53 295
53 296
53 297
52 298
52 299
52 300
52 301
52 302
52 303
52 304
51 305
51 306
51 307
51 308
50 309
50 310
49 311
49 312
49 313
49 314
48 315
48 316
48 317
48 318
47 319
47 320
47 321
47 322
46 323
46 324
46 325
46 326
45 327
45 328
45 329
44 330
44 331
44 332
44 333
44 334
44 335
44 336
44 337
44 338
43 339
43 340
43 341
42 342
42 343
42 344
43 345
43 346
43 347
43 348
44 349
44 350
44 351
44 352
44 353
44 354
44 355
44 356
44 357
44 358
44 359
44 360
44 361
44 362
44 363
44 364
44 365
44 366
44 367
44 368
44 369
44 370
44 371
44 372
45 373
45 374
45 375
45 376
46 377
46 378
46 379
46 380
47 381
47 382
47 383
47 384
48 385
48 386
48 387
48 388
48 389
48 390
48 391
48 392
48 393
48 394
48 395
48 396
48 397
48 398
49 399
49 400
49 401
49 402
50 403
50 404
50 405
50 406
50 407
50 408
50 409
50 410
50 411
50 412
49 413
49 414
49 415
49 416
48 417
48 418
48 419
48 420
48 421
48 422
48 423
48 424
48 425
48 426
47 427
47 428
47 429
47 430
46 431
46 432
46 433
46 434
46 435
46 436
46 437
46 438
46 439
46 440
46 441
46 442
46 443
46 444
46 445
46 446
46 447
46 448
46 449
46 450
46 451
46 452
46 453
46 454
45 455
45 456
45 457
45 458
44 459
44 460
44 461
44 462
43 463
43 464
43 465
43 466
42 467
42 468
41 469
41 470
41 471
41 472
40 473
40 474
40 475
40 476
39 477
39 478
39 479
39 480
38 481
38 482
38 483
38 484
38 485
38 486
38 487
38 488
38 489
38 490
38 491
38 492
39 493
39 494
39 495
39 496
40 497
40 498
40 499
40 500
41 501
41 502
41 503
41 504
42 505
42 506
42 507
42 508
43 509
43 510
43 511
43 512
44 513
44 514
44 515
44 516
45 517
45 518
45 519
45 520
46 521
46 522
46 523
46 524
46 525
46 526
46 527
46 528
45 529
45 530
46 531
46 532
46 533
47 534
48 535
49 536
49 537
50 538
50 539
51 540
52 541
53 542
54 543
54 544
55 545
56 546
56 547
57 548
57 549
57 550
58 551
58 552
59 553
59 554
59 555
59 556
60 557
60 558
60 559
60 560
60 561
60 562
60 563
60 564
60 565
60 566
60 567
60 568
60 569
60 570
60 571
60 572
61 573
61 574
61 575
61 576
62 577
62 578
62 579
62 580
62 581
62 582
62 583
62 584
62 585
62 586
62 587
62 588
62 589
62 590
62 591
62 592
63 593
63 594
63 595
63 596
64 597
64 598
65 599
65 600
65 601
65 602
66 603
66 604
66 605
66 606
66 607
66 608
66 609
66 610
67 611
67 612
67 613
67 614
68 615
68 616
68 617
68 618
68 619
68 620
68 621
68 622
68 623
68 624
68 625
68 626
67 627
67 628
67 629
67 630
66 631
66 632
66 633
66 634
67 635
67 636
67 637
67 638
68 639
68 640
68 641
68 642
68 643
68 644
68 645
68 646
68 647
68 648
68 649
68 650
68 651
68 652
69 653
69 654
69 655
69 656
70 657
70 658
71 659
71 660
71 661
71 662
72 663
72 664
72 665
72 666
72 667
72 668
73 669
73 670
74 671
75 672
76 673
76 674
77 675
77 676
78 677
78 678
78 679
78 680
78 681
78 682
77 683
77 684
77 685
77 686
76 687
76 688
76 689
76 690
76 691
76 692
77 693
77 694
77 695
77 696
78 697
79 698
80 699
80 700
81 700
82 701
82 702
83 702
84 703
85 704
86 704
87 705
88 705
89 706
90 706
91 707
92 708
93 709
93 710
94 711
95 712
95 713
95 714
96 715
96 716
96 717
97 718
96 719
96 720
97 720
98 721
98 722
98 723
98 724
99 725
99 726
100 727
100 728
101 729
101 730
101 731
102 732
102 733
103 734
103 735
104 736
105 737
106 738
107 739
108 740
109 741
110 742
111 742
112 743
112 744
113 744
114 744
115 745
116 745
117 746
118 747
118 748
119 749
120 749
121 750
121 751
122 751
123 752
124 753
124 754
125 754
126 755
127 756
128 756
129 757
130 757
131 758
132 759
133 759
134 759
135 760
136 760
137 761
138 762
139 762
140 763
141 764
141 765
142 766
143 767
144 767
145 768
145 769
146 770
147 771
148 771
149 772
150 773
151 774
152 775
153 776
154 776
155 777
155 778
156 779
157 780
158 780
159 781
160 780
161 780
162 781
162 782
163 782
164 781
165 781
166 782
167 783
168 783
169 784
170 785
171 785
172 785
173 786
174 787
175 788
176 789
177 790
178 791
179 792
179 793
180 793
181 793
182 794
183 794
184 795
185 795
186 795
187 795
188 796
188 797
189 797
190 797
191 797
192 798
193 798
194 798
195 798
196 799
197 799
198 799
199 800
200 800
201 801
202 801
203 802
204 803
205 803
206 803
207 804
208 804
209 805
210 806
211 806
212 807
213 808
214 808
215 809
216 810
217 810
218 811
219 812
219 813
220 813
221 813
222 814
223 815
224 816
225 817
226 818
227 819
228 819
229 820
230 821
231 821
232 822
233 822
234 823
235 823
236 823
237 824
238 825
239 826
240 826
241 827
242 828
243 829
244 830
245 830
246 831
247 832
248 833
249 834
250 834
251 835
252 836
252 837
253 838
254 838
255 839
256 840
257 840
258 841
259 841
260 841
261 841
262 842
263 842
264 842
265 843
266 843
267 843
268 844
269 844
270 844
271 844
272 844
273 844
274 844
275 843
276 843
277 843
278 843
279 843
280 843
281 844
282 844
283 844
284 843
285 843
286 843
287 843
288 842
289 842
290 842
291 842
292 842
293 842
294 842
295 842
296 842
297 842
298 842
299 842
300 842
301 842
302 842
303 842
304 842
305 842
306 843
307 843
308 843
309 843
310 844
310 845
311 845
312 846
313 847
314 847
315 848
316 849
317 849
318 850
319 850
320 851
321 852
322 852
323 853
324 854
325 854
326 854
327 854
328 854
329 855
330 855
331 856
332 857
333 857
334 858
335 858
336 858
337 858
338 859
339 859
340 858
341 858
342 858
343 858
344 859
345 859
346 859
347 859
348 859
349 859
350 859
351 858
352 858
353 857
354 857
355 856
356 856
357 855
358 854
359 854
359 853
360 852
361 852
362 851
363 850
364 849
365 849
366 848
367 848
368 848
369 847
370 846
371 846
372 845
373 845
374 844
375 843
376 842
377 842
378 841
379 840
380 840
381 839
382 839
383 838
384 838
385 837
386 836
387 836
388 835
389 835
390 834
391 833
392 833
393 832
394 832
395 831
396 830
397 830
398 829
398 828
399 827
400 827
401 826
402 826
403 825
404 825
405 825
406 824
407 823
408 822
409 822
410 821
410 820
411 819
412 818
413 818
414 817
414 816
415 815
416 815
417 814
417 813
418 812
419 811
420 810
420 809
421 808
421 807
422 806
423 805
424 805
425 804
426 803
427 802
428 801
428 800
429 799
430 798
430 797
431 796
432 795
433 794
433 793
434 792
434 791
435 790
435 789
436 788
436 787
437 786
438 785
438 784
439 783
440 782
441 781
441 780
442 779
443 778
444 777
444 776
445 775
445 774
446 773
447 772
447 771
448 770
448 769
449 768
450 768
450 767
450 766
450 765
451 764
451 763
452 762
452 761
452 760
453 759
454 758
454 757
455 756
456 755
456 754
456 753
457 752
457 751
458 750
458 749
458 748
458 747
459 746
459 745
460 744
460 743
460 742
460 741
461 740
461 739
462 738
462 737
462 736
463 735
463 734
463 733
463 732
463 731
463 730
463 729
464 728
464 727
464 726
464 725
465 724
465 723
465 722
465 721
465 720
465 719
465 718
465 717
465 716
465 715
465 714
465 713
465 712
465 711
465 710
465 709
465 708
465 707
465 706
465 705
465 704
465 703
465 702
465 701
465 700
465 699
465 698
465 697
465 696
465 695
465 694
465 693
465 692
465 691
465 690
465 689
465 688
465 687
465 686
465 685
465 684
465 683
465 682
465 681
465 680
465 679
465 678
465 677
465 676
465 675
465 674
465 673
466 672
466 671
466 670
466 669
467 668
467 667
467 666
467 665
467 664
467 663
467 662
467 661
467 660
467 659
467 658
467 657
468 656
468 655
468 654
468 653
469 652
469 651
469 650
469 649
469 648
469 647
469 646
469 645
469 644
469 643
470 642
470 641
470 640
471 639
471 638
471 637
471 636
471 635
471 634
471 633
471 632
471 631
472 630
472 629
472 628
472 627
473 626
473 625
473 624
473 623
473 622
473 621
474 620
474 619
474 618
474 617
475 616
475 615
475 614
475 613
475 612
475 611
475 610
475 609
475 608
475 607
476 606
476 605
476 604
476 603
477 602
477 601
477 600
477 599
477 598
477 597
477 596
477 595
477 594
477 593
478 592
478 591
478 590
478 589
479 588
479 587
479 586
479 585
479 584
479 583
479 582
479 581
480 580
480 579
480 578
480 577
481 576
481 575
481 574
481 573
481 572
481 571
481 570
481 569
481 568
481 567
481 566
481 565
482 564
482 563
482 562
482 561
483 560
483 559
483 558
483 557
484 556
484 555
484 554
484 553
485 552
485 551
485 550
485 549
485 548
485 547
485 546
485 545
486 544
486 543
486 542
486 541
487 540
487 539
487 538
487 537
487 536
487 535
488 534
488 533
488 532
488 531
489 530
489 529
489 528
489 527
489 526
489 525
489 524
489 523
489 522
489 521
490 520
490 519
489 518
489 517
490 516
490 515
489 514
489 513
488 512
489 511
489 510
489 509
489 508
489 507
490 506
490 505
491 504
491 503
491 502
491 501
492 500
493 499
493 498
494 497
494 496
493 495
493 494
493 493
492 492
492 491
493 490
493 489
493 488
493 487
493 486
493 485
493 484
493 483
493 482
493 481
493 480
493 479
493 478
493 477
493 476
493 475
493 474
493 473
493 472
493 471
493 470
493 469
493 468
493 467
493 466
493 465
493 464
493 463
493 462
493 461
493 460
493 459
493 458
493 457
493 456
493 455
493 454
493 453
493 452
493 451
493 450
493 449
493 448
493 447
493 446
493 445
493 444
493 443
493 442
493 441
493 440
493 439
493 438
493 437
493 436
493 435
493 434
493 433
492 432
492 431
492 430
492 429
491 428
491 427
491 426
491 425
491 424
491 423
492 422
492 421
492 420
492 419
492 418
492 417
492 416
492 415
492 414
492 413
491 412
491 411
492 410
492 409
491 408
491 407
491 406
491 405
490 404
490 403
490 402
490 401
489 400
489 399
489 398
489 397
489 396
489 395
489 394
489 393
489 392
489 391
489 390
489 389
489 388
489 387
489 386
489 385
489 384
489 383
489 382
489 381
489 380
489 379
489 378
489 377
489 376
489 375
489 374
489 373
489 372
489 371
489 370
489 369
489 368
489 367
489 366
489 365
488 364
488 363
488 362
488 361
487 360
487 359
487 358
487 357
487 356
487 355
487 354
487 353
487 352
487 351
487 350
487 349
487 348
487 347
487 346
487 345
487 344
487 343
487 342
487 341
487 340
487 339
487 338
487 337
487 336
487 335
487 334
487 333
487 332
487 331
487 330
487 329
487 328
487 327
487 326
487 325
487 324
487 323
487 322
487 321
487 320
487 319
487 318
487 317
487 316
487 315
487 314
487 313
487 312
487 311
487 310
487 309
487 308
487 307
487 306
487 305
487 304
487 303
487 302
487 301
487 300
487 299
487 298
487 297
487 296
487 295
487 294
487 293
487 292
487 291
487 290
487 289
487 288
487 287
487 286
487 285
487 284
487 283
487 282
487 281
487 280
487 279
487 278
487 277
487 276
487 275
487 274
487 273
487 272
487 271
487 270
487 269
488 268
488 267
488 266
488 265
489 264
489 263
489 262
489 261
489 260
489 259
489 258
489 257
489 256
489 255
489 254
489 253
489 252
489 251
489 250
489 249
488 248
488 247
488 246
488 245
487 244
487 243
487 242
487 241
487 240
487 239
487 238
487 237
487 236
487 235
487 234
487 233
487 232
487 231
487 230
487 229
487 228
487 227
487 226
486 225
486 224
486 223
485 222
485 221
485 220
485 219
485 218
485 217
485 216
485 215
484 214
484 213
484 212
484 211
483 210
483 209
483 208
483 207
483 206
483 205
483 204
483 203
482 202
482 201
482 200
482 199
481 198
481 197
481 196
481 195
481 194
481 193
480 192
480 191
480 190
480 189
479 188
479 187
479 186
479 185
479 184
479 183
479 182
479 181
479 180
479 179
479 178
479 177
479 176
479 175
478 174
478 173
477 172
477 171
476 170
476 169
476 168
476 167
476 166
476 165
476 164
476 163
476 162
476 161
475 160
475 159
475 158
475 157
474 156
474 155
474 154
474 153
473 152
473 151
473 150
473 149
472 148
472 147
472 146
472 145
471 144
471 143
471 142
471 141
470 140
470 139
470 138
470 137
469 136
469 135
468 134
468 133
468 132
467 131
466 130
466 129
465 129
464 128
464 127
464 126
464 125
463 124
462 123
462 122
462 121
461 120
461 119
461 118
461 117
460 116
460 115
459 114
458 114
457 113
456 113
455 113
454 112
453 111
452 111
451 110
451 109
450 108
449 107
448 106
448 105
447 105
446 104
446 103
445 102
445 101
444 101
443 100
442 99
442 98
441 98
440 97
440 96
439 95
438 95
437 94
436 93
435 93
434 92
433 92
432 91
431 91
430 91
429 90
428 90
427 90
426 90
425 89
424 89
423 88
422 88
421 88
420 88
419 87
418 87
417 87
416 87
415 87
414 87
413 86
412 86
411 86
410 85
409 85
408 84
407 84
406 84
405 83
404 83
403 83
402 83
401 83
400 83
399 82
398 82
397 82
396 82
395 81
394 81
393 81
392 81
391 80
390 80
389 80
388 80
387 79
386 79
385 79
384 79
383 79
382 79
381 79
380 79
379 79
378 79
377 79
376 79
375 79
374 79
373 79
372 79
371 78
370 78
369 78
368 78
367 77
366 76
365 76
364 76
363 75
362 74
361 74
360 73
359 73
358 73
357 72
356 72
355 72
354 71
353 71
352 70
351 70
350 69
349 69
348 68
347 68
346 67
345 67
344 66
343 66
342 65
341 65
340 64
339 64
338 63
337 62
336 62
335 62
334 61
333 60
333 59
332 59
331 58
330 57
329 56
328 56
327 55
326 55
325 55
324 55
323 54
322 54
321 54
320 54
319 54
318 54
317 54
316 54
315 55
314 55
313 55
312 55
311 55
310 55
309 55
308 55
307 56
306 56
305 56
304 56
303 57
302 57
301 57
300 57
299 57
298 57
297 57
296 57
295 57
294 57
293 57
292 57
291 57
290 57
289 57
288 57
287 57
286 57
285 57
284 57
283 57
282 57
281 57
280 57
279 57
278 57
277 57
276 57
275 57
274 57
273 57
272 57
271 57
270 57
269 57
268 57
267 56
266 56
265 56
264 55
263 55
262 55
261 55
260 55
259 55
258 55
257 55
256 55
255 55
254 55
253 54
252 54
251 54
250 54
249 53
248 53
247 53
246 53
245 52
244 52
243 52
242 52
241 51
240 51
239 51
238 51
