288 1313
287 1314
286 1315
285 1315
284 1315
283 1315
282 1316
281 1316
280 1316
279 1316
278 1317
277 1317
276 1317
275 1317
274 1318
273 1318
272 1319
271 1319
270 1319
269 1319
268 1320
267 1320
266 1320
265 1320
264 1321
263 1321
262 1321
261 1321
260 1322
259 1323
258 1323
257 1323
256 1324
255 1324
254 1324
253 1324
252 1324
251 1324
250 1324
249 1324
248 1325
247 1325
246 1325
245 1326
244 1326
243 1327
242 1327
241 1327
240 1328
239 1328
238 1329
237 1329
236 1329
235 1329
234 1330
233 1330
232 1331
231 1331
230 1331
229 1331
229 1332
228 1333
227 1333
226 1334
225 1334
224 1335
223 1335
222 1336
221 1336
220 1337
219 1337
218 1338
217 1338
216 1339
215 1339
214 1340
213 1340
212 1341
211 1341
210 1341
209 1341
209 1342
208 1343
207 1343
206 1343
205 1343
205 1344
204 1345
203 1345
202 1345
201 1345
200 1346
199 1346
198 1347
197 1347
196 1347
195 1348
194 1349
193 1349
193 1350
192 1351
191 1351
190 1352
189 1352
188 1353
187 1354
186 1354
185 1355
184 1356
183 1356
183 1357
182 1358
181 1359
180 1360
179 1361
179 1362
178 1363
178 1364
177 1365
176 1366
175 1367
174 1368
173 1369
172 1370
171 1371
170 1372
170 1373
170 1374
169 1375
169 1376
168 1377
167 1378
166 1379
166 1380
165 1381
164 1381
164 1382
163 1383
162 1383
161 1384
160 1385
159 1386
158 1387
157 1388
156 1389
156 1390
155 1391
155 1392
154 1393
153 1394
153 1395
152 1396
151 1397
151 1398
150 1399
150 1400
150 1401
149 1402
148 1403
148 1404
148 1405
147 1406
146 1407
146 1408
145 1409
145 1410
145 1411
144 1412
144 1413
144 1414
144 1415
143 1416
143 1417
142 1418
142 1419
142 1420
142 1421
141 1422
140 1422
140 1423
139 1424
139 1425
138 1426
138 1427
137 1428
137 1429
136 1430
136 1431
136 1432
135 1433
135 1434
134 1435
133 1436
132 1437
132 1438
131 1439
130 1439
130 1440
129 1441
128 1441
127 1442
126 1443
125 1444
124 1444
123 1445
122 1446
121 1447
120 1447
119 1448
119 1449
118 1450
117 1450
117 1451
116 1452
115 1453
114 1454
114 1455
114 1456
113 1457
113 1458
113 1459
112 1460
112 1461
112 1462
111 1463
111 1464
110 1465
110 1466
110 1467
109 1468
109 1469
109 1470
109 1471
108 1472
108 1473
108 1474
108 1475
107 1476
107 1477
106 1478
106 1479
107 1480
107 1481
107 1482
106 1483
107 1484
107 1485
107 1486
107 1487
107 1488
107 1489
107 1490
107 1491
107 1492
107 1493
107 1494
107 1495
107 1496
107 1497
107 1498
107 1499
107 1500
107 1501
107 1502
107 1503
107 1504
107 1505
107 1506
107 1507
108 1508
108 1509
108 1510
108 1511
109 1512
109 1513
108 1514
108 1515
108 1516
108 1517
107 1518
107 1519
107 1520
106 1521
106 1522
106 1523
105 1524
105 1525
105 1526
105 1527
105 1528
105 1529
105 1530
105 1531
105 1532
105 1533
105 1534
105 1535
105 1536
105 1537
105 1538
105 1539
105 1540
105 1541
105 1542
105 1543
104 1544
104 1545
104 1546
104 1547
104 1548
104 1549
104 1550
104 1551
105 1552
105 1553
105 1554
105 1555
106 1556
106 1557
106 1558
106 1559
107 1560
107 1561
107 1562
107 1563
107 1564
107 1565
107 1566
107 1567
107 1568
107 1569
108 1570
108 1571
108 1572
108 1573
109 1574
109 1575
109 1576
109 1577
109 1578
109 1579
109 1580
109 1581
109 1582
109 1583
110 1584
110 1585
110 1586
110 1587
111 1588
111 1589
111 1590
111 1591
112 1592
112 1593
113 1594
114 1595
115 1596
115 1597
116 1598
117 1599
118 1600
118 1601
119 1602
119 1603
120 1604
121 1605
122 1606
122 1607
123 1608
123 1609
124 1610
124 1611
124 1612
124 1613
125 1614
125 1615
125 1616
126 1617
126 1618
126 1619
127 1620
127 1621
128 1622
128 1623
129 1624
129 1625
130 1626
131 1627
132 1628
132 1629
132 1630
133 1631
133 1632
134 1633
134 1634
134 1635
135 1636
136 1637
136 1638
137 1639
137 1640
138 1641
138 1642
139 1643
139 1644
140 1645
141 1646
141 1647
142 1648
142 1649
143 1650
144 1651
144 1652
145 1653
145 1654
146 1655
146 1656
146 1657
147 1658
147 1659
148 1660
148 1661
148 1662
148 1663
149 1663
150 1664
150 1665
150 1666
151 1667
152 1668
152 1669
153 1670
153 1671
153 1672
154 1673
155 1674
155 1675
156 1676
157 1677
158 1678
159 1679
159 1680
160 1681
160 1682
161 1683
161 1684
162 1685
162 1686
163 1687
163 1688
164 1689
164 1690
165 1690
166 1691
167 1692
167 1693
168 1694
169 1695
169 1696
170 1697
171 1698
172 1699
173 1700
174 1700
175 1700
176 1700
177 1701
178 1701
179 1702
180 1702
181 1703
182 1704
183 1705
184 1705
185 1706
186 1706
187 1707
188 1707
189 1708
189 1709
190 1710
189 1711
189 1712
189 1713
189 1714
189 1715
189 1716
189 1717
190 1717
191 1716
192 1715
193 1715
194 1714
195 1714
196 1714
197 1715
198 1715
199 1716
199 1717
200 1717
201 1718
202 1719
203 1719
204 1720
205 1720
206 1721
207 1721
208 1722
209 1723
210 1723
211 1724
212 1725
213 1726
214 1727
215 1727
216 1728
217 1728
218 1729
219 1730
220 1730
221 1730
222 1730
223 1731
224 1731
225 1731
226 1731
227 1732
228 1732
229 1732
230 1733
231 1733
232 1734
233 1733
234 1733
235 1734
235 1735
236 1735
237 1735
238 1736
239 1737
240 1737
241 1737
242 1737
243 1737
244 1737
245 1738
246 1738
247 1738
248 1738
249 1738
250 1738
251 1738
252 1738
253 1737
254 1737
255 1737
256 1737
257 1737
258 1737
259 1738
260 1738
261 1738
262 1738
263 1739
264 1739
265 1739
266 1739
267 1740
268 1740
269 1740
270 1740
271 1741
272 1741
273 1741
274 1741
275 1740
276 1740
277 1740
278 1740
279 1739
280 1739
281 1739
282 1739
283 1739
284 1739
285 1739
286 1739
287 1739
288 1739
289 1740
290 1740
291 1740
292 1740
293 1741
294 1741
295 1741
296 1741
297 1741
298 1741
299 1741
300 1741
301 1741
302 1741
303 1742
304 1742
305 1742
306 1743
307 1743
308 1743
309 1743
310 1743
311 1743
312 1743
313 1743
314 1743
315 1743
316 1743
317 1744
318 1744
319 1744
320 1744
321 1745
322 1745
323 1745
324 1745
325 1745
326 1745
327 1745
328 1745
329 1745
330 1745
331 1746
332 1746
333 1746
334 1746
335 1747
336 1747
337 1747
338 1747
339 1746
340 1746
341 1746
342 1746
343 1745
344 1745
345 1745
346 1745
347 1745
348 1745
349 1745
350 1745
351 1745
352 1745
353 1745
354 1745
355 1745
356 1745
357 1745
358 1745
359 1745
360 1745
361 1745
362 1745
363 1745
364 1745
365 1745
366 1745
367 1744
368 1744
369 1744
370 1744
371 1743
372 1743
373 1743
374 1743
375 1743
376 1743
377 1742
378 1742
379 1742
380 1742
381 1741
382 1741
383 1741
384 1741
385 1741
386 1741
387 1741
388 1741
389 1741
390 1741
391 1742
392 1742
393 1742
394 1743
395 1743
396 1743
397 1743
398 1743
399 1743
400 1743
401 1743
402 1743
403 1743
404 1743
405 1743
406 1743
407 1743
408 1742
409 1741
410 1741
410 1740
411 1739
412 1739
413 1738
414 1737
415 1736
415 1735
415 1734
416 1733
416 1732
416 1731
416 1730
416 1729
416 1728
416 1727
416 1726
416 1725
416 1724
416 1723
416 1722
417 1721
417 1720
417 1719
417 1718
418 1717
418 1716
418 1715
418 1714
418 1713
418 1712
418 1711
418 1710
418 1709
418 1708
418 1707
418 1706
418 1705
418 1704
418 1703
418 1702
418 1701
418 1700
417 1699
417 1698
417 1697
417 1696
416 1695
416 1694
416 1693
416 1692
417 1691
417 1690
417 1689
418 1688
418 1687
418 1686
418 1685
418 1684
418 1683
418 1682
418 1681
418 1680
418 1679
418 1678
418 1677
418 1676
418 1675
418 1674
418 1673
418 1672
418 1671
418 1670
418 1669
418 1668
418 1667
418 1666
418 1665
418 1664
418 1663
418 1662
418 1661
418 1660
418 1659
418 1658
418 1657
418 1656
418 1655
418 1654
418 1653
418 1652
418 1651
418 1650
418 1649
418 1648
418 1647
418 1646
418 1645
418 1644
418 1643
418 1642
418 1641
418 1640
418 1639
418 1638
418 1637
418 1636
418 1635
418 1634
418 1633
418 1632
419 1631
419 1630
419 1629
419 1628
420 1627
420 1626
420 1625
420 1624
420 1623
420 1622
420 1621
420 1620
420 1619
420 1618
420 1617
420 1616
420 1615
420 1614
420 1613
420 1612
420 1611
420 1610
421 1609
421 1608
421 1607
421 1606
422 1605
422 1604
422 1603
422 1602
422 1601
422 1600
422 1599
422 1598
422 1597
422 1596
423 1595
423 1594
423 1593
423 1592
424 1591
424 1590
424 1589
424 1588
424 1587
424 1586
424 1585
424 1584
424 1583
424 1582
425 1581
425 1580
425 1579
425 1578
426 1577
426 1576
426 1575
426 1574
427 1573
427 1572
427 1571
427 1570
428 1569
428 1568
428 1567
428 1566
429 1565
429 1564
429 1563
429 1562
430 1561
430 1560
430 1559
430 1558
430 1557
430 1556
430 1555
430 1554
430 1553
430 1552
431 1551
431 1550
431 1549
431 1548
432 1547
432 1546
432 1545
432 1544
432 1543
432 1542
432 1541
432 1540
432 1539
432 1538
432 1537
432 1536
432 1535
432 1534
433 1533
433 1532
433 1531
433 1530
434 1529
434 1528
434 1527
434 1526
434 1525
434 1524
434 1523
434 1522
434 1521
434 1520
434 1519
434 1518
434 1517
434 1516
434 1515
434 1514
434 1513
434 1512
434 1511
434 1510
434 1509
434 1508
434 1507
434 1506
434 1505
434 1504
433 1503
433 1502
433 1501
433 1500
432 1499
432 1498
432 1497
432 1496
432 1495
432 1494
432 1493
432 1492
432 1491
432 1490
432 1489
432 1488
432 1487
432 1486
432 1485
432 1484
432 1483
432 1482
432 1481
432 1480
432 1479
432 1478
431 1477
431 1476
431 1475
431 1474
430 1473
430 1472
430 1471
430 1470
430 1469
430 1468
429 1467
429 1466
429 1465
429 1464
428 1463
428 1462
427 1461
427 1460
427 1459
426 1458
425 1457
424 1456
424 1455
423 1454
422 1453
422 1452
421 1451
421 1450
420 1450
419 1449
419 1448
419 1447
418 1446
418 1445
417 1444
416 1443
415 1442
415 1441
414 1440
413 1439
412 1438
411 1437
411 1436
410 1435
409 1434
408 1433
407 1432
406 1431
406 1430
405 1429
404 1428
404 1427
403 1426
403 1425
403 1424
402 1423
402 1422
402 1421
402 1420
402 1419
402 1418
402 1417
402 1416
402 1415
402 1414
402 1413
402 1412
402 1411
402 1410
402 1409
402 1408
402 1407
402 1406
401 1405
401 1404
401 1403
400 1402
400 1401
399 1400
399 1399
399 1398
398 1397
398 1396
398 1395
398 1394
397 1393
397 1392
397 1391
397 1390
396 1389
396 1388
396 1387
396 1386
396 1385
396 1384
396 1383
396 1382
395 1381
395 1380
395 1379
395 1378
394 1377
394 1376
393 1375
393 1374
392 1373
391 1372
390 1372
389 1371
388 1371
387 1371
386 1370
385 1370
384 1369
383 1369
382 1368
381 1367
380 1366
379 1366
378 1365
378 1364
377 1364
376 1363
375 1362
375 1361
374 1361
373 1360
373 1359
373 1358
372 1357
371 1356
371 1355
370 1354
370 1353
369 1352
369 1351
368 1350
368 1349
367 1348
366 1347
365 1346
364 1346
363 1345
362 1344
361 1343
360 1342
359 1341
358 1340
358 1339
357 1338
356 1337
356 1336
355 1335
354 1334
353 1333
353 1332
353 1331
353 1330
354 1329
354 1328
354 1327
354 1326
354 1325
354 1324
353 1323
352 1322
351 1322
350 1321
349 1321
348 1320
347 1320
346 1320
345 1320
344 1320
343 1320
342 1320
341 1320
340 1320
339 1320
338 1320
337 1320
336 1320
335 1320
334 1320
333 1320
332 1319
331 1319
330 1319
329 1319
328 1318
327 1318
326 1318
325 1318
324 1318
323 1318
322 1318
321 1318
320 1318
319 1318
318 1318
317 1318
316 1318
315 1318
314 1318
313 1318
312 1318
311 1318
310 1318
309 1318
308 1318
307 1318
306 1318
305 1318
304 1318
303 1318
302 1317
301 1317
300 1317
299 1316
298 1315
297 1315
296 1315
295 1315
294 1314
293 1314
292 1313
291 1313
290 1314
289 1314
288 1313
