1394 2049
1393 2050
1392 2050
1391 2050
1390 2050
1389 2051
1388 2051
1387 2051
1386 2051
1385 2051
1384 2051
1383 2051
1382 2051
1381 2051
1380 2051
1379 2051
1378 2051
1377 2052
1376 2052
1375 2052
1374 2052
1373 2053
1372 2053
1371 2053
1370 2053
1369 2053
1368 2053
1367 2053
1366 2053
1365 2054
1364 2054
1363 2054
1362 2054
1361 2055
1360 2055
1359 2055
1358 2055
1357 2055
1356 2055
1355 2055
1354 2055
1353 2055
1352 2055
1351 2055
1350 2055
1349 2055
1348 2055
1347 2055
1346 2055
1345 2055
1344 2055
1343 2055
1342 2055
1341 2055
1340 2055
1339 2055
1338 2055
1337 2055
1336 2056
1335 2056
1334 2057
1333 2057
1332 2058
1331 2059
1330 2059
1329 2060
1328 2060
1328 2061
1327 2062
1326 2062
1325 2063
1324 2063
1323 2064
1322 2065
1321 2065
1320 2066
1319 2067
1318 2067
1317 2068
1316 2068
1315 2069
1314 2070
1313 2070
1312 2071
1311 2071
1310 2072
1309 2073
1308 2073
1307 2074
1306 2075
1305 2075
1304 2076
1303 2077
1302 2078
1301 2079
1301 2080
1300 2081
1299 2082
1298 2083
1297 2083
1296 2084
1295 2084
1294 2085
1294 2086
1293 2087
1292 2087
1291 2088
1290 2089
1289 2090
1288 2091
1287 2092
1286 2092
1285 2093
1284 2093
1283 2094
1282 2094
1281 2095
1280 2096
1279 2096
1278 2096
1277 2097
1276 2097
1275 2098
1274 2098
1273 2098
1272 2098
1271 2099
1270 2099
1269 2099
1268 2099
1267 2100
1266 2100
1265 2100
1264 2100
1263 2101
1262 2102
1261 2103
1260 2103
1259 2104
1258 2105
1257 2106
1256 2107
1255 2107
1254 2108
1253 2109
1252 2109
1251 2110
1251 2111
1250 2112
1249 2112
1249 2113
1248 2114
1247 2114
1247 2115
1246 2116
1246 2117
1245 2118
1244 2119
1243 2120
1243 2121
1242 2122
1241 2123
1240 2124
1240 2125
1239 2126
1238 2127
1237 2128
1237 2129
1236 2130
1235 2131
1235 2132
1235 2133
1234 2134
1234 2135
1233 2136
1233 2137
1232 2138
1231 2139
1231 2140
1230 2141
1230 2142
1229 2143
1228 2143
1227 2144
1227 2145
1226 2146
1225 2146
1224 2147
1223 2148
1222 2148
1221 2148
1220 2148
1219 2149
1218 2149
1218 2150
1218 2151
1218 2152
1217 2153
1217 2154
1216 2155
1215 2156
1215 2157
1214 2158
1214 2159
1213 2160
1212 2161
1212 2162
1211 2163
1210 2164
1210 2165
1209 2166
1209 2167
1209 2168
1208 2169
1208 2170
1207 2171
1207 2172
1206 2173
1206 2174
1205 2175
1205 2176
1204 2177
1204 2178
1203 2179
1203 2180
1203 2181
1203 2182
1202 2183
1202 2184
1201 2185
1201 2186
1201 2187
1201 2188
1200 2189
1199 2189
1199 2190
1199 2191
1199 2192
1198 2193
1198 2194
1198 2195
1198 2196
1198 2197
1198 2198
1197 2199
1197 2200
1197 2201
1196 2202
1196 2203
1196 2204
1196 2205
1196 2206
1196 2207
1196 2208
1196 2209
1196 2210
1195 2211
1195 2212
1194 2213
1194 2214
1193 2215
1193 2216
1192 2217
1192 2218
1192 2219
1192 2220
1192 2221
1192 2222
1192 2223
1192 2224
1192 2225
1192 2226
1192 2227
1192 2228
1192 2229
1192 2230
1193 2231
1193 2232
1193 2233
1193 2234
1194 2235
1194 2236
1194 2237
1194 2238
1194 2239
1194 2240
1194 2241
1194 2242
1194 2243
1194 2244
1194 2245
1194 2246
1194 2247
1195 2248
1195 2249
1195 2250
1196 2251
1196 2252
1196 2253
1196 2254
1196 2255
1196 2256
1196 2257
1196 2258
1196 2259
1196 2260
1196 2261
1196 2262
1195 2263
1195 2264
1195 2265
1194 2266
1194 2267
1193 2268
1193 2269
1192 2270
1192 2271
1191 2272
1191 2273
1190 2274
1190 2275
1189 2276
1188 2277
1188 2278
1187 2279
1187 2280
1186 2281
1186 2282
1185 2283
1186 2284
1186 2285
1186 2286
1186 2287
1185 2288
1186 2289
1186 2290
1186 2291
1186 2292
1186 2293
1186 2294
1186 2295
1186 2296
1186 2297
1186 2298
1186 2299
1186 2300
1186 2301
1186 2302
1186 2303
1186 2304
1186 2305
1186 2306
1186 2307
1186 2308
1186 2309
1186 2310
1186 2311
1186 2312
1186 2313
1186 2314
1186 2315
1186 2316
1186 2317
1186 2318
1186 2319
1186 2320
1186 2321
1186 2322
1186 2323
1186 2324
1186 2325
1186 2326
1186 2327
1187 2328
1187 2329
1187 2330
1188 2331
1188 2332
1188 2333
1188 2334
1188 2335
1188 2336
1188 2337
1188 2338
1188 2339
1188 2340
1188 2341
1188 2342
1188 2343
1188 2344
1189 2345
1189 2346
1189 2347
1189 2348
1190 2349
1190 2350
1190 2351
1190 2352
1190 2353
1190 2354
1191 2355
1191 2356
1191 2357
1191 2358
1192 2359
1193 2360
1193 2361
1194 2362
1194 2363
1195 2364
1195 2365
1195 2366
1196 2367
1197 2368
1198 2369
1198 2370
1199 2371
1199 2372
1200 2373
1200 2374
1201 2375
1201 2376
1202 2377
1202 2378
1203 2379
1204 2380
1205 2381
1205 2382
1206 2383
1207 2384
1208 2385
1208 2386
1209 2387
1210 2387
1211 2388
1211 2389
1212 2390
1213 2390
1214 2391
1215 2392
1215 2393
1216 2394
1217 2395
1218 2395
1219 2396
1219 2397
1220 2398
1221 2398
1222 2399
1223 2400
1224 2401
1224 2402
1225 2403
1226 2404
1226 2405
1227 2406
1228 2407
1229 2408
1229 2409
1229 2410
1230 2410
1231 2411
1231 2412
1231 2413
1232 2414
1232 2415
1233 2416
1233 2417
1234 2418
1234 2419
1235 2420
1236 2421
1236 2422
1237 2423
1237 2424
1238 2425
1238 2426
1239 2427
1239 2428
1239 2429
1240 2430
1241 2431
1242 2432
1243 2433
1243 2434
1244 2435
1244 2436
1245 2437
1245 2438
1245 2439
1245 2440
1246 2441
1246 2442
1247 2443
1247 2444
1247 2445
1247 2446
1248 2447
1249 2448
1249 2449
1249 2450
1250 2451
1250 2452
1250 2453
1250 2454
1251 2455
1251 2456
1251 2457
1251 2458
1252 2459
1252 2460
1253 2461
1253 2462
1253 2463
1253 2464
1254 2464
1255 2465
1255 2466
1255 2467
1255 2468
1256 2468
1257 2469
1257 2470
1257 2471
1257 2472
1258 2472
1259 2473
1259 2474
1259 2475
1259 2476
1260 2477
1261 2478
1261 2479
1261 2480
1262 2481
1262 2482
1263 2483
1263 2484
1263 2485
1263 2486
1264 2487
1265 2488
1265 2489
1266 2490
1267 2491
1267 2492
1267 2493
1267 2494
1268 2495
1269 2496
1269 2497
1269 2498
1270 2499
1271 2500
1271 2501
1271 2502
1272 2503
1273 2504
1273 2505
1273 2506
1274 2507
1274 2508
1275 2509
1275 2510
1275 2511
1275 2512
1276 2513
1276 2514
1277 2515
1277 2516
1277 2517
1278 2518
1279 2519
1279 2520
1280 2521
1280 2522
1281 2523
1281 2524
1281 2525
1282 2526
1282 2527
1283 2528
1283 2529
1283 2530
1284 2531
1284 2532
1284 2533
1284 2534
1284 2535
1284 2536
1284 2537
1284 2538
1284 2539
1284 2540
1284 2541
1284 2542
1284 2543
1284 2544
1285 2545
1285 2546
1285 2547
1286 2548
1287 2549
1288 2550
1289 2551
1290 2551
1291 2552
1292 2552
1293 2553
1294 2553
1295 2553
1296 2554
1297 2554
1298 2555
1299 2555
1300 2556
1301 2556
1302 2557
1303 2558
1304 2558
1305 2559
1306 2559
1307 2560
1308 2560
1309 2561
1310 2561
1311 2561
1312 2562
1313 2562
1314 2563
1315 2563
1316 2564
1317 2564
1318 2565
1319 2566
1320 2567
1321 2568
1322 2568
1323 2569
1324 2569
1325 2570
1326 2571
1327 2571
1328 2571
1329 2572
1330 2572
1331 2573
1332 2574
1333 2574
1334 2575
1335 2576
1335 2577
1336 2578
1337 2578
1338 2579
1339 2580
1339 2581
1340 2582
1341 2583
1342 2584
1343 2585
1344 2586
1344 2587
1345 2588
1345 2589
1346 2590
1346 2591
1347 2592
1347 2593
1347 2594
1348 2595
1348 2596
1349 2597
1349 2598
1349 2599
1349 2600
1350 2600
1351 2601
1351 2602
1351 2603
1351 2604
1352 2605
1352 2606
1353 2607
1353 2608
1353 2609
1354 2610
1354 2611
1355 2612
1355 2613
1355 2614
1356 2615
1357 2616
1358 2617
1358 2618
1359 2619
1360 2619
1361 2620
1362 2621
1363 2622
1363 2623
1364 2623
1365 2623
1366 2624
1367 2624
1368 2624
1369 2625
1370 2625
1371 2625
1372 2626
1373 2626
1374 2627
1375 2627
1376 2627
1377 2627
1378 2628
1379 2628
1380 2628
1381 2628
1382 2628
1383 2628
1384 2628
1385 2628
1386 2628
1387 2628
1388 2628
1389 2628
1390 2628
1391 2628
1392 2628
1393 2628
1394 2627
1395 2627
1396 2627
1397 2627
1398 2626
1399 2626
1400 2626
1401 2626
1402 2626
1403 2626
1404 2626
1405 2626
1406 2626
1407 2626
1408 2626
1409 2625
1410 2625
1411 2625
1412 2624
1413 2624
1414 2623
1415 2623
1416 2623
1417 2623
1418 2622
1419 2622
1420 2621
1421 2621
1422 2621
1423 2621
1423 2620
1424 2619
1425 2619
1426 2619
1427 2619
1428 2618
1429 2618
1430 2617
1431 2617
1432 2617
1433 2616
1434 2616
1435 2616
1436 2615
1437 2615
1438 2615
1439 2615
1440 2614
1441 2614
1442 2614
1443 2614
1444 2613
1445 2613
1446 2613
1447 2613
1448 2612
1449 2612
1450 2611
1451 2611
1452 2611
1453 2610
1454 2610
1455 2609
1456 2609
1457 2608
1458 2608
1459 2608
1460 2608
1461 2607
1462 2607
1463 2607
1464 2606
1465 2606
1466 2605
1467 2605
1468 2605
1469 2605
1469 2604
1470 2603
1471 2603
1472 2603
1473 2603
1474 2602
1475 2601
1476 2601
1477 2600
1478 2600
1479 2599
1480 2599
1481 2598
1482 2598
1483 2597
1484 2597
1485 2597
1486 2596
1487 2595
1488 2595
1489 2594
1490 2593
1491 2593
1492 2592
1493 2592
1494 2591
1495 2591
1496 2591
1497 2591
1498 2590
1499 2589
1500 2589
1500 2588
1501 2587
1502 2586
1502 2585
1503 2584
1504 2584
1504 2583
1505 2582
1506 2581
1507 2580
1507 2579
1508 2578
1508 2577
1509 2576
1510 2575
1510 2574
1510 2573
1511 2572
1512 2572
1512 2571
1513 2570
1513 2569
1514 2568
1515 2567
1516 2566
1517 2565
1518 2564
1518 2563
1518 2562
1518 2561
1519 2560
1520 2560
1520 2559
1521 2558
1522 2557
1522 2556
1523 2555
1523 2554
1524 2553
1525 2552
1525 2551
1526 2550
1527 2549
1527 2548
1528 2547
1529 2546
1529 2545
1530 2544
1531 2543
1532 2542
1532 2541
1532 2540
1532 2539
1533 2538
1533 2537
1534 2536
1534 2535
1535 2534
1536 2533
1536 2532
1537 2531
1537 2530
1538 2529
1538 2528
1538 2527
1539 2526
1539 2525
1539 2524
1539 2523
1540 2522
1540 2521
1540 2520
1541 2519
1541 2518
1541 2517
1541 2516
1541 2515
1541 2514
1541 2513
1541 2512
1541 2511
1541 2510
1541 2509
1542 2508
1542 2507
1542 2506
1542 2505
1543 2504
1543 2503
1543 2502
1543 2501
1544 2500
1544 2499
1544 2498
1544 2497
1545 2496
1545 2495
1545 2494
1545 2493
1545 2492
1545 2491
1545 2490
1545 2489
1545 2488
1545 2487
1546 2486
1546 2485
1547 2484
1547 2483
1548 2482
1548 2481
1549 2480
1549 2479
1549 2478
1549 2477
1549 2476
1549 2475
1549 2474
1549 2473
1550 2472
1550 2471
1550 2470
1550 2469
1551 2468
1551 2467
1551 2466
1551 2465
1551 2464
1551 2463
1551 2462
1551 2461
1552 2460
1552 2459
1552 2458
1552 2457
1553 2456
1553 2455
1553 2454
1553 2453
1553 2452
1553 2451
1553 2450
1553 2449
1553 2448
1553 2447
1553 2446
1553 2445
1553 2444
1553 2443
1553 2442
1554 2441
1554 2440
1554 2439
1555 2438
1555 2437
1555 2436
1555 2435
1555 2434
1555 2433
1555 2432
1555 2431
1555 2430
1555 2429
1555 2428
1555 2427
1555 2426
1555 2425
1555 2424
1555 2423
1555 2422
1555 2421
1556 2420
1556 2419
1556 2418
1556 2417
1557 2416
1557 2415
1557 2414
1557 2413
1558 2412
1558 2411
1558 2410
1558 2409
1559 2408
1559 2407
1559 2406
1559 2405
1559 2404
1559 2403
1559 2402
1559 2401
1559 2400
1559 2399
1559 2398
1559 2397
1560 2396
1560 2395
1560 2394
1560 2393
1561 2392
1561 2391
1561 2390
1561 2389
1561 2388
1561 2387
1561 2386
1561 2385
1561 2384
1561 2383
1561 2382
1561 2381
1561 2380
1561 2379
1561 2378
1562 2377
1562 2376
1562 2375
1563 2374
1563 2373
1563 2372
1563 2371
1563 2370
1563 2369
1563 2368
1563 2367
1563 2366
1563 2365
1563 2364
1563 2363
1563 2362
1563 2361
1563 2360
1563 2359
1563 2358
1563 2357
1563 2356
1563 2355
1563 2354
1563 2353
1563 2352
1563 2351
1564 2350
1564 2349
1564 2348
1564 2347
1565 2346
1565 2345
1565 2344
1565 2343
1565 2342
1565 2341
1566 2340
1566 2339
1565 2338
1565 2337
1566 2336
1566 2335
1566 2334
1566 2333
1566 2332
1566 2331
1567 2330
1567 2329
1567 2328
1567 2327
1567 2326
1567 2325
1568 2324
1568 2323
1568 2322
1568 2321
1569 2320
1569 2319
1569 2318
1569 2317
1569 2316
1569 2315
1569 2314
1569 2313
1569 2312
1569 2311
1569 2310
1569 2309
1569 2308
1569 2307
1569 2306
1569 2305
1570 2304
1570 2303
1570 2302
1570 2301
1571 2300
1571 2299
1571 2298
1571 2297
1571 2296
1571 2295
1571 2294
1571 2293
1572 2292
1572 2291
1572 2290
1572 2289
1573 2288
1573 2287
1573 2286
1573 2285
1573 2284
1573 2283
1573 2282
1573 2281
1573 2280
1573 2279
1573 2278
1573 2277
1573 2276
1573 2275
1573 2274
1573 2273
1573 2272
1573 2271
1573 2270
1573 2269
1573 2268
1573 2267
1573 2266
1573 2265
1573 2264
1573 2263
1573 2262
1573 2261
1573 2260
1573 2259
1573 2258
1573 2257
1573 2256
1573 2255
1573 2254
1573 2253
1573 2252
1573 2251
1573 2250
1573 2249
1572 2248
1572 2247
1572 2246
1572 2245
1571 2244
1571 2243
1571 2242
1571 2241
1570 2240
1570 2239
1570 2238
1570 2237
1569 2236
1568 2235
1567 2234
1567 2233
1566 2232
1566 2231
1565 2230
1565 2229
1566 2228
1566 2227
1566 2226
1566 2225
1567 2224
1568 2224
1569 2223
1569 2222
1570 2221
1571 2220
1571 2219
1571 2218
1571 2217
1571 2216
1571 2215
1571 2214
1571 2213
1571 2212
1571 2211
1571 2210
1571 2209
1571 2208
1571 2207
1571 2206
1571 2205
1571 2204
1571 2203
1571 2202
1571 2201
1571 2200
1571 2199
1571 2198
1571 2197
1571 2196
1571 2195
1571 2194
1571 2193
1571 2192
1571 2191
1571 2190
1571 2189
1570 2188
1570 2187
1570 2186
1570 2185
1569 2184
1569 2183
1569 2182
1569 2181
1569 2180
1569 2179
1569 2178
1569 2177
1569 2176
1569 2175
1569 2174
1569 2173
1569 2172
1569 2171
1569 2170
1569 2169
1569 2168
1569 2167
1569 2166
1569 2165
1569 2164
1569 2163
1568 2162
1568 2161
1568 2160
1568 2159
1567 2158
1567 2157
1567 2156
1567 2155
1567 2154
1567 2153
1567 2152
1567 2151
1567 2150
1567 2149
1566 2148
1566 2147
1566 2146
1566 2145
1565 2144
1565 2143
1564 2142
1564 2141
1564 2140
1564 2139
1563 2138
1562 2137
1561 2136
1561 2135
1560 2134
1559 2133
1558 2132
1558 2131
1557 2130
1556 2129
1556 2128
1556 2127
1555 2126
1554 2125
1554 2124
1554 2123
1553 2122
1552 2121
1552 2120
1551 2119
1550 2118
1550 2117
1550 2116
1550 2115
1549 2114
1548 2113
1548 2112
1547 2111
1546 2110
1546 2109
1545 2108
1544 2107
1543 2107
1542 2107
1541 2106
1540 2105
1539 2105
1538 2104
1537 2103
1536 2103
1535 2103
1534 2103
1533 2103
1532 2103
1531 2102
1530 2102
1529 2101
1528 2101
1527 2100
1527 2099
1527 2098
1527 2097
1526 2097
1525 2096
1525 2095
1524 2094
1523 2093
1522 2093
1521 2092
1520 2092
1519 2091
1518 2091
1517 2090
1516 2090
1515 2089
1514 2089
1513 2088
1512 2087
1511 2087
1510 2086
1509 2085
1508 2085
1507 2084
1506 2084
1505 2083
1504 2083
1503 2082
1502 2082
1501 2082
1500 2081
1499 2081
1498 2080
1497 2080
1496 2079
1495 2079
1494 2078
1493 2078
1492 2077
1491 2077
1490 2076
1489 2076
1488 2075
1487 2075
1486 2074
1485 2074
1484 2073
1483 2073
1482 2072
1481 2071
1480 2070
1479 2070
1478 2069
1477 2068
1476 2068
1475 2068
1474 2067
1473 2067
1472 2066
1471 2066
1470 2066
1469 2065
1468 2065
1467 2064
1466 2064
1465 2064
1464 2063
1463 2063
1462 2063
1461 2063
1460 2063
1459 2063
1458 2063
1457 2063
1456 2062
1455 2062
1454 2062
1453 2061
1452 2061
1451 2061
1450 2061
1449 2061
1448 2061
1447 2060
1446 2060
1445 2059
1444 2059
1443 2058
1442 2057
1441 2057
1440 2056
1439 2056
1438 2055
1437 2055
1436 2055
1435 2055
1434 2055
1433 2054
1432 2054
1431 2054
1430 2054
1429 2053
1428 2053
1427 2052
1426 2052
1425 2052
1424 2052
1423 2051
1422 2051
1421 2051
1420 2051
1419 2051
1418 2051
1417 2051
1416 2051
1415 2050
1414 2050
1413 2050
1412 2050
1411 2049
1410 2049
1409 2049
1408 2049
1407 2049
1406 2049
1405 2049
1404 2049
1403 2049
1402 2049
1401 2049
1400 2049
1399 2049
1398 2049
1397 2049
1396 2049
1395 2049
1394 2049
