58 141
57 142
56 142
55 142
54 142
53 143
52 143
51 143
50 143
49 143
48 143
47 144
46 144
45 144
44 145
43 146
42 147
41 147
40 148
39 149
39 150
38 151
38 152
38 153
38 154
37 155
37 156
37 157
37 158
36 159
36 160
36 161
36 162
36 163
36 164
36 165
36 166
36 167
37 168
37 169
37 170
38 171
38 172
38 173
38 174
39 175
39 176
39 177
40 178
40 179
40 180
40 181
40 182
40 183
40 184
40 185
40 186
41 187
41 188
41 189
42 190
42 191
43 192
43 193
44 194
44 195
45 196
45 197
45 198
46 198
47 199
47 200
48 201
49 202
50 203
51 203
52 204
53 204
54 205
55 206
56 207
57 208
58 209
59 210
59 211
60 212
60 213
61 214
61 215
61 216
62 217
62 218
63 219
63 220
63 221
63 222
64 223
65 224
65 225
65 226
66 227
66 228
67 229
67 230
67 231
67 232
68 233
68 234
68 235
68 236
69 237
69 238
69 239
70 240
71 241
72 242
73 243
74 243
75 244
76 245
76 246
77 247
77 248
78 249
79 250
80 251
80 252
81 252
82 253
82 254
83 254
84 255
84 256
85 257
86 258
87 259
87 260
88 260
89 261
90 262
91 263
92 264
93 264
94 265
94 266
95 267
96 268
97 269
97 270
98 270
99 271
99 272
100 272
101 272
102 272
102 271
103 270
104 270
104 269
105 268
105 267
106 266
106 265
107 264
108 264
108 263
108 262
109 261
110 260
110 259
110 258
110 257
111 256
112 256
112 255
112 254
112 253
113 252
114 252
114 251
114 250
114 249
115 248
116 248
116 247
116 246
116 245
117 244
117 243
118 242
118 241
118 240
119 239
119 238
120 237
120 236
121 235
121 234
122 233
122 232
122 231
123 230
123 229
123 228
123 227
124 226
124 225
124 224
124 223
125 222
126 222
126 221
126 220
126 219
127 218
127 217
127 216
127 215
127 214
127 213
127 212
127 211
127 210
127 209
127 208
127 207
127 206
127 205
127 204
127 203
127 202
127 201
127 200
127 199
127 198
127 197
127 196
127 195
127 194
127 193
127 192
127 191
127 190
127 189
127 188
127 187
127 186
127 185
126 184
126 183
125 182
124 181
123 180
123 179
122 178
121 178
120 177
120 176
119 176
118 175
117 174
116 174
115 174
114 173
113 173
112 172
111 171
110 171
109 170
108 170
107 169
106 169
105 169
104 168
103 167
102 167
101 166
100 165
99 165
98 164
97 163
96 162
95 162
94 161
94 160
93 159
92 158
91 157
90 157
89 156
88 155
87 155
86 154
85 154
84 153
83 153
82 152
81 152
80 151
79 151
78 150
77 150
76 149
75 149
74 148
73 148
72 147
71 147
70 146
69 145
68 145
67 144
66 143
65 143
64 142
63 142
62 142
61 141
60 141
59 141
58 141
