1539 188
1538 189
1537 189
1536 189
1535 189
1534 190
1533 190
1532 190
1531 190
1530 190
1529 190
1528 190
1527 190
1526 191
1525 191
1524 191
1523 191
1522 192
1521 192
1520 192
1519 192
1518 192
1517 192
1516 192
1515 192
1514 192
1513 192
1512 192
1511 192
1510 192
1509 192
1508 193
1507 193
1506 193
1505 193
1504 194
1503 194
1502 194
1501 194
1500 194
1499 194
1498 194
1497 194
1496 194
1495 194
1494 194
1493 194
1492 194
1491 194
1490 194
1489 194
1488 194
1487 194
1486 194
1485 194
1484 194
1483 194
1482 194
1481 194
1480 194
1479 194
1478 194
1477 195
1476 195
1475 195
1474 196
1473 196
1472 195
1471 195
1470 195
1469 195
1468 194
1467 194
1466 195
1465 195
1464 195
1463 195
1462 196
1461 196
1460 196
1459 196
1458 196
1457 196
1456 196
1455 196
1454 196
1453 196
1452 197
1451 197
1450 197
1449 197
1449 198
1448 199
1447 199
1446 199
1445 199
1444 200
1443 200
1442 200
1441 200
1440 201
1439 201
1438 201
1437 201
1436 202
1435 203
1434 204
1433 204
1432 205
1431 206
1430 207
1429 208
1428 209
1427 210
1426 211
1426 212
1425 213
1424 214
1423 215
1423 216
1422 217
1421 218
1421 219
1420 220
1419 220
1419 221
1418 222
1417 222
1416 223
1415 224
1415 225
1414 226
1413 226
1413 227
1412 228
1411 229
1410 230
1410 231
1410 232
1410 233
1409 234
1409 235
1409 236
1409 237
1408 238
1408 239
1407 240
1407 241
1406 242
1406 243
1405 244
1404 244
1404 245
1403 246
1403 247
1402 248
1401 248
1400 249
1399 249
1398 250
1397 251
1396 251
1395 251
1394 252
1393 252
1392 251
1391 251
1390 251
1389 251
1388 250
1387 250
1386 250
1385 250
1384 250
1383 250
1382 250
1381 251
1380 251
1379 252
1378 253
1377 253
1376 254
1375 255
1374 256
1373 256
1373 257
1372 258
1371 258
1371 259
1370 260
1369 260
1368 261
1367 262
1366 263
1365 264
1365 265
1364 266
1363 267
1362 267
1362 268
1362 269
1361 270
1361 271
1361 272
1360 273
1360 274
1359 275
1358 276
1358 277
1357 278
1357 279
1356 280
1355 281
1355 282
1354 283
1353 284
1352 285
1351 286
1351 287
1350 288
1349 289
1349 290
1348 291
1347 292
1347 293
1346 294
1346 295
1345 296
1345 297
1344 298
1344 299
1344 300
1344 301
1343 302
1343 303
1343 304
1343 305
1343 306
1343 307
1343 308
1343 309
1343 310
1343 311
1343 312
1343 313
1343 314
1343 315
1342 316
1342 317
1342 318
1342 319
1341 320
1341 321
1341 322
1341 323
1340 324
1340 325
1340 326
1340 327
1339 328
1339 329
1338 330
1338 331
1338 332
1337 333
1337 334
1336 335
1336 336
1336 337
1335 338
1335 339
1335 340
1335 341
1334 342
1334 343
1334 344
1334 345
1333 346
1333 347
1333 348
1333 349
1333 350
1333 351
1333 352
1333 353
1333 354
1333 355
1333 356
1333 357
1332 358
1332 359
1332 360
1331 361
1331 362
1331 363
1331 364
1331 365
1331 366
1331 367
1331 368
1330 369
1330 370
1330 371
1329 372
1329 373
1329 374
1329 375
1329 376
1329 377
1329 378
1329 379
1329 380
1329 381
1329 382
1329 383
1328 384
1328 385
1328 386
1328 387
1327 388
1327 389
1327 390
1327 391
1327 392
1327 393
1326 394
1326 395
1326 396
1326 397
1325 398
1325 399
1325 400
1325 401
1324 402
1324 403
1323 404
1323 405
1322 406
1321 407
1321 408
1321 409
1321 410
1321 411
1320 412
1320 413
1320 414
1320 415
1319 416
1319 417
1319 418
1319 419
1319 420
1319 421
1319 422
1319 423
1319 424
1319 425
1319 426
1319 427
1319 428
1319 429
1319 430
1319 431
1319 432
1319 433
1319 434
1319 435
1319 436
1319 437
1319 438
1319 439
1319 440
1319 441
1319 442
1319 443
1319 444
1319 445
1319 446
1319 447
1319 448
1319 449
1319 450
1319 451
1319 452
1319 453
1319 454
1319 455
1319 456
1319 457
1319 458
1319 459
1319 460
1319 461
1319 462
1319 463
1319 464
1319 465
1319 466
1319 467
1319 468
1319 469
1318 470
1318 471
1318 472
1318 473
1317 474
1317 475
1317 476
1317 477
1317 478
1317 479
1317 480
1317 481
1317 482
1317 483
1317 484
1317 485
1316 486
1316 487
1316 488
1316 489
1315 490
1315 491
1315 492
1315 493
1315 494
1315 495
1315 496
1315 497
1315 498
1315 499
1314 500
1314 501
1314 502
1314 503
1313 504
1313 505
1313 506
1313 507
1313 508
1313 509
1312 510
1312 511
1312 512
1311 513
1310 513
1310 514
1310 515
1309 516
1309 517
1308 518
1308 519
1308 520
1307 521
1307 522
1306 523
1305 524
1305 525
1304 526
1303 527
1303 528
1302 529
1302 530
1301 531
1301 532
1300 533
1300 534
1299 535
1299 536
1298 537
1298 538
1297 539
1297 540
1296 541
1296 542
1295 543
1294 544
1294 545
1294 546
1294 547
1293 548
1293 549
1293 550
1293 551
1293 552
1293 553
1293 554
1293 555
1293 556
1293 557
1294 558
1294 559
1294 560
1294 561
1295 562
1295 563
1295 564
1295 565
1295 566
1295 567
1295 568
1295 569
1296 570
1296 571
1296 572
1296 573
1297 574
1297 575
1297 576
1297 577
1297 578
1297 579
1297 580
1297 581
1297 582
1297 583
1297 584
1297 585
1297 586
1297 587
1297 588
1297 589
1297 590
1297 591
1298 592
1298 593
1298 594
1298 595
1299 596
1299 597
1299 598
1299 599
1299 600
1299 601
1300 602
1300 603
1300 604
1300 605
1301 605
1302 606
1302 607
1302 608
1303 609
1303 610
1303 611
1304 612
1304 613
1304 614
1304 615
1305 616
1305 617
1306 618
1306 619
1306 620
1306 621
1307 622
1307 623
1307 624
1307 625
1307 626
1307 627
1307 628
1307 629
1307 630
1307 631
1308 632
1308 633
1308 634
1308 635
1309 636
1309 637
1309 638
1309 639
1309 640
1309 641
1309 642
1309 643
1310 644
1310 645
1310 646
1311 647
1311 648
1312 649
1313 650
1314 651
1315 652
1315 653
1316 654
1317 654
1318 655
1318 656
1319 657
1320 658
1321 658
1322 659
1323 660
1323 661
1324 662
1325 662
1326 663
1326 664
1327 665
1328 666
1329 667
1329 668
1330 669
1330 670
1331 671
1331 672
1332 673
1333 674
1333 675
1334 676
1334 677
1335 678
1336 679
1336 680
1337 681
1337 682
1338 683
1338 684
1338 685
1339 686
1340 687
1341 688
1341 689
1342 689
1343 690
1343 691
1344 692
1345 693
1345 694
1346 695
1347 696
1347 697
1348 698
1349 699
1350 700
1350 701
1351 702
1352 703
1353 704
1354 705
1354 706
1355 706
1356 707
1356 708
1357 708
1358 709
1358 710
1359 710
1360 711
1360 712
1361 712
1362 713
1362 714
1363 715
1364 715
1365 716
1366 716
1367 717
1368 718
1369 719
1370 719
1371 720
1372 720
1373 721
1374 722
1375 722
1376 723
1377 724
1378 724
1379 725
1380 725
1381 726
1382 726
1383 727
1383 728
1384 728
1385 728
1386 728
1387 729
1388 729
1389 730
1390 730
1391 731
1392 731
1393 732
1394 732
1395 733
1396 733
1397 734
1398 734
1399 735
1400 736
1401 736
1402 737
1402 738
1403 738
1404 739
1405 739
1406 740
1407 741
1408 742
1409 742
1410 743
1411 744
1412 745
1413 745
1414 746
1415 747
1416 748
1417 748
1418 749
1419 749
1420 750
1421 751
1422 751
1423 752
1424 752
1425 753
1425 754
1426 754
1427 754
1428 754
1429 755
1430 756
1431 756
1432 756
1433 757
1433 758
1434 758
1435 758
1436 759
1437 760
1438 760
1439 760
1440 760
1441 761
1442 761
1443 761
1444 761
1445 761
1446 761
1447 761
1448 761
1449 761
1450 761
1451 761
1452 761
1453 761
1454 761
1455 761
1456 761
1457 761
1458 761
1459 761
1460 761
1461 761
1462 761
1463 761
1464 761
1465 761
1466 761
1467 761
1468 761
1469 761
1470 761
1471 761
1472 761
1473 761
1474 761
1475 761
1476 761
1477 761
1478 761
1479 761
1480 761
1481 760
1482 760
1483 760
1484 760
1485 759
1486 759
1487 758
1488 758
1489 758
1490 758
1491 757
1492 757
1493 757
1494 757
1495 757
1496 757
1497 757
1498 757
1499 756
1500 756
1501 756
1502 756
1503 755
1504 755
1505 754
1506 754
1507 754
1508 753
1509 752
1510 751
1511 751
1512 750
1513 749
1514 749
1515 748
1516 748
1516 747
1517 746
1518 746
1519 746
1520 746
1520 745
1521 744
1522 744
1523 744
1524 743
1525 743
1526 742
1527 741
1528 741
1529 740
1530 740
1531 739
1532 738
1533 737
1534 736
1534 735
1535 734
1536 733
1537 732
1538 731
1538 730
1539 729
1540 728
1541 727
1542 726
1543 726
1543 725
1543 724
1544 723
1544 722
1544 721
1545 720
1546 719
1546 718
1547 717
1547 716
1548 715
1549 715
1549 714
1549 713
1550 712
1550 711
1551 710
1552 709
1552 708
1553 707
1554 706
1554 705
1555 704
1555 703
1555 702
1556 701
1556 700
1557 699
1557 698
1557 697
1558 696
1558 695
1558 694
1558 693
1558 692
1558 691
1558 690
1558 689
1559 688
1559 687
1559 686
1560 685
1560 684
1560 683
1560 682
1560 681
1560 680
1561 679
1561 678
1561 677
1561 676
1562 675
1562 674
1562 673
1563 672
1563 671
1563 670
1564 669
1564 668
1564 667
1564 666
1565 665
1565 664
1565 663
1565 662
1566 661
1566 660
1566 659
1566 658
1566 657
1566 656
1566 655
1566 654
1567 653
1567 652
1567 651
1567 650
1568 649
1568 648
1568 647
1568 646
1569 645
1569 644
1569 643
1569 642
1570 641
1570 640
1571 639
1571 638
1571 637
1571 636
1572 635
1573 635
1573 634
1573 633
1574 632
1574 631
1574 630
1575 629
1575 628
1575 627
1575 626
1576 625
1576 624
1577 623
1577 622
1577 621
1577 620
1578 619
1578 618
1578 617
1578 616
1579 615
1579 614
1579 613
1579 612
1580 611
1580 610
1580 609
1580 608
1581 607
1581 606
1581 605
1581 604
1582 603
1582 602
1582 601
1582 600
1582 599
1582 598
1582 597
1582 596
1583 595
1583 594
1583 593
1583 592
1584 591
1584 590
1584 589
1584 588
1584 587
1584 586
1584 585
1584 584
1584 583
1584 582
1584 581
1584 580
1584 579
1584 578
1584 577
1584 576
1584 575
1584 574
1584 573
1584 572
1584 571
1584 570
1585 569
1585 568
1585 567
1585 566
1586 565
1586 564
1586 563
1586 562
1586 561
1586 560
1586 559
1586 558
1586 557
1586 556
1586 555
1586 554
1586 553
1586 552
1586 551
1586 550
1586 549
1586 548
1586 547
1586 546
1586 545
1586 544
1586 543
1586 542
1586 541
1586 540
1586 539
1586 538
1587 537
1587 536
1587 535
1587 534
1588 533
1588 532
1588 531
1588 530
1588 529
1588 528
1588 527
1588 526
1588 525
1588 524
1588 523
1588 522
1588 521
1588 520
1588 519
1588 518
1588 517
1588 516
1588 515
1588 514
1587 513
1587 512
1587 511
1587 510
1586 510
1585 509
1585 508
1585 507
1585 506
1584 505
1584 504
1585 503
1586 502
1587 501
1588 500
1589 499
1590 499
1590 498
1591 497
1591 496
1592 495
1592 494
1592 493
1592 492
1592 491
1592 490
1592 489
1592 488
1592 487
1592 486
1592 485
1592 484
1592 483
1592 482
1592 481
1592 480
1592 479
1592 478
1592 477
1592 476
1592 475
1592 474
1592 473
1592 472
1592 471
1592 470
1592 469
1592 468
1591 467
1591 466
1591 465
1590 464
1590 463
1590 462
1590 461
1590 460
1590 459
1590 458
1590 457
1590 456
1590 455
1590 454
1590 453
1590 452
1590 451
1590 450
1590 449
1590 448
1590 447
1590 446
1590 445
1590 444
1590 443
1590 442
1590 441
1590 440
1590 439
1590 438
1590 437
1590 436
1590 435
1590 434
1590 433
1590 432
1590 431
1590 430
1590 429
1590 428
1590 427
1590 426
1590 425
1590 424
1590 423
1590 422
1590 421
1590 420
1590 419
1590 418
1590 417
1590 416
1590 415
1590 414
1590 413
1590 412
1591 411
1591 410
1591 409
1591 408
1592 407
1592 406
1592 405
1592 404
1592 403
1592 402
1592 401
1592 400
1592 399
1592 398
1592 397
1592 396
1592 395
1592 394
1592 393
1592 392
1592 391
1592 390
1592 389
1592 388
1592 387
1592 386
1592 385
1592 384
1591 383
1591 382
1591 381
1591 380
1590 379
1590 378
1591 377
1591 376
1591 375
1591 374
1592 373
1592 372
1592 371
1592 370
1592 369
1592 368
1592 367
1592 366
1592 365
1592 364
1592 363
1592 362
1592 361
1592 360
1592 359
1592 358
1592 357
1592 356
1592 355
1592 354
1592 353
1592 352
1592 351
1592 350
1592 349
1592 348
1592 347
1592 346
1591 345
1591 344
1591 343
1591 342
1590 341
1590 340
1590 339
1590 338
1590 337
1590 336
1589 335
1589 334
1589 333
1589 332
1588 331
1588 330
1588 329
1588 328
1588 327
1588 326
1588 325
1588 324
1587 323
1587 322
1587 321
1587 320
1586 319
1586 318
1586 317
1586 316
1586 315
1586 314
1586 313
1586 312
1585 311
1585 310
1585 309
1585 308
1584 307
1584 306
1584 305
1584 304
1584 303
1584 302
1584 301
1584 300
1583 299
1583 298
1583 297
1582 296
1582 295
1582 294
1582 293
1582 292
1582 291
1582 290
1582 289
1582 288
1581 287
1581 286
1581 285
1581 284
1580 283
1580 282
1580 281
1580 280
1580 279
1580 278
1580 277
1580 276
1580 275
1580 274
1579 273
1579 272
1579 271
1579 270
1578 269
1578 268
1578 267
1578 266
1577 265
1577 264
1577 263
1577 262
1576 261
1576 260
1576 259
1576 258
1575 257
1575 256
1575 255
1575 254
1574 253
1574 252
1574 251
1574 250
1574 249
1574 248
1574 247
1574 246
1574 245
1574 244
1574 243
1574 242
1574 241
1574 240
1574 239
1574 238
1574 237
1574 236
1574 235
1574 234
1573 233
1573 232
1573 231
1573 230
1572 229
1572 228
1572 227
1572 226
1572 225
1572 224
1572 223
1572 222
1572 221
1572 220
1571 219
1571 218
1571 217
1570 216
1570 215
1570 214
1569 213
1569 212
1569 211
1568 210
1568 209
1567 208
1567 207
1567 206
1566 205
1566 204
1565 203
1565 202
1565 201
1564 200
1564 199
1563 198
1563 197
1563 196
1562 195
1561 194
1561 193
1560 192
1559 192
1558 191
1557 190
1556 190
1555 190
1554 190
1553 190
1552 190
1551 190
1550 190
1549 190
1548 190
1547 190
1546 189
1545 189
1544 189
1543 189
1542 188
1541 188
1540 188
1539 188
