2371 590
2370 591
2369 591
2368 592
2367 592
2366 593
2365 594
2364 595
2363 595
2362 596
2361 596
2360 596
2359 596
2358 596
2357 596
2356 596
2355 596
2354 596
2353 596
2352 596
2351 596
2350 596
2349 596
2348 596
2347 596
2346 596
2345 596
2344 596
2343 596
2342 596
2341 596
2340 597
2339 597
2338 598
2337 598
2336 599
2336 600
2335 601
2334 601
2334 602
2333 603
2332 603
2331 604
2331 605
2330 606
2329 607
2328 607
2328 608
2327 609
2326 609
2326 610
2325 611
2324 611
2323 612
2323 613
2322 614
2321 615
2320 615
2320 616
2319 617
2318 617
2317 618
2316 619
2315 619
2314 620
2313 620
2312 620
2311 620
2310 620
2309 620
2308 621
2307 621
2306 622
2305 622
2304 623
2304 624
2303 625
2302 625
2302 626
2301 627
2300 627
2299 628
2299 629
2298 630
2297 631
2296 631
2296 632
2295 633
2294 633
2293 634
2292 635
2291 635
2290 636
2289 636
2288 636
2287 636
2286 636
2285 636
2284 637
2283 637
2282 638
2281 638
2280 639
2280 640
2279 641
2278 641
2278 642
2277 643
2276 643
2275 644
2275 645
2274 646
2273 647
2272 647
2272 648
2271 649
2270 649
2269 650
2268 651
2267 651
2266 652
2265 652
2264 652
2263 652
2262 652
2261 652
2260 653
2259 653
2258 654
2257 654
2256 655
2256 656
2255 657
2254 657
2253 658
2252 659
2251 659
2250 660
2249 660
2248 660
2247 660
2246 660
2245 660
2244 661
2243 661
2242 662
2241 662
2240 663
2240 664
2239 665
2238 665
2238 666
2237 667
2236 667
2235 668
2235 669
2234 670
2233 671
2232 671
2232 672
2231 673
2230 673
2229 674
2228 675
2227 675
2226 676
2225 676
2224 676
2223 676
2222 676
2221 676
2220 677
2219 677
2218 678
2217 678
2216 679
2216 680
2215 681
2214 681
2214 682
2213 683
2212 683
2211 684
2211 685
2210 686
2209 687
2208 687
2208 688
2207 689
2206 689
2206 690
2205 691
2204 691
2203 692
2203 693
2202 694
2201 695
2200 695
2200 696
2199 697
2198 697
2198 698
2197 699
2196 699
2195 700
2195 701
2194 702
2193 703
2192 703
2192 704
2191 705
2190 705
2189 706
2188 707
2187 707
2186 708
2185 708
2184 708
2183 708
2182 709
2181 709
2180 709
2179 709
2178 710
2177 711
2176 712
2175 712
2174 713
2173 714
2172 715
2171 715
2170 716
2169 716
2168 716
2167 716
2166 717
2165 717
2164 718
2163 718
2162 719
2161 719
2161 720
2160 721
2159 721
2158 722
2157 723
2156 723
2155 724
2154 725
2153 726
2152 727
2152 728
2151 729
2150 729
2149 730
2148 731
2147 731
2146 732
2145 732
2144 732
2143 732
2142 732
2141 732
2140 732
2139 732
2138 732
2137 732
2136 732
2135 732
2134 732
2133 732
2132 732
2131 732
2130 732
2129 732
2128 732
2127 732
2126 732
2125 732
2124 732
2123 732
2122 732
2121 732
2120 733
2119 733
2118 733
2117 734
2116 734
2115 735
2114 736
2113 736
2112 737
2111 737
2111 738
2110 739
2109 739
2108 740
2107 740
2107 741
2106 742
2105 742
2104 743
2104 744
2103 745
2102 745
2101 746
2100 747
2099 747
2098 748
2097 748
2096 748
2095 748
2094 748
2093 748
2092 748
2091 748
2090 748
2089 748
2088 748
2087 748
2086 748
2085 748
2084 748
2083 748
2082 748
2081 749
2080 749
2079 749
2078 750
2077 750
2076 750
2075 750
2074 751
2073 751
2072 752
2071 752
2070 753
2069 754
2068 755
2067 755
2066 756
2065 756
2064 756
2063 756
2062 756
2061 756
2060 757
2059 757
2058 758
2057 758
2056 759
2056 760
2055 761
2054 761
2054 762
2053 763
2052 763
2051 764
2051 765
2050 766
2049 767
2048 767
2048 768
2047 769
2046 769
2045 770
2044 771
2043 771
2042 772
2041 772
2040 772
2039 772
2038 772
2037 772
2036 772
2035 772
2034 772
2033 772
2032 773
2031 773
2030 773
2029 774
2028 774
2027 775
2026 775
2025 775
2025 776
2024 777
2023 777
2022 778
2021 778
2020 779
2019 779
2018 780
2017 780
2016 780
2015 780
2014 780
2013 780
2012 780
2011 780
2010 780
2009 780
2008 780
2007 780
2006 781
2005 781
2004 781
2003 781
2002 782
2001 782
2000 782
1999 782
1998 783
1997 783
1996 783
1995 783
1994 784
1993 784
1992 785
1991 785
1990 786
1989 786
1988 787
1987 787
1986 788
1985 788
1984 788
1983 788
1982 788
1981 788
1980 788
1979 788
1978 788
1977 788
1976 788
1975 788
1974 788
1973 788
1972 788
1971 788
1970 788
1969 788
1968 788
1967 788
1966 788
1965 788
1964 788
1963 788
1962 788
1961 788
1960 788
1959 788
1958 788
1957 788
1956 788
1955 788
1954 788
1953 788
1952 788
1951 788
1950 788
1949 788
1948 788
1947 788
1946 788
1945 788
1944 788
1943 788
1942 788
1941 788
1940 788
1939 788
1938 788
1937 788
1936 788
1935 788
1934 788
1933 788
1932 789
1931 789
1930 790
1929 790
1928 791
1928 792
1927 793
1926 793
1926 794
1925 795
1924 795
1923 796
1923 797
1922 798
1921 799
1920 799
1920 800
1919 801
1918 801
1918 802
1917 803
1916 803
1915 804
1915 805
1914 806
1913 807
1912 807
1912 808
1911 809
1910 809
1910 810
1909 811
1908 811
1907 812
1907 813
1906 814
1905 815
1904 815
1904 816
1903 817
1902 817
1902 818
1901 819
1900 819
1899 820
1899 821
1898 822
1897 823
1896 823
1896 824
1895 825
1894 825
1894 826
1893 827
1892 827
1891 828
1891 829
1890 830
1889 831
1888 831
1888 832
1887 833
1886 834
1885 834
1885 835
1884 836
1883 837
1883 838
1882 839
1882 840
1881 841
1880 841
1879 842
1878 843
1877 844
1876 844
1875 845
1874 846
1873 847
1872 847
1872 848
1871 849
1870 849
1870 850
1869 851
1868 851
1867 852
1867 853
1866 854
1865 855
1864 855
1864 856
1863 857
1862 857
1862 858
1861 859
1860 859
1859 860
1859 861
1858 862
1857 863
1856 863
1856 864
1855 865
1854 866
1853 866
1853 867
1852 868
1851 869
1850 870
1850 871
1850 872
1850 873
1849 874
1849 875
1849 876
1849 877
1848 878
1848 879
1847 880
1847 881
1846 882
1845 883
1844 883
1843 884
1843 885
1842 886
1841 887
1841 888
1841 889
1841 890
1841 891
1841 892
1841 893
1840 894
1840 895
1840 896
1839 897
1838 897
1838 898
1837 899
1836 899
1835 900
1835 901
1834 902
1833 903
1832 903
1832 904
1831 905
1830 906
1829 907
1828 908
1828 909
1828 910
1828 911
1827 912
1827 913
1826 914
1826 915
1826 916
1826 917
1825 918
1825 919
1825 920
1825 921
1825 922
1825 923
1825 924
1825 925
1824 926
1824 927
1824 928
1823 929
1822 929
1822 930
1821 931
1820 931
1819 932
1819 933
1818 934
1817 935
1816 935
1816 936
1815 937
1814 937
1813 938
1812 939
1811 939
1810 940
1809 940
1808 940
1807 940
1806 940
1805 940
1804 939
1803 939
1802 939
1801 939
1800 938
1799 938
1798 938
1797 938
1796 938
1795 938
1794 937
1793 937
1792 936
1791 936
1790 935
1789 935
1788 934
1787 934
1786 935
1785 935
1784 936
1783 936
1782 937
1782 938
1781 939
1780 939
1779 940
1779 941
1778 942
1777 943
1776 944
1775 945
1775 946
1774 947
1773 948
1773 949
1772 950
1772 951
1772 952
1772 953
1772 954
1772 955
1772 956
1772 957
1772 958
1772 959
1771 960
1771 961
1771 962
1771 963
1770 964
1770 965
1770 966
1770 967
1769 968
1769 969
1769 970
1769 971
1769 972
1769 973
1768 974
1768 975
1768 976
1767 977
1766 977
1766 978
1766 979
1765 980
1764 980
1764 981
1764 982
1763 983
1763 984
1762 985
1762 986
1762 987
1761 988
1761 989
1761 990
1761 991
1761 992
1761 993
1761 994
1761 995
1761 996
1761 997
1760 998
1760 999
1760 1000
1759 1001
1758 1002
1757 1003
1756 1004
1756 1005
1756 1006
1756 1007
1755 1008
1755 1009
1754 1010
1754 1011
1754 1012
1754 1013
1753 1014
1753 1015
1753 1016
1753 1017
1753 1018
1753 1019
1753 1020
1753 1021
1753 1022
1753 1023
1753 1024
1753 1025
1753 1026
1753 1027
1753 1028
1753 1029
1753 1030
1753 1031
1753 1032
1753 1033
1753 1034
1753 1035
1753 1036
1753 1037
1753 1038
1753 1039
1752 1040
1752 1041
1751 1042
1751 1043
1751 1044
1751 1045
1750 1046
1750 1047
1751 1048
1751 1049
1751 1050
1751 1051
1750 1052
1750 1053
1750 1054
1750 1055
1749 1056
1749 1057
1749 1058
1749 1059
1749 1060
1749 1061
1749 1062
1749 1063
1750 1064
1750 1065
1750 1066
1750 1067
1751 1067
1752 1068
1752 1069
1752 1070
1752 1071
1753 1072
1753 1073
1753 1074
1753 1075
1753 1076
1753 1077
1753 1078
1753 1079
1753 1080
1753 1081
1753 1082
1753 1083
1753 1084
1753 1085
1753 1086
1753 1087
1753 1088
1753 1089
1753 1090
1753 1091
1754 1092
1754 1093
1754 1094
1754 1095
1755 1096
1755 1097
1756 1098
1756 1099
1756 1100
1756 1101
1757 1102
1757 1103
1757 1104
1758 1105
1759 1106
1760 1106
1761 1107
1762 1107
1763 1107
1764 1107
1765 1107
1766 1107
1767 1107
1768 1107
1769 1107
1770 1107
1771 1107
1772 1107
1773 1106
1774 1106
1775 1105
1776 1104
1777 1103
1778 1102
1779 1101
1780 1100
1781 1100
1782 1100
1783 1099
1784 1099
1785 1099
1786 1099
1787 1099
1788 1099
1789 1099
1790 1099
1791 1100
1792 1100
1793 1101
1794 1101
1795 1102
1796 1103
1796 1104
1797 1105
1798 1106
1798 1107
1799 1108
1800 1109
1800 1110
1800 1111
1800 1112
1799 1113
1799 1114
1799 1115
1800 1115
1801 1115
1802 1114
1803 1114
1804 1114
1805 1115
1806 1116
1807 1117
1807 1118
1807 1119
1807 1120
1808 1121
1808 1122
1808 1123
1809 1124
1809 1125
1809 1126
1809 1127
1809 1128
1809 1129
1810 1130
1810 1131
1811 1132
1811 1133
1812 1134
1812 1135
1812 1136
1812 1137
1812 1138
1812 1139
1812 1140
1812 1141
1813 1142
1814 1142
1815 1143
1816 1143
1817 1144
1818 1145
1819 1145
1820 1146
1821 1147
1821 1148
1822 1149
1823 1150
1823 1151
1824 1151
1825 1152
1825 1153
1826 1153
1827 1154
1827 1155
1828 1155
1829 1156
1829 1157
1828 1158
1828 1159
1829 1160
1830 1161
1830 1162
1831 1163
1832 1163
1833 1164
1834 1164
1835 1165
1836 1165
1837 1166
1838 1166
1839 1166
1840 1166
1841 1167
1842 1167
1843 1168
1844 1168
1845 1168
1846 1168
1847 1169
1848 1169
1849 1169
1850 1169
1851 1169
1852 1169
1853 1169
1854 1169
1855 1168
1856 1168
1857 1168
1858 1168
1859 1167
1860 1167
1861 1166
1862 1166
1863 1166
1864 1166
1865 1165
1866 1164
1867 1164
1868 1164
1869 1163
1870 1163
1871 1163
1872 1163
1873 1163
1874 1163
1875 1163
1876 1163
1877 1163
1878 1163
1879 1164
1880 1164
1881 1165
1882 1166
1883 1167
1884 1167
1885 1168
1886 1169
1887 1170
1888 1170
1889 1171
1890 1172
1891 1173
1891 1174
1892 1175
1892 1176
1893 1176
1894 1177
1894 1178
1895 1179
1896 1179
1897 1180
1898 1180
1899 1181
1900 1181
1901 1182
1902 1182
1903 1182
1904 1183
1905 1184
1906 1184
1907 1184
1908 1185
1909 1185
1910 1186
1911 1187
1912 1188
1913 1189
1914 1189
1915 1190
1915 1191
1916 1191
1917 1192
1917 1193
1918 1194
1919 1195
1920 1196
1921 1197
1922 1198
1923 1199
1924 1199
1925 1200
1926 1201
1927 1202
1928 1202
1929 1203
1930 1204
1931 1205
1931 1206
1932 1207
1932 1208
1933 1209
1933 1210
1934 1211
1934 1212
1934 1213
1935 1214
1936 1215
1936 1216
1937 1216
1938 1217
1938 1218
1939 1218
1940 1219
1940 1220
1941 1220
1942 1221
1942 1222
1943 1222
1944 1223
1944 1224
1945 1225
1946 1225
1947 1226
1948 1227
1949 1227
1950 1228
1951 1229
1952 1230
1953 1230
1954 1231
1955 1231
1956 1232
1957 1233
1958 1233
1959 1234
1960 1234
1961 1235
1961 1236
1962 1236
1963 1236
1964 1237
1965 1238
1966 1238
1967 1239
1968 1240
1969 1240
1970 1241
1970 1242
1971 1242
1972 1243
1973 1244
1973 1245
1974 1245
1975 1246
1976 1246
1977 1247
1977 1248
1978 1248
1979 1249
1980 1250
1981 1250
1982 1251
1983 1252
1983 1253
1984 1254
1985 1255
1986 1256
1986 1257
1987 1258
1988 1259
1989 1260
1989 1261
1990 1262
1991 1263
1992 1264
1993 1265
1993 1266
1994 1267
1995 1268
1995 1269
1996 1270
1997 1270
1998 1271
1998 1272
1999 1273
2000 1274
2001 1275
2002 1275
2003 1276
2003 1277
2004 1277
2005 1278
2005 1279
2006 1280
2007 1281
2007 1282
2008 1283
2009 1284
2009 1285
2010 1286
2011 1287
2011 1288
2012 1289
2013 1290
2013 1291
2014 1292
2015 1293
2016 1294
2017 1295
2017 1296
2018 1296
2019 1297
2020 1298
2021 1299
2022 1299
2023 1300
2023 1301
2024 1301
2025 1302
2026 1303
2027 1303
2028 1304
2029 1305
2030 1306
2031 1307
2032 1307
2033 1308
2033 1309
2034 1309
2035 1310
2035 1311
2036 1311
2037 1312
2038 1313
2038 1314
2039 1315
2040 1315
2041 1316
2042 1317
2043 1318
2044 1318
2045 1319
2046 1320
2047 1321
2047 1322
2048 1323
2049 1324
2050 1325
2050 1326
2051 1327
2052 1328
2053 1329
2054 1330
2054 1331
2055 1332
2056 1333
2057 1334
2058 1334
2059 1335
2060 1335
2061 1336
2062 1336
2063 1337
2064 1337
2065 1338
2066 1339
2067 1339
2068 1340
2069 1341
2070 1341
2071 1342
2072 1342
2073 1343
2073 1344
2074 1344
2075 1345
2076 1346
2077 1346
2078 1347
2079 1347
2080 1348
2081 1349
2082 1350
2083 1351
2083 1352
2084 1353
2084 1354
2085 1355
2086 1355
2087 1356
2088 1356
2089 1357
2089 1358
2090 1358
2091 1358
2092 1358
2093 1359
2093 1360
2094 1361
2095 1361
2096 1362
2097 1363
2098 1364
2099 1365
2100 1365
2101 1366
2102 1367
2102 1368
2103 1369
2104 1370
2105 1370
2106 1371
2107 1372
2108 1373
2109 1373
2110 1374
2111 1375
2112 1376
2113 1376
2114 1377
2114 1378
2115 1379
2116 1379
2117 1380
2117 1381
2118 1381
2119 1382
2120 1383
2120 1384
2121 1384
2122 1384
2123 1385
2123 1386
2124 1386
2125 1387
2126 1388
2127 1389
2128 1389
2129 1390
2130 1391
2130 1392
2131 1393
2132 1394
2133 1395
2133 1396
2134 1397
2135 1398
2136 1398
2137 1399
2138 1399
2139 1399
2140 1399
2141 1399
2142 1399
2143 1400
2144 1400
2145 1401
2146 1402
2146 1403
2147 1404
2147 1405
2148 1406
2148 1407
2149 1408
2149 1409
2150 1410
2151 1411
2152 1412
2153 1413
2154 1413
2155 1414
2156 1415
2157 1416
2158 1416
2159 1416
2160 1416
2161 1417
2162 1417
2163 1417
2164 1417
2165 1417
2166 1417
2167 1418
2167 1419
2167 1420
2167 1421
2168 1422
2169 1423
2169 1424
2170 1424
2171 1424
2172 1424
2173 1425
2173 1426
2174 1426
2175 1426
2176 1426
2177 1427
2178 1427
2179 1428
2180 1429
2181 1430
2182 1431
2183 1432
2184 1432
2185 1433
2185 1434
2186 1434
2187 1434
2188 1434
2189 1435
2190 1435
2191 1435
2192 1435
2193 1435
2194 1435
2195 1435
2196 1435
2197 1435
2198 1435
2199 1436
2200 1436
2201 1436
2202 1436
2203 1436
2204 1437
2205 1437
2206 1437
2207 1437
2208 1437
2209 1437
2210 1436
2211 1435
2212 1435
2213 1435
2214 1435
2215 1435
2216 1435
2217 1435
2218 1435
2219 1435
2220 1435
2221 1435
2222 1435
2223 1435
2224 1435
2225 1436
2226 1436
2227 1436
2228 1436
2229 1437
2230 1437
2231 1437
2232 1437
2233 1437
2234 1437
2235 1437
2236 1437
2237 1438
2238 1438
2239 1438
2240 1438
2241 1439
2242 1439
2243 1439
2244 1439
2245 1439
2246 1439
2247 1440
2248 1440
2249 1440
2250 1440
2251 1441
2252 1441
2253 1441
2254 1441
2255 1441
2256 1441
2257 1441
2258 1441
2259 1441
2260 1441
2261 1442
2262 1442
2263 1442
2264 1442
2265 1443
2266 1443
2267 1443
2268 1443
2269 1443
2270 1443
2271 1443
2272 1443
2273 1443
2274 1443
2275 1444
2276 1444
2277 1443
2278 1443
2279 1443
2280 1444
2281 1443
2282 1443
2283 1443
2284 1443
2285 1443
2286 1443
2287 1443
2288 1443
2289 1443
2290 1443
2291 1443
2292 1443
2293 1443
2294 1443
2295 1443
2296 1443
2297 1443
2298 1443
2299 1443
2300 1443
2301 1443
2302 1443
2303 1443
2304 1443
2305 1443
2306 1443
2307 1443
2308 1443
2309 1443
2310 1443
2311 1443
2312 1443
2313 1443
2314 1443
2315 1443
2316 1443
2317 1443
2318 1443
2319 1443
2320 1443
2321 1443
2322 1443
2323 1443
2324 1443
2325 1443
2326 1443
2327 1443
2328 1443
2329 1443
2330 1443
2331 1443
2332 1443
2333 1443
2334 1443
2335 1443
2336 1443
2337 1443
2338 1443
2339 1443
2340 1443
2341 1442
2342 1442
2343 1442
2344 1442
2345 1441
2346 1441
2347 1441
2348 1441
2349 1441
2350 1441
2351 1441
2352 1441
2353 1441
2354 1441
2355 1441
2356 1441
2357 1441
2358 1441
2359 1441
2360 1441
2361 1441
2362 1441
2363 1441
2364 1441
2365 1441
2366 1441
2367 1441
2368 1441
2369 1441
2370 1441
2371 1441
2372 1441
2373 1441
2374 1441
2375 1441
2376 1441
2377 1441
2378 1441
2379 1441
2380 1441
2381 1441
2382 1441
2383 1441
2384 1441
2385 1441
2386 1441
2387 1441
2388 1441
2389 1442
2390 1442
2391 1442
2392 1442
2393 1443
2394 1443
2395 1444
2396 1444
2397 1444
2398 1444
2399 1445
2400 1445
2401 1445
2402 1445
2403 1445
2404 1445
2405 1445
2406 1445
2407 1445
2408 1445
2409 1445
2410 1445
2411 1445
2412 1445
2413 1446
2414 1446
2415 1446
2416 1446
2417 1447
2418 1447
2419 1448
2420 1448
2421 1448
2422 1448
2423 1449
2424 1449
2425 1449
2426 1449
2427 1449
2428 1449
2429 1449
2430 1449
2431 1449
2432 1449
2433 1449
2434 1449
2435 1449
2436 1449
2437 1449
2438 1449
2439 1449
2440 1449
2441 1449
2442 1449
2443 1449
2444 1449
2445 1449
2446 1449
2447 1449
2448 1449
2449 1449
2450 1449
2451 1449
2452 1449
2453 1449
2454 1449
2455 1449
2456 1449
2457 1448
2458 1448
2459 1448
2460 1448
2461 1447
2462 1447
2463 1446
2464 1446
2465 1445
2466 1445
2467 1444
2468 1444
2469 1443
2470 1443
2471 1443
2472 1443
2473 1443
2474 1443
2475 1442
2476 1442
2477 1442
2478 1441
2479 1440
2480 1440
2480 1439
2481 1438
2482 1438
2483 1438
2484 1438
2485 1437
2486 1437
2487 1436
2488 1436
2489 1436
2490 1435
2491 1435
2492 1434
2493 1433
2494 1433
2495 1432
2496 1432
2496 1431
2497 1430
2498 1430
2499 1430
2500 1430
2501 1429
2502 1428
2503 1427
2504 1426
2505 1425
2506 1424
2506 1423
2507 1422
2508 1421
2509 1420
2509 1419
2510 1418
2511 1418
2511 1417
2512 1416
2513 1415
2514 1414
2515 1413
2515 1412
2516 1411
2517 1410
2518 1409
2519 1408
2520 1407
2521 1406
2522 1405
2522 1404
2523 1403
2524 1402
2525 1402
2526 1401
2527 1400
2528 1399
2529 1398
2530 1397
2530 1396
2531 1395
2532 1394
2533 1394
2534 1393
2535 1392
2536 1391
2537 1390
2538 1389
2538 1388
2539 1387
2540 1386
2541 1386
2542 1385
2543 1384
2544 1383
2545 1382
2546 1381
2546 1380
2547 1379
2548 1378
2549 1378
2550 1377
2551 1376
2552 1375
2553 1374
2554 1373
2554 1372
2555 1371
2556 1370
2557 1370
2558 1369
2558 1368
2559 1367
2560 1367
2561 1366
2562 1366
2563 1365
2564 1365
2565 1364
2566 1364
2567 1364
2568 1364
2569 1363
2570 1363
2571 1362
2572 1362
2573 1362
2574 1361
2575 1360
2576 1359
2576 1358
2577 1357
2578 1357
2578 1356
2579 1355
2580 1355
2581 1354
2582 1354
2583 1353
2584 1352
2585 1352
2586 1351
2587 1350
2588 1350
2589 1350
2590 1350
2591 1349
2592 1348
2593 1348
2594 1347
2595 1347
2596 1346
2597 1346
2598 1346
2599 1345
2600 1345
2601 1344
2602 1344
2603 1344
2604 1344
2605 1343
2606 1342
2607 1342
2608 1342
2609 1341
2610 1340
2611 1340
2612 1340
2613 1339
2614 1339
2615 1339
2616 1339
2617 1339
2618 1339
2619 1338
2620 1338
2621 1337
2622 1337
2622 1336
2623 1335
2624 1335
2625 1334
2626 1334
2627 1333
2628 1333
2629 1333
2630 1333
2631 1333
2632 1333
2633 1332
2634 1332
2635 1332
2636 1332
2637 1331
2638 1331
2639 1331
2640 1331
2641 1331
2642 1331
2643 1331
2644 1331
2645 1331
2646 1331
2647 1331
2648 1331
2649 1331
2650 1331
2651 1330
2652 1330
2653 1329
2654 1329
2654 1328
2655 1327
2656 1327
2657 1326
2658 1326
2659 1325
2660 1324
2661 1324
2662 1324
2663 1323
2664 1323
2665 1323
2666 1323
2667 1322
2668 1322
2669 1322
2670 1321
2671 1320
2672 1320
2672 1319
2673 1318
2674 1318
2675 1319
2676 1319
2676 1318
2677 1317
2678 1317
2679 1318
2680 1318
2681 1317
2682 1316
2683 1315
2684 1315
2685 1314
2686 1313
2687 1312
2688 1311
2689 1310
2690 1309
2690 1308
2691 1307
2692 1306
2693 1306
2694 1305
2694 1304
2695 1303
2696 1302
2696 1301
2696 1300
2696 1299
2696 1298
2697 1297
2697 1296
2697 1295
2698 1294
2698 1293
2699 1292
2700 1291
2700 1290
2701 1289
2702 1289
2703 1288
2704 1287
2705 1286
2706 1285
2706 1284
2707 1283
2708 1282
2709 1282
2710 1281
2710 1280
2711 1279
2712 1278
2712 1277
2712 1276
2712 1275
2712 1274
2713 1273
2713 1272
2713 1271
2714 1270
2714 1269
2715 1268
2716 1267
2716 1266
2717 1265
2718 1265
2719 1264
2720 1263
2721 1262
2722 1261
2722 1260
2723 1259
2724 1258
2725 1258
2726 1257
2727 1256
2728 1255
2729 1254
2730 1253
2730 1252
2731 1251
2732 1250
2733 1250
2734 1249
2735 1248
2736 1247
2737 1246
2738 1245
2738 1244
2739 1243
2740 1242
2741 1242
2742 1241
2742 1240
2743 1239
2744 1238
2744 1237
2745 1236
2746 1235
2746 1234
2747 1233
2747 1232
2748 1231
2748 1230
2748 1229
2748 1228
2748 1227
2748 1226
2748 1225
2748 1224
2748 1223
2748 1222
2749 1221
2749 1220
2750 1219
2750 1218
2751 1217
2751 1216
2752 1215
2752 1214
2752 1213
2752 1212
2752 1211
2752 1210
2752 1209
2752 1208
2753 1207
2753 1206
2753 1205
2753 1204
2754 1203
2754 1202
2754 1201
2755 1200
2754 1199
2754 1198
2755 1197
2755 1196
2755 1195
2755 1194
2756 1193
2756 1192
2757 1191
2757 1190
2758 1189
2758 1188
2757 1187
2757 1186
2757 1185
2757 1184
2757 1183
2757 1182
2757 1181
2757 1180
2758 1179
2758 1178
2758 1177
2758 1176
2758 1175
2758 1174
2757 1173
2757 1172
2757 1171
2757 1170
2756 1169
2756 1168
2756 1167
2756 1166
2756 1165
2756 1164
2756 1163
2756 1162
2756 1161
2756 1160
2756 1159
2756 1158
2756 1157
2756 1156
2756 1155
2756 1154
2756 1153
2756 1152
2757 1151
2757 1150
2757 1149
2757 1148
2758 1147
2758 1146
2758 1145
2758 1144
2758 1143
2758 1142
2758 1141
2758 1140
2758 1139
2758 1138
2758 1137
2758 1136
2758 1135
2758 1134
2758 1133
2758 1132
2759 1131
2759 1130
2759 1129
2759 1128
2760 1127
2760 1126
2760 1125
2760 1124
2760 1123
2760 1122
2760 1121
2760 1120
2761 1119
2761 1118
2761 1117
2761 1116
2762 1115
2762 1114
2762 1113
2762 1112
2763 1111
2763 1110
2763 1109
2763 1108
2764 1107
2764 1106
2764 1105
2764 1104
2764 1103
2764 1102
2764 1101
2764 1100
2764 1099
2764 1098
2764 1097
2764 1096
2764 1095
2764 1094
2765 1093
2765 1092
2766 1091
2766 1090
2767 1089
2767 1088
2768 1087
2768 1086
2768 1085
2768 1084
2769 1083
2769 1082
2769 1081
2769 1080
2770 1079
2770 1078
2770 1077
2770 1076
2771 1075
2771 1074
2771 1073
2771 1072
2772 1071
2772 1070
2773 1069
2773 1068
2773 1067
2773 1066
2774 1065
2775 1065
2775 1064
2775 1063
2775 1062
2776 1061
2776 1060
2776 1059
2776 1058
2776 1057
2776 1056
2777 1055
2777 1054
2777 1053
2777 1052
2778 1051
2778 1050
2778 1049
2779 1048
2779 1047
2779 1046
2780 1045
2780 1044
2780 1043
2780 1042
2780 1041
2780 1040
2781 1039
2781 1038
2781 1037
2781 1036
2782 1035
2782 1034
2782 1033
2783 1032
2784 1031
2785 1030
2786 1029
2787 1029
2788 1028
2789 1027
2790 1027
2790 1026
2791 1025
2792 1024
2792 1023
2793 1022
2794 1021
2795 1020
2795 1019
2796 1018
2797 1018
2797 1017
2798 1016
2799 1016
2799 1015
2799 1014
2800 1013
2800 1012
2800 1011
2800 1010
2800 1009
2800 1008
2800 1007
2800 1006
2800 1005
2800 1004
2800 1003
2800 1002
2800 1001
2800 1000
2800 999
2800 998
2800 997
2800 996
2800 995
2800 994
2800 993
2800 992
2800 991
2800 990
2800 989
2800 988
2799 987
2799 986
2799 985
2798 984
2798 983
2797 982
2797 981
2797 980
2796 979
2796 978
2796 977
2796 976
2796 975
2796 974
2796 973
2796 972
2796 971
2796 970
2796 969
2796 968
2796 967
2796 966
2795 965
2795 964
2795 963
2795 962
2794 961
2794 960
2794 959
2794 958
2794 957
2794 956
2794 955
2794 954
2794 953
2794 952
2794 951
2794 950
2794 949
2794 948
2794 947
2794 946
2794 945
2794 944
2794 943
2794 942
2794 941
2794 940
2794 939
2794 938
2794 937
2794 936
2794 935
2794 934
2794 933
2794 932
2794 931
2794 930
2794 929
2794 928
2794 927
2794 926
2793 925
2793 924
2793 923
2793 922
2792 921
2792 920
2791 919
2791 918
2791 917
2791 916
2790 915
2790 914
2790 913
2790 912
2790 911
2790 910
2790 909
2790 908
2790 907
2790 906
2790 905
2790 904
2790 903
2790 902
2790 901
2790 900
2789 899
2789 898
2789 897
2788 896
2788 895
2787 894
2787 893
2787 892
2787 891
2787 890
2787 889
2787 888
2788 887
2788 886
2788 885
2788 884
2788 883
2788 882
2788 881
2788 880
2788 879
2788 878
2787 877
2787 876
2788 875
2788 874
2787 873
2788 872
2788 871
2788 870
2787 869
2787 868
2787 867
2787 866
2786 865
2786 864
2786 863
2786 862
2786 861
2786 860
2786 859
2786 858
2786 857
2786 856
2786 855
2786 854
2786 853
2786 852
2786 851
2786 850
2786 849
2786 848
2785 847
2785 846
2785 845
2785 844
2784 843
2784 842
2784 841
2784 840
2785 839
2785 838
2785 837
2785 836
2786 835
2786 834
2786 833
2786 832
2786 831
2786 830
2786 829
2786 828
2786 827
2786 826
2786 825
2786 824
2787 823
2787 822
2787 821
2787 820
2788 819
2788 818
2788 817
2788 816
2787 815
2787 814
2788 813
2788 812
2788 811
2789 810
2789 809
2790 808
2791 808
2791 807
2791 806
2792 805
2792 804
2792 803
2792 802
2792 801
2792 800
2792 799
2792 798
2792 797
2792 796
2792 795
2792 794
2792 793
2792 792
2792 791
2792 790
2792 789
2792 788
2793 787
2793 786
2793 785
2794 784
2794 783
2794 782
2794 781
2794 780
2794 779
2794 778
2794 777
2794 776
2794 775
2794 774
2794 773
2794 772
2794 771
2794 770
2794 769
2793 768
2793 767
2793 766
2792 765
2792 764
2792 763
2792 762
2791 761
2791 760
2790 759
2790 758
2789 758
2788 757
2787 756
2786 756
2785 755
2784 754
2783 754
2782 753
2781 752
2780 752
2779 751
2778 750
2777 749
2776 748
2775 748
2774 747
2773 746
2772 745
2771 745
2770 745
2769 745
2768 744
2768 743
2767 743
2766 742
2765 742
2764 741
2763 740
2762 740
2761 739
2760 738
2759 737
2758 736
2757 736
2756 735
2755 734
2754 733
2753 733
2752 733
2751 732
2750 731
2749 730
2748 730
2747 729
2746 728
2745 728
2744 727
2743 726
2742 726
2741 725
2740 724
2739 724
2738 723
2737 723
2736 722
2736 721
2735 721
2734 720
2733 719
2732 718
2731 718
2730 717
2729 717
2728 716
2727 715
2726 715
2725 715
2724 714
2724 713
2723 713
2722 712
2721 712
2720 711
2719 710
2718 710
2717 709
2716 708
2715 708
2714 707
2713 707
2712 706
2711 706
2710 706
2709 706
2708 705
2707 705
2706 705
2705 705
2704 704
2704 703
2703 703
2702 703
2701 703
2700 702
2699 702
2698 701
2697 701
2696 701
2695 700
2694 700
2693 700
2692 700
2691 700
2690 700
2689 700
2688 700
2687 700
2686 700
2685 700
2684 699
2683 699
2682 699
2681 699
2680 698
2680 697
2679 697
2678 697
2677 697
2676 696
2675 696
2674 696
2673 696
2672 695
2671 695
2670 695
2669 695
2668 694
2667 694
2666 694
2665 694
2664 694
2663 694
2662 693
2661 693
2660 693
2659 693
2658 692
2657 692
2656 692
2655 692
2654 692
2653 692
2652 692
2651 692
2650 691
2649 691
2648 691
2647 691
2646 690
2645 690
2644 689
2643 689
2642 689
2641 689
2640 688
2639 688
2638 687
2637 687
2636 687
2635 687
2634 686
2633 686
2632 685
2631 685
2630 685
2629 685
2628 684
2627 684
2626 683
2625 683
2624 683
2623 683
2622 682
2621 682
2620 682
2619 682
2618 681
2617 681
2616 680
2615 680
2614 679
2613 678
2612 678
2611 677
2610 677
2609 677
2608 676
2607 676
2606 675
2605 675
2604 675
2603 675
2602 674
2601 673
2600 673
2599 673
2598 672
2597 672
2596 672
2595 672
2594 671
2593 671
2592 671
2591 671
2590 670
2589 670
2588 669
2587 669
2586 669
2585 669
2584 668
2583 668
2582 668
2581 668
2580 667
2579 667
2578 667
2577 667
2576 666
2575 666
2574 666
2573 666
2572 665
2571 665
2570 665
2569 665
2568 664
2567 664
2566 664
2565 664
2564 664
2563 664
2562 664
2561 664
2560 664
2559 664
2558 663
2557 663
2556 663
2555 663
2554 662
2553 662
2552 662
2551 662
2550 662
2549 662
2548 662
2547 662
2546 662
2545 662
2544 662
2543 662
2542 661
2541 661
2540 661
2539 661
2538 660
2537 660
2536 660
2535 660
2534 660
2533 660
2532 659
2531 659
2530 659
2529 659
2528 658
2527 658
2526 657
2525 657
2524 657
2523 656
2522 656
2521 655
2520 654
2519 653
2518 653
2517 652
2516 652
2515 651
2514 650
2513 649
2512 649
2511 648
2510 647
2510 646
2509 645
2508 644
2508 643
2507 642
2507 641
2506 640
2506 639
2505 638
2505 637
2505 636
2504 635
2504 634
2504 633
2503 632
2502 631
2502 630
2501 629
2501 628
2500 628
2499 627
2498 626
2498 625
2497 624
2496 623
2495 622
2495 621
2495 620
2494 619
2493 618
2492 617
2491 617
2490 616
2489 616
2488 616
2487 616
2486 615
2485 615
2484 615
2483 614
2482 613
2481 613
2480 613
2479 613
2478 612
2477 612
2476 611
2475 611
2474 611
2473 611
2472 610
2472 609
2471 609
2470 609
2469 609
2468 608
2467 608
2466 607
2465 607
2464 607
2463 606
2462 605
2461 605
2460 605
2459 605
2458 604
2457 603
2456 603
2455 602
2454 602
2453 601
2452 601
2451 601
2450 600
2449 600
2448 600
2447 600
2446 599
2445 599
2444 599
2443 599
2442 598
2441 598
2440 598
2439 598
2438 597
2437 597
2436 597
2435 596
2434 595
2433 595
2432 594
2431 594
2430 593
2429 593
2428 593
2427 593
2426 592
2425 592
2424 592
2423 592
2422 592
2421 592
2420 592
2419 592
2418 592
2417 592
2416 592
2415 592
2414 592
2413 592
2412 591
2411 591
2410 591
2409 591
2408 590
2407 590
2406 590
2405 590
2404 591
2403 591
2402 590
2401 590
2400 591
2399 590
2398 590
2397 590
2396 590
2395 590
2394 590
2393 590
2392 590
2391 590
2390 590
2389 590
2388 590
2387 590
2386 591
2385 591
2384 591
2383 591
2382 592
2381 592
2380 591
2379 591
2378 591
2377 591
2376 590
2375 590
2374 590
2373 590
2372 590
2371 590
