265 975
264 976
263 976
262 976
261 977
260 977
259 977
258 977
257 977
256 977
255 977
254 977
253 977
252 977
251 977
250 977
249 978
248 978
247 978
246 978
245 979
244 979
243 980
242 980
241 980
240 980
240 981
239 982
238 982
237 982
236 982
235 983
234 983
233 984
232 984
231 985
230 986
229 987
228 987
228 988
227 989
226 990
225 990
224 991
223 991
222 992
221 992
220 992
219 993
218 994
217 995
216 995
215 996
214 997
214 998
213 999
212 999
212 1000
211 1001
210 1002
210 1003
209 1004
208 1005
207 1006
206 1007
206 1008
205 1009
204 1009
204 1010
203 1011
202 1011
202 1012
201 1013
200 1013
199 1014
198 1015
197 1016
196 1017
195 1017
195 1018
195 1019
195 1020
194 1021
193 1021
193 1022
193 1023
193 1024
192 1025
191 1025
191 1026
191 1027
191 1028
190 1029
189 1029
189 1030
188 1031
188 1032
187 1033
186 1034
186 1035
185 1036
185 1037
184 1038
184 1039
183 1040
182 1041
182 1042
181 1043
180 1044
180 1045
179 1046
178 1047
178 1048
177 1049
176 1050
175 1051
175 1052
174 1053
173 1054
172 1054
171 1055
170 1056
169 1057
168 1058
167 1059
166 1060
165 1061
164 1062
163 1063
163 1064
162 1065
161 1065
161 1066
161 1067
161 1068
160 1069
159 1069
159 1070
159 1071
159 1072
158 1073
157 1073
157 1074
157 1075
157 1076
156 1077
156 1078
156 1079
156 1080
156 1081
156 1082
156 1083
156 1084
157 1085
157 1086
157 1087
157 1088
158 1089
158 1090
159 1091
159 1092
159 1093
159 1094
160 1095
160 1096
161 1097
161 1098
161 1099
161 1100
162 1101
162 1102
163 1103
163 1104
163 1105
163 1106
164 1107
164 1108
164 1109
164 1110
164 1111
164 1112
164 1113
164 1114
164 1115
164 1116
164 1117
164 1118
164 1119
164 1120
164 1121
164 1122
164 1123
164 1124
164 1125
164 1126
164 1127
164 1128
164 1129
164 1130
164 1131
164 1132
165 1133
165 1134
165 1135
165 1136
166 1137
166 1138
167 1139
167 1140
167 1141
167 1142
168 1143
168 1144
169 1145
169 1146
170 1147
170 1148
171 1149
172 1150
172 1151
173 1152
173 1153
174 1154
175 1155
176 1156
176 1157
177 1158
177 1159
177 1160
178 1160
179 1161
179 1162
179 1163
179 1164
180 1165
180 1166
181 1167
181 1168
181 1169
181 1170
182 1171
183 1172
183 1173
183 1174
184 1175
185 1176
185 1177
185 1178
186 1179
186 1180
187 1181
187 1182
188 1183
188 1184
189 1184
190 1185
190 1186
191 1186
192 1187
193 1187
194 1188
194 1189
195 1189
196 1190
197 1190
198 1191
199 1192
200 1192
201 1193
202 1194
203 1195
204 1196
205 1196
206 1197
207 1198
208 1199
209 1199
210 1199
211 1200
212 1200
213 1201
214 1201
215 1202
216 1203
217 1203
218 1203
219 1204
220 1204
221 1205
222 1206
223 1206
224 1207
225 1208
225 1209
226 1209
227 1210
227 1211
228 1211
229 1212
229 1213
230 1213
231 1214
231 1215
232 1215
233 1216
234 1217
235 1218
236 1219
237 1219
238 1219
239 1219
240 1220
241 1220
242 1221
243 1221
244 1221
245 1222
246 1222
247 1223
248 1223
249 1224
250 1224
251 1224
252 1225
253 1225
254 1225
255 1225
256 1226
257 1226
258 1227
259 1227
260 1227
261 1227
262 1228
262 1229
263 1229
264 1229
265 1230
266 1230
267 1230
268 1231
269 1231
270 1231
271 1231
272 1232
273 1232
274 1233
275 1233
276 1233
277 1233
278 1234
279 1234
280 1234
281 1235
282 1235
283 1235
284 1236
285 1236
286 1236
287 1236
288 1236
289 1236
290 1236
291 1236
292 1236
293 1236
294 1236
295 1236
296 1236
297 1236
298 1235
299 1235
300 1235
301 1235
302 1234
303 1234
304 1234
305 1234
306 1234
307 1234
308 1233
309 1233
310 1233
311 1233
312 1232
313 1232
314 1232
315 1232
316 1232
317 1232
318 1232
319 1232
320 1232
321 1232
322 1231
323 1231
324 1231
325 1231
326 1230
327 1230
328 1230
329 1230
330 1229
331 1229
332 1229
333 1229
334 1228
335 1228
336 1228
337 1228
338 1228
339 1228
340 1228
341 1228
342 1227
343 1227
344 1227
345 1227
346 1226
347 1226
348 1226
349 1226
350 1226
351 1226
352 1226
353 1226
354 1225
355 1225
356 1225
357 1224
358 1223
359 1222
360 1222
361 1221
362 1220
362 1219
363 1218
364 1217
364 1216
365 1215
366 1214
366 1213
367 1212
368 1211
369 1210
370 1209
370 1208
371 1207
372 1206
373 1206
374 1205
374 1204
375 1203
376 1203
377 1202
378 1201
378 1200
379 1199
380 1198
380 1197
381 1196
381 1195
382 1194
382 1193
382 1192
383 1191
383 1190
383 1189
383 1188
383 1187
383 1186
383 1185
383 1184
383 1183
383 1182
383 1181
383 1180
383 1179
384 1178
384 1177
384 1176
384 1175
385 1174
385 1173
385 1172
385 1171
385 1170
385 1169
385 1168
385 1167
385 1166
385 1165
385 1164
385 1163
385 1162
385 1161
385 1160
385 1159
385 1158
385 1157
385 1156
385 1155
385 1154
385 1153
385 1152
385 1151
385 1150
385 1149
384 1148
384 1147
384 1146
384 1145
383 1144
383 1143
383 1142
383 1141
383 1140
383 1139
383 1138
383 1137
383 1136
383 1135
383 1134
383 1133
383 1132
383 1131
383 1130
382 1129
382 1128
382 1127
381 1126
381 1125
381 1124
381 1123
381 1122
381 1121
381 1120
381 1119
381 1118
381 1117
381 1116
381 1115
381 1114
380 1113
380 1112
380 1111
379 1110
379 1109
379 1108
379 1107
379 1106
379 1105
379 1104
379 1103
379 1102
379 1101
379 1100
379 1099
379 1098
379 1097
378 1096
378 1095
378 1094
378 1093
377 1092
377 1091
377 1090
377 1089
377 1088
377 1087
377 1086
377 1085
377 1084
377 1083
377 1082
377 1081
377 1080
377 1079
377 1078
377 1077
377 1076
377 1075
377 1074
377 1073
377 1072
377 1071
377 1070
377 1069
377 1068
377 1067
377 1066
377 1065
377 1064
377 1063
377 1062
377 1061
377 1060
377 1059
377 1058
377 1057
377 1056
377 1055
377 1054
377 1053
377 1052
377 1051
377 1050
377 1049
377 1048
377 1047
377 1046
377 1045
377 1044
377 1043
377 1042
377 1041
377 1040
377 1039
377 1038
377 1037
376 1036
376 1035
376 1034
376 1033
375 1033
374 1032
374 1031
373 1030
372 1029
371 1029
370 1028
369 1027
368 1026
367 1026
366 1025
366 1024
365 1023
364 1023
363 1022
362 1021
362 1020
361 1019
360 1018
359 1018
358 1017
357 1016
357 1015
356 1015
355 1014
354 1013
353 1013
352 1012
351 1011
350 1011
349 1010
348 1009
347 1009
346 1008
345 1007
344 1006
343 1006
342 1005
342 1004
341 1003
340 1003
339 1002
338 1001
337 1001
336 1000
335 1000
334 999
333 998
332 998
331 997
330 997
329 996
329 995
328 994
328 993
327 993
326 992
325 991
324 990
323 990
322 989
322 988
321 988
320 987
320 986
319 986
318 985
318 984
317 984
316 983
315 983
314 982
313 981
312 980
311 980
310 980
309 979
308 979
307 979
306 979
305 978
304 978
303 978
302 978
301 977
300 977
299 976
298 976
297 976
296 975
295 975
294 975
293 975
292 975
291 975
290 975
289 975
288 975
287 975
286 975
285 975
284 975
283 975
282 975
281 975
280 975
279 975
278 975
277 975
276 975
275 975
274 975
273 975
272 975
271 975
270 975
269 975
268 975
267 975
266 975
265 975
