695 141
694 142
693 142
692 142
691 142
690 143
689 143
688 143
687 143
686 143
685 143
684 143
683 143
682 143
681 143
680 143
679 143
678 144
677 144
676 144
675 145
674 145
673 146
672 146
671 147
670 147
669 147
668 147
667 147
666 147
665 147
664 147
663 147
662 147
661 147
660 147
659 147
658 147
657 148
656 148
655 148
654 149
653 149
652 149
651 150
650 150
649 150
648 151
647 151
646 151
645 151
644 151
643 151
642 151
641 151
640 151
639 151
638 151
637 151
636 151
635 151
634 151
633 151
632 151
631 151
630 151
629 151
628 151
627 151
626 151
625 151
624 151
623 151
622 151
621 151
620 151
619 151
618 151
617 151
616 152
615 152
614 152
613 152
612 153
611 153
610 153
609 153
608 153
607 153
606 153
605 153
604 153
603 153
602 154
601 154
600 154
599 155
598 155
597 155
596 155
595 155
594 155
593 155
592 156
591 156
590 157
589 158
588 158
587 159
587 160
586 161
585 161
584 162
583 163
583 164
582 165
581 166
580 167
579 167
578 168
577 169
577 170
576 171
575 171
574 172
573 172
572 173
571 174
570 174
569 174
569 175
568 176
567 176
566 177
565 178
564 179
563 180
562 181
562 182
561 183
561 184
560 185
559 185
559 186
558 187
557 187
556 188
555 189
555 190
554 191
553 191
552 192
551 193
550 193
549 194
548 195
547 195
546 196
545 196
545 197
544 198
543 198
542 198
541 198
540 199
539 200
538 201
537 201
536 202
535 203
534 204
533 204
532 205
531 205
530 206
529 206
529 207
528 208
527 208
526 209
525 209
524 210
523 211
522 211
521 212
520 212
519 212
518 213
517 214
516 214
515 214
514 215
513 216
512 216
511 217
510 217
509 218
508 218
507 218
506 219
505 220
504 220
503 220
502 221
501 221
500 221
499 221
498 221
497 221
496 222
495 222
494 223
493 223
493 224
492 225
491 226
490 227
490 228
489 229
489 230
488 231
488 232
487 233
486 233
486 234
485 235
485 236
484 237
483 237
483 238
482 239
481 240
480 241
479 241
479 242
478 243
477 243
476 244
475 245
475 246
474 247
473 247
473 248
472 249
471 250
470 251
469 252
469 253
468 254
467 255
466 256
465 257
465 258
464 259
463 259
463 260
462 261
461 262
461 263
460 264
460 265
459 266
458 267
458 268
458 269
457 270
457 271
456 272
455 273
455 274
454 275
453 276
453 277
452 278
452 279
452 280
451 281
451 282
450 283
450 284
450 285
449 286
449 287
448 288
448 289
447 290
446 291
446 292
446 293
446 294
445 295
445 296
445 297
445 298
444 299
444 300
444 301
444 302
443 303
443 304
443 305
443 306
442 307
442 308
442 309
442 310
441 311
441 312
441 313
441 314
441 315
441 316
440 317
440 318
440 319
440 320
439 321
439 322
439 323
439 324
439 325
439 326
439 327
439 328
439 329
439 330
439 331
439 332
438 333
438 334
438 335
438 336
437 337
437 338
437 339
437 340
437 341
437 342
437 343
437 344
437 345
437 346
436 347
436 348
436 349
436 350
435 351
435 352
435 353
435 354
435 355
435 356
435 357
435 358
435 359
434 360
435 361
435 362
434 363
434 364
435 365
435 366
435 367
435 368
435 369
435 370
435 371
435 372
435 373
435 374
435 375
435 376
434 377
434 378
434 379
434 380
433 381
433 382
432 383
432 384
432 385
431 386
431 387
431 388
431 389
431 390
431 391
431 392
430 393
430 394
430 395
430 396
429 397
429 398
429 399
429 400
429 401
429 402
429 403
429 404
429 405
429 406
429 407
429 408
429 409
429 410
429 411
429 412
429 413
429 414
429 415
429 416
429 417
429 418
429 419
429 420
429 421
429 422
429 423
429 424
429 425
429 426
428 427
428 428
428 429
428 430
427 431
426 432
426 433
426 434
425 435
425 436
424 437
424 438
424 439
424 440
423 441
423 442
423 443
423 444
423 445
423 446
422 447
422 448
422 449
421 450
421 451
421 452
421 453
421 454
421 455
421 456
421 457
421 458
421 459
421 460
421 461
421 462
421 463
421 464
420 465
420 466
420 467
420 468
419 469
419 470
419 471
419 472
419 473
419 474
419 475
419 476
419 477
419 478
419 479
419 480
419 481
419 482
419 483
419 484
419 485
419 486
419 487
420 488
420 489
420 490
421 491
421 492
421 493
421 494
421 495
421 496
422 497
422 498
422 499
422 500
423 501
423 502
424 503
424 504
424 505
425 506
425 507
426 508
426 509
426 510
427 511
427 512
428 513
428 514
428 515
428 516
429 517
429 518
429 519
429 520
429 521
429 522
429 523
429 524
429 525
429 526
429 527
429 528
430 529
430 530
431 531
431 532
432 533
433 534
433 535
434 536
435 537
435 538
436 538
437 539
437 540
438 541
438 542
439 543
440 544
440 545
441 546
441 547
442 548
442 549
442 550
443 551
443 552
444 553
444 554
444 555
445 556
445 557
446 558
446 559
446 560
447 560
448 561
448 562
449 563
449 564
450 565
451 566
451 567
452 568
452 569
452 570
453 571
453 572
453 573
454 574
454 575
454 576
455 577
455 578
455 579
455 580
455 581
455 582
455 583
455 584
456 585
456 586
456 587
456 588
457 589
457 590
457 591
457 592
458 593
458 594
458 595
458 596
459 597
459 598
460 599
460 600
460 601
460 602
461 603
461 604
461 605
462 606
463 607
463 608
464 608
465 609
466 610
467 610
468 611
469 612
470 613
471 614
472 615
472 616
473 617
474 618
475 619
476 620
477 621
478 622
479 623
480 623
481 623
482 624
483 624
484 625
485 626
486 627
487 628
488 628
489 629
490 629
491 630
492 630
493 630
494 630
495 630
496 631
497 631
498 632
499 632
500 633
501 634
502 635
503 636
504 637
505 638
506 638
507 639
508 640
509 640
510 641
511 641
512 642
513 643
514 643
515 643
516 644
517 645
518 645
519 646
520 647
521 648
522 649
523 650
524 651
525 652
525 653
526 653
527 653
528 653
529 654
530 654
531 654
532 654
533 654
534 654
535 654
536 654
537 655
538 655
539 655
540 655
541 656
542 656
543 657
544 657
545 657
546 657
547 658
548 658
549 659
550 659
551 660
552 660
553 661
554 662
555 662
556 663
557 663
558 664
559 664
560 665
561 666
562 666
563 667
564 667
565 668
566 669
567 669
568 669
569 670
569 671
570 671
571 672
572 672
573 673
574 674
575 674
576 675
577 676
578 676
579 677
580 678
581 679
582 679
583 680
584 680
585 681
586 681
587 682
588 682
589 683
590 683
591 684
592 684
593 685
594 685
595 686
596 686
597 686
598 686
599 685
600 685
601 685
602 685
603 684
604 684
605 683
606 682
607 681
608 680
608 679
609 678
610 678
611 677
612 676
613 675
614 675
615 674
616 673
617 673
618 673
619 672
620 672
621 672
622 672
623 671
624 671
625 671
626 670
627 670
628 670
629 670
630 670
631 670
632 670
633 670
634 670
635 670
636 670
637 670
638 670
639 670
640 670
641 670
642 670
643 670
644 670
645 670
646 670
647 670
648 670
649 670
650 670
651 670
652 670
653 670
654 670
655 670
656 670
657 670
658 670
659 670
660 670
661 670
662 670
663 670
664 670
665 670
666 670
667 671
668 671
669 671
670 671
671 672
672 672
673 672
674 672
675 672
676 672
677 672
678 671
679 671
680 671
681 670
682 670
683 670
684 670
685 670
686 670
687 670
688 670
689 670
690 670
691 669
692 669
693 669
694 669
695 668
696 668
697 668
698 668
699 668
700 668
701 668
702 668
703 668
704 668
705 668
706 668
707 668
708 668
709 667
710 667
711 667
712 667
713 666
714 666
715 665
716 665
717 665
718 664
719 664
720 663
721 663
722 662
723 662
724 662
725 662
726 662
727 662
728 662
729 662
730 662
731 663
732 663
733 663
734 663
735 664
736 664
737 664
738 664
739 664
740 664
741 664
742 663
743 663
744 663
745 662
746 662
747 661
748 661
749 660
750 660
751 659
752 659
753 658
754 657
755 657
756 656
757 656
758 655
759 655
760 655
760 654
761 653
762 653
763 652
764 652
765 651
766 650
767 650
768 649
769 649
770 649
771 648
772 648
773 648
774 647
775 646
776 646
777 645
778 644
778 643
779 642
780 642
781 641
782 640
783 640
784 640
785 639
786 639
787 639
788 639
789 639
790 638
791 638
792 637
793 636
794 635
794 634
795 633
795 632
795 631
796 630
796 629
796 628
796 627
797 626
797 625
797 624
798 623
798 622
798 621
798 620
798 619
798 618
798 617
798 616
798 615
798 614
798 613
798 612
798 611
798 610
798 609
799 608
799 607
799 606
800 605
800 604
800 603
800 602
800 601
800 600
800 599
800 598
800 597
800 596
800 595
800 594
800 593
800 592
800 591
801 590
801 589
801 588
801 587
802 586
802 585
802 584
802 583
802 582
802 581
802 580
802 579
802 578
802 577
802 576
802 575
802 574
802 573
803 572
803 571
803 570
803 569
804 568
804 567
804 566
804 565
804 564
804 563
804 562
804 561
804 560
804 559
804 558
804 557
804 556
804 555
805 554
805 553
805 552
806 551
806 550
806 549
806 548
806 547
806 546
806 545
806 544
806 543
806 542
806 541
806 540
806 539
806 538
806 537
806 536
806 535
807 534
807 533
807 532
807 531
808 530
808 529
808 528
808 527
808 526
808 525
808 524
808 523
808 522
808 521
808 520
808 519
808 518
808 517
808 516
808 515
808 514
808 513
808 512
808 511
808 510
808 509
808 508
808 507
808 506
808 505
808 504
808 503
807 502
807 501
808 500
808 499
807 498
807 497
808 496
808 495
807 494
807 493
807 492
807 491
806 490
806 489
806 488
806 487
807 486
807 485
807 484
807 483
807 482
807 481
807 480
807 479
807 478
807 477
807 476
808 475
808 474
808 473
808 472
808 471
808 470
808 469
808 468
808 467
808 466
808 465
808 464
808 463
808 462
808 461
808 460
808 459
808 458
808 457
808 456
808 455
808 454
808 453
808 452
808 451
808 450
808 449
808 448
808 447
808 446
808 445
808 444
808 443
808 442
808 441
808 440
808 439
808 438
808 437
808 436
808 435
809 434
809 433
809 432
810 431
810 430
810 429
810 428
810 427
810 426
810 425
810 424
810 423
810 422
810 421
810 420
810 419
810 418
810 417
810 416
810 415
811 414
811 413
811 412
811 411
812 410
812 409
812 408
812 407
812 406
812 405
812 404
812 403
812 402
812 401
812 400
812 399
812 398
812 397
812 396
812 395
812 394
812 393
812 392
812 391
812 390
812 389
812 388
812 387
812 386
812 385
812 384
812 383
812 382
812 381
812 380
812 379
812 378
811 377
811 376
811 375
810 374
810 373
810 372
810 371
810 370
810 369
810 368
810 367
809 366
809 365
809 364
809 363
808 362
808 361
808 360
808 359
808 358
808 357
808 356
808 355
808 354
808 353
808 352
808 351
808 350
808 349
808 348
807 347
807 346
807 345
806 344
806 343
806 342
806 341
806 340
806 339
806 338
806 337
806 336
806 335
806 334
806 333
806 332
806 331
806 330
806 329
806 328
806 327
806 326
806 325
806 324
806 323
806 322
806 321
806 320
806 319
806 318
806 317
806 316
806 315
806 314
806 313
806 312
806 311
806 310
806 309
806 308
806 307
806 306
806 305
805 304
805 303
805 302
805 301
804 300
804 299
804 298
804 297
804 296
804 295
804 294
804 293
804 292
804 291
804 290
803 289
803 288
803 287
802 286
802 285
802 284
802 283
802 282
802 281
802 280
802 279
802 278
802 277
802 276
801 275
801 274
801 273
800 272
800 271
800 270
800 269
800 268
800 267
800 266
800 265
800 264
800 263
800 262
800 261
800 260
799 259
799 258
799 257
798 256
798 255
798 254
798 253
798 252
798 251
798 250
798 249
797 248
797 247
796 246
796 245
795 244
795 243
794 242
794 241
794 240
794 239
794 238
794 237
794 236
793 235
793 234
793 233
792 232
792 231
791 230
791 229
791 228
790 227
790 226
789 225
789 224
789 223
788 222
788 221
787 220
787 219
787 218
787 217
786 217
785 216
785 215
784 214
784 213
783 212
782 211
782 210
781 209
781 208
780 207
780 206
779 205
779 204
779 203
778 202
778 201
777 200
777 199
777 198
776 197
776 196
775 195
774 194
774 193
773 192
772 191
772 190
771 189
770 188
770 187
769 186
769 185
768 185
767 184
767 183
766 182
766 181
765 180
764 179
763 179
762 178
761 178
760 177
760 176
759 175
758 174
757 173
756 172
756 171
755 170
755 169
754 168
754 167
753 166
753 165
753 164
753 163
752 162
752 161
752 160
752 159
752 158
752 157
751 156
751 155
751 154
751 153
750 153
749 152
749 151
748 150
747 149
746 149
745 148
744 148
743 148
742 147
741 147
740 146
739 146
738 146
737 146
736 145
736 144
735 144
734 144
733 144
732 143
731 143
730 142
729 142
728 142
727 142
726 141
725 141
724 141
723 142
722 142
721 142
720 143
719 143
718 143
717 143
716 143
715 143
714 143
713 143
712 143
711 143
710 143
709 143
708 142
707 142
706 142
705 142
704 141
703 141
702 141
701 141
700 141
699 141
698 141
697 141
696 141
695 141
