252 315
251 316
250 316
249 316
248 316
247 317
246 317
245 317
244 317
243 317
242 317
241 317
240 317
239 317
238 317
237 317
236 317
235 317
234 317
233 317
232 317
231 317
230 317
229 317
228 317
227 317
226 317
225 317
224 317
223 317
222 317
221 317
220 317
219 317
218 317
217 317
216 317
215 318
214 318
213 318
212 318
211 319
210 319
209 319
208 320
207 320
206 320
205 321
204 321
203 321
202 321
201 322
200 322
199 322
198 322
197 323
196 323
195 323
194 323
193 324
192 324
191 324
190 324
189 325
188 325
187 326
186 326
185 326
184 327
183 327
182 327
181 328
180 328
179 328
178 328
177 329
176 329
175 329
174 329
173 330
172 330
171 331
170 332
169 332
168 332
167 333
166 333
165 333
164 333
163 334
162 334
161 334
160 335
159 335
158 336
157 336
156 336
155 337
154 338
153 339
152 340
151 340
150 340
149 341
148 341
147 341
146 341
145 342
144 342
143 343
142 343
141 344
140 345
139 345
138 346
137 347
136 348
135 348
134 348
133 349
132 350
131 350
130 351
129 351
128 352
127 352
126 352
125 353
124 353
123 354
122 354
121 355
120 355
119 356
118 357
117 357
116 358
115 359
114 359
113 360
112 361
111 361
110 362
109 363
108 363
107 364
107 365
106 366
105 366
104 367
103 368
103 369
102 370
101 371
100 371
100 372
99 373
98 374
97 375
97 376
97 377
96 378
96 379
95 380
95 381
95 382
94 383
93 383
93 384
92 385
91 386
90 387
90 388
89 389
88 390
87 391
87 392
86 393
86 394
85 395
84 396
84 397
83 398
82 399
82 400
81 401
81 402
80 403
79 403
79 404
78 405
77 406
76 407
76 408
75 409
74 410
73 411
72 412
71 413
71 414
71 415
71 416
70 417
70 418
69 419
69 420
68 421
68 422
67 423
67 424
66 425
66 426
65 427
65 428
65 429
65 430
64 431
64 432
63 433
63 434
63 435
63 436
62 437
61 438
61 439
61 440
60 441
59 442
59 443
59 444
58 445
57 445
57 446
56 447
56 448
55 449
55 450
54 451
54 452
53 453
53 454
52 455
51 456
51 457
50 458
50 459
49 460
49 461
48 462
48 463
47 464
46 465
45 466
45 467
44 468
44 469
43 470
42 471
41 472
41 473
40 474
39 474
39 475
38 476
38 477
38 478
37 479
37 480
38 481
38 482
38 483
38 484
38 485
38 486
38 487
38 488
38 489
38 490
38 491
38 492
38 493
38 494
38 495
38 496
38 497
38 498
38 499
38 500
38 501
38 502
38 503
38 504
38 505
38 506
38 507
38 508
38 509
38 510
38 511
38 512
38 513
38 514
38 515
38 516
38 517
38 518
38 519
38 520
38 521
38 522
38 523
38 524
38 525
38 526
38 527
38 528
38 529
38 530
38 531
38 532
38 533
38 534
38 535
38 536
38 537
38 538
38 539
38 540
38 541
38 542
38 543
38 544
38 545
38 546
38 547
38 548
39 549
39 550
39 551
39 552
40 553
40 554
40 555
40 556
40 557
40 558
40 559
40 560
40 561
40 562
40 563
40 564
40 565
40 566
40 567
40 568
40 569
40 570
41 571
41 572
41 573
41 574
42 575
42 576
42 577
42 578
42 579
42 580
42 581
42 582
42 583
43 584
43 585
43 586
44 587
44 588
44 589
44 590
44 591
44 592
44 593
44 594
44 595
44 596
45 597
45 598
45 599
45 600
46 601
46 602
46 603
46 604
46 605
46 606
47 607
47 608
47 609
47 610
48 611
48 612
48 613
48 614
48 615
48 616
49 617
49 618
49 619
49 620
50 621
50 622
51 623
51 624
51 625
51 626
52 627
52 628
52 629
52 630
52 631
52 632
53 633
53 634
53 635
54 636
54 637
55 638
55 639
55 640
56 641
56 642
56 643
56 644
56 645
56 646
57 647
57 648
57 649
58 649
59 650
59 651
59 652
60 653
61 654
61 655
61 656
62 656
63 657
63 658
64 659
64 660
65 661
66 662
66 663
67 664
67 665
68 666
69 667
70 668
70 669
71 670
72 671
72 672
73 673
73 674
74 675
75 676
75 677
76 678
76 679
77 680
77 681
78 682
78 683
79 684
80 685
81 686
81 687
82 687
83 688
83 689
84 690
85 691
85 692
86 693
86 694
87 695
87 696
88 697
88 698
89 698
90 699
91 700
91 701
92 702
93 703
94 704
95 705
96 706
96 707
97 708
97 709
98 710
98 711
99 712
100 713
100 714
101 714
102 715
102 716
103 717
104 718
105 719
105 720
106 720
107 721
107 722
108 723
108 724
109 725
110 726
110 727
111 728
112 729
112 730
113 731
113 732
114 732
115 733
115 734
115 735
116 736
117 737
117 738
118 739
118 740
119 741
119 742
120 743
121 744
122 745
123 746
123 747
123 748
124 749
125 750
126 751
127 752
128 752
129 753
130 754
131 755
131 756
132 757
132 758
132 759
132 760
133 761
133 762
133 763
134 764
134 765
135 766
135 767
135 768
136 768
137 769
137 770
137 771
137 772
138 773
138 774
139 775
139 776
139 777
140 778
141 779
141 780
142 781
142 782
143 783
143 784
143 785
144 786
144 787
145 788
145 789
146 790
146 791
147 792
148 793
148 794
149 795
149 796
150 796
151 797
151 798
151 799
151 800
152 800
153 801
153 802
154 803
154 804
155 805
156 806
156 807
157 808
157 809
158 810
159 811
160 812
160 813
161 814
162 815
163 816
163 817
164 818
165 819
165 820
166 821
166 822
167 823
167 824
168 825
168 826
169 827
170 827
171 828
172 829
172 830
173 831
173 832
174 833
175 834
176 835
176 836
177 836
178 837
178 838
179 838
180 839
180 840
181 841
182 842
183 843
184 844
185 844
186 845
187 846
188 847
189 848
190 848
191 849
192 850
193 851
194 851
195 851
196 852
197 852
198 853
199 853
200 853
201 854
202 854
203 854
204 855
205 855
206 855
207 855
208 856
209 856
210 857
211 857
212 857
213 857
214 858
215 858
216 858
217 859
218 859
219 859
220 860
221 860
222 860
223 860
224 860
225 860
226 860
227 860
228 861
229 861
230 861
231 861
232 862
233 862
234 862
235 862
236 862
237 862
238 862
239 862
240 862
241 862
242 862
243 862
244 862
245 862
246 862
247 862
248 862
249 862
250 862
251 862
252 862
253 862
254 862
255 862
256 862
257 862
258 862
259 862
260 862
261 862
262 862
263 862
264 862
265 862
266 862
267 862
268 862
269 862
270 862
271 862
272 862
273 862
274 862
275 862
276 861
277 861
278 861
279 861
280 860
281 860
282 860
283 860
284 859
285 859
286 859
287 858
288 858
289 857
290 857
291 857
292 856
293 856
294 856
295 856
296 855
297 855
298 854
299 854
300 853
301 853
302 852
303 852
304 851
305 851
306 851
307 850
308 850
309 849
310 848
311 848
312 847
313 846
314 846
315 845
316 844
317 843
318 843
319 842
320 841
320 840
321 839
322 838
322 837
323 836
323 835
324 834
324 833
325 832
326 832
326 831
326 830
327 829
328 828
328 827
328 826
328 825
329 824
330 824
330 823
330 822
330 821
331 820
331 819
332 818
332 817
332 816
332 815
333 814
333 813
334 812
334 811
334 810
334 809
335 808
335 807
336 806
336 805
336 804
336 803
337 802
337 801
337 800
337 799
337 798
337 797
338 796
338 795
338 794
338 793
339 792
339 791
339 790
339 789
340 788
340 787
340 786
340 785
341 784
342 784
342 783
342 782
342 781
343 780
343 779
344 778
344 777
344 776
344 775
345 774
345 773
345 772
345 771
345 770
345 769
346 768
346 767
346 766
346 765
347 764
347 763
347 762
347 761
348 760
348 759
348 758
348 757
349 756
349 755
349 754
349 753
349 752
349 751
350 750
350 749
350 748
350 747
351 746
351 745
352 744
352 743
352 742
352 741
353 740
353 739
353 738
353 737
353 736
353 735
354 734
354 733
354 732
354 731
355 730
355 729
355 728
355 727
355 726
355 725
355 724
355 723
356 722
356 721
356 720
356 719
357 718
357 717
358 716
358 715
358 714
358 713
359 712
359 711
359 710
359 709
360 708
360 707
360 706
360 705
361 704
361 703
362 702
362 701
362 700
362 699
363 698
363 697
364 696
364 695
364 694
364 693
365 692
365 691
365 690
365 689
365 688
365 687
366 686
366 685
366 684
366 683
367 682
367 681
368 680
368 679
368 678
368 677
369 676
369 675
370 674
370 673
370 672
370 671
371 670
371 669
372 668
372 667
372 666
372 665
373 664
374 664
374 663
374 662
374 661
375 660
375 659
376 658
376 657
376 656
376 655
377 654
377 653
378 652
378 651
378 650
378 649
379 648
380 648
380 647
380 646
381 645
382 644
382 643
382 642
382 641
383 640
383 639
383 638
383 637
383 636
383 635
384 634
384 633
384 632
384 631
385 630
385 629
385 628
385 627
385 626
385 625
386 624
386 623
386 622
386 621
387 620
387 619
387 618
387 617
387 616
387 615
387 614
387 613
387 612
387 611
387 610
387 609
387 608
387 607
387 606
387 605
388 604
388 603
388 602
388 601
389 600
389 599
389 598
389 597
389 596
389 595
389 594
389 593
389 592
389 591
389 590
389 589
389 588
389 587
389 586
389 585
389 584
389 583
388 582
388 581
388 580
388 579
387 578
387 577
387 576
387 575
387 574
387 573
387 572
387 571
387 570
387 569
387 568
387 567
387 566
387 565
387 564
387 563
387 562
387 561
386 560
386 559
386 558
386 557
385 556
385 555
385 554
385 553
385 552
385 551
385 550
385 549
385 548
385 547
385 546
385 545
385 544
385 543
385 542
385 541
385 540
385 539
384 538
384 537
384 536
384 535
383 534
383 533
383 532
383 531
383 530
383 529
383 528
383 527
383 526
383 525
383 524
383 523
383 522
383 521
383 520
383 519
383 518
383 517
383 516
383 515
383 514
383 513
383 512
383 511
384 510
384 509
384 508
384 507
385 506
385 505
385 504
385 503
385 502
385 501
385 500
385 499
385 498
385 497
385 496
385 495
385 494
385 493
385 492
385 491
385 490
385 489
385 488
385 487
385 486
385 485
385 484
385 483
385 482
385 481
385 480
385 479
385 478
385 477
385 476
385 475
385 474
385 473
385 472
385 471
385 470
385 469
385 468
385 467
385 466
385 465
385 464
385 463
385 462
385 461
385 460
385 459
385 458
385 457
385 456
385 455
384 454
384 453
384 452
384 451
383 450
383 449
383 448
383 447
383 446
383 445
383 444
383 443
383 442
383 441
383 440
383 439
383 438
383 437
383 436
383 435
383 434
382 433
382 432
382 431
381 430
381 429
381 428
381 427
381 426
381 425
381 424
381 423
381 422
381 421
380 420
380 419
380 418
380 417
379 416
379 415
379 414
379 413
379 412
379 411
379 410
379 409
378 408
378 407
378 406
378 405
377 404
377 403
376 402
376 401
376 400
376 399
375 398
375 397
374 396
374 395
374 394
374 393
373 392
373 391
372 390
372 389
372 388
372 387
371 386
371 385
370 384
370 383
370 382
370 381
369 381
368 380
368 379
368 378
368 377
367 376
366 375
366 374
366 373
365 372
364 371
363 370
363 369
362 368
361 367
361 366
360 365
360 364
359 363
359 362
358 361
358 360
357 359
356 358
356 357
355 356
354 355
353 355
352 354
351 353
350 352
349 351
348 351
347 350
346 349
346 348
345 347
344 346
343 346
342 345
342 344
341 344
340 343
339 343
338 342
337 341
336 341
335 340
335 339
334 339
333 338
332 337
331 337
330 336
329 335
328 335
327 334
326 333
325 332
324 332
323 332
322 332
321 331
320 331
319 330
318 330
317 330
316 330
315 329
314 329
313 329
312 328
311 327
310 327
309 326
308 326
307 325
306 325
305 325
304 325
303 325
302 325
301 324
300 324
299 324
298 324
297 323
296 323
295 322
294 322
293 322
292 322
291 321
290 321
289 321
288 321
287 321
286 321
285 320
284 320
283 319
282 319
281 318
280 317
279 317
278 317
277 316
276 316
275 316
274 316
273 315
272 315
271 315
270 315
269 315
268 315
267 315
266 315
265 315
264 315
263 315
262 315
261 315
260 315
259 315
258 315
257 315
256 315
255 315
254 315
253 315
252 315
