1458 931
1457 932
1456 932
1455 933
1454 933
1454 934
1453 935
1453 936
1452 937
1452 938
1451 939
1451 940
1450 941
1449 942
1449 943
1449 944
1448 945
1447 945
1447 946
1446 947
1446 948
1445 949
1444 950
1444 951
1443 952
1442 953
1442 954
1441 955
1440 956
1439 957
1439 958
1438 959
1437 960
1436 961
1435 962
1434 963
1433 964
1432 965
1431 965
1431 966
1431 967
1431 968
1430 969
1430 970
1430 971
1430 972
1429 973
1429 974
1428 975
1427 976
1427 977
1426 978
1425 978
1424 979
1423 980
1422 981
1422 982
1421 983
1420 984
1419 985
1419 986
1419 987
1418 988
1417 989
1417 990
1417 991
1417 992
1416 993
1415 993
1415 994
1415 995
1415 996
1414 997
1413 998
1413 999
1413 1000
1412 1001
1411 1001
1411 1002
1411 1003
1411 1004
1410 1005
1410 1006
1409 1007
1409 1008
1409 1009
1409 1010
1408 1011
1408 1012
1408 1013
1408 1014
1408 1015
1408 1016
1408 1017
1408 1018
1408 1019
1408 1020
1408 1021
1408 1022
1408 1023
1408 1024
1408 1025
1408 1026
1407 1027
1407 1028
1407 1029
1407 1030
1406 1031
1406 1032
1405 1033
1405 1034
1405 1035
1404 1036
1403 1037
1403 1038
1403 1039
1403 1040
1402 1041
1401 1041
1401 1042
1400 1043
1399 1044
1398 1045
1398 1046
1397 1047
1396 1047
1396 1048
1395 1049
1394 1050
1394 1051
1393 1052
1392 1053
1392 1054
1391 1055
1391 1056
1390 1057
1389 1057
1389 1058
1388 1059
1387 1060
1387 1061
1386 1062
1386 1063
1386 1064
1386 1065
1386 1066
1386 1067
1386 1068
1387 1069
1387 1070
1387 1071
1387 1072
1388 1073
1388 1074
1389 1075
1389 1076
1389 1077
1389 1078
1390 1079
1390 1080
1390 1081
1390 1082
1390 1083
1390 1084
1390 1085
1390 1086
1390 1087
1390 1088
1391 1089
1391 1090
1391 1091
1391 1092
1392 1093
1392 1094
1392 1095
1392 1096
1392 1097
1392 1098
1392 1099
1392 1100
1391 1101
1391 1102
1392 1103
1392 1104
1391 1105
1392 1106
1392 1107
1393 1108
1394 1109
1394 1110
1395 1111
1396 1112
1397 1113
1397 1114
1398 1115
1399 1116
1399 1117
1399 1118
1400 1118
1401 1119
1401 1120
1402 1121
1402 1122
1403 1123
1404 1124
1404 1125
1405 1126
1406 1127
1406 1128
1407 1129
1407 1130
1407 1131
1407 1132
1408 1133
1408 1134
1408 1135
1408 1136
1409 1137
1410 1137
1411 1138
1412 1139
1413 1140
1414 1140
1415 1141
1416 1142
1417 1143
1417 1144
1418 1144
1419 1145
1419 1146
1420 1147
1420 1148
1421 1148
1422 1149
1422 1150
1423 1151
1423 1152
1424 1152
1425 1153
1425 1154
1426 1155
1427 1156
1428 1157
1429 1157
1430 1158
1431 1158
1432 1159
1433 1159
1434 1160
1435 1161
1436 1162
1437 1162
1438 1163
1438 1164
1439 1165
1440 1165
1441 1165
1442 1165
1443 1165
1444 1166
1445 1166
1446 1165
1447 1166
1448 1167
1449 1168
1450 1168
1451 1169
1452 1170
1453 1171
1454 1171
1455 1171
1456 1172
1457 1172
1458 1173
1459 1173
1460 1173
1461 1173
1462 1174
1463 1174
1464 1174
1465 1174
1466 1175
1467 1175
1468 1175
1469 1176
1470 1176
1471 1177
1472 1177
1473 1178
1474 1178
1475 1179
1476 1179
1477 1180
1478 1180
1479 1181
1480 1181
1481 1181
1482 1182
1483 1182
1484 1182
1485 1182
1486 1182
1487 1182
1488 1181
1489 1181
1490 1180
1490 1179
1491 1178
1491 1177
1491 1176
1491 1175
1491 1174
1491 1173
1492 1172
1492 1171
1492 1170
1492 1169
1493 1168
1493 1167
1493 1166
1493 1165
1492 1164
1492 1163
1492 1162
1492 1161
1492 1160
1492 1159
1492 1158
1492 1157
1493 1156
1493 1155
1493 1154
1493 1153
1494 1152
1494 1151
1494 1150
1495 1149
1496 1148
1496 1147
1496 1146
1496 1145
1497 1144
1498 1144
1498 1143
1498 1142
1498 1141
1499 1140
1499 1139
1499 1138
1499 1137
1499 1136
1499 1135
1499 1134
1499 1133
1499 1132
1499 1131
1499 1130
1499 1129
1498 1128
1498 1127
1498 1126
1498 1125
1497 1124
1497 1123
1497 1122
1497 1121
1497 1120
1497 1119
1497 1118
1497 1117
1497 1116
1497 1115
1497 1114
1497 1113
1498 1112
1498 1111
1499 1110
1499 1109
1500 1108
1500 1107
1501 1106
1501 1105
1501 1104
1501 1103
1501 1102
1501 1101
1501 1100
1501 1099
1500 1098
1499 1097
1499 1096
1498 1095
1497 1094
1497 1093
1497 1092
1497 1091
1497 1090
1497 1089
1497 1088
1497 1087
1497 1086
1497 1085
1497 1084
1497 1083
1497 1082
1497 1081
1497 1080
1497 1079
1497 1078
1497 1077
1497 1076
1497 1075
1496 1074
1496 1073
1496 1072
1496 1071
1495 1070
1495 1069
1495 1068
1495 1067
1495 1066
1495 1065
1495 1064
1495 1063
1495 1062
1495 1061
1495 1060
1495 1059
1495 1058
1495 1057
1495 1056
1495 1055
1495 1054
1495 1053
1495 1052
1495 1051
1495 1050
1495 1049
1495 1048
1495 1047
1495 1046
1495 1045
1495 1044
1495 1043
1495 1042
1495 1041
1495 1040
1495 1039
1495 1038
1495 1037
1495 1036
1495 1035
1495 1034
1495 1033
1495 1032
1495 1031
1495 1030
1495 1029
1495 1028
1495 1027
1495 1026
1495 1025
1495 1024
1495 1023
1495 1022
1495 1021
1495 1020
1495 1019
1495 1018
1495 1017
1495 1016
1495 1015
1495 1014
1495 1013
1495 1012
1495 1011
1495 1010
1495 1009
1495 1008
1495 1007
1495 1006
1495 1005
1495 1004
1495 1003
1495 1002
1495 1001
1495 1000
1495 999
1495 998
1495 997
1495 996
1495 995
1496 994
1496 993
1496 992
1496 991
1497 990
1497 989
1497 988
1497 987
1497 986
1497 985
1497 984
1497 983
1497 982
1497 981
1497 980
1497 979
1497 978
1497 977
1497 976
1497 975
1496 974
1496 973
1496 972
1496 971
1495 970
1495 969
1495 968
1495 967
1495 966
1495 965
1495 964
1495 963
1495 962
1495 961
1495 960
1495 959
1495 958
1495 957
1495 956
1495 955
1495 954
1495 953
1495 952
1495 951
1495 950
1495 949
1495 948
1495 947
1495 946
1494 945
1494 944
1493 943
1492 942
1492 941
1491 940
1490 939
1489 939
1488 938
1487 938
1486 938
1485 937
1484 937
1483 937
1482 937
1481 936
1480 936
1479 936
1478 935
1477 935
1476 934
1475 934
1474 934
1473 933
1472 933
1471 933
1470 933
1469 933
1468 933
1467 933
1466 933
1465 933
1464 933
1463 932
1462 932
1461 932
1460 932
1459 931
1458 931
