1217 23
1216 24
1215 24
1214 24
1213 25
1212 25
1211 25
1210 25
1209 25
1208 25
1207 25
1206 25
1205 26
1204 26
1203 26
1202 26
1201 27
1200 27
1199 27
1198 27
1197 27
1196 27
1195 28
1194 28
1193 28
1192 28
1191 29
1190 29
1189 29
1188 29
1187 29
1186 29
1185 29
1184 29
1183 30
1182 30
1181 30
1180 30
1179 31
1178 31
1177 31
1176 31
1175 32
1174 32
1173 32
1172 33
1171 33
1170 34
1169 34
1168 35
1167 35
1166 35
1165 36
1164 36
1163 36
1162 36
1161 37
1160 37
1159 37
1158 37
1157 37
1156 37
1155 38
1154 38
1153 38
1152 38
1151 39
1150 39
1149 39
1148 39
1147 39
1146 40
1145 41
1144 41
1143 42
1142 42
1141 43
1140 43
1139 43
1138 43
1137 43
1136 43
1135 44
1134 44
1133 45
1132 45
1131 46
1130 47
1129 48
1128 49
1127 49
1126 50
1125 51
1124 51
1123 52
1123 53
1122 54
1121 54
1120 55
1119 55
1118 55
1117 56
1116 56
1115 56
1114 57
1113 57
1112 58
1111 58
1110 58
1109 59
1108 59
1107 60
1106 60
1105 60
1104 60
1103 61
1102 61
1101 62
1100 62
1099 63
1099 64
1098 65
1097 65
1097 66
1096 67
1096 68
1095 69
1094 70
1094 71
1093 72
1093 73
1093 74
1092 75
1092 76
1091 77
1091 78
1090 79
1090 80
1089 81
1088 82
1087 82
1086 83
1086 84
1085 85
1084 85
1084 86
1083 87
1082 88
1081 88
1081 89
1080 90
1080 91
1079 92
1078 93
1077 94
1076 95
1076 96
1075 97
1074 98
1074 99
1073 100
1072 101
1071 102
1070 103
1070 104
1069 105
1068 105
1067 106
1066 107
1065 107
1064 108
1063 109
1062 109
1061 110
1060 111
1059 112
1059 113
1058 114
1057 114
1056 115
1055 116
1054 117
1053 118
1052 118
1051 119
1050 120
1049 121
1048 122
1047 122
1047 123
1046 124
1045 124
1045 125
1044 126
1043 126
1043 127
1042 128
1041 128
1041 129
1040 130
1039 130
1039 131
1038 132
1038 133
1037 134
1036 135
1035 136
1035 137
1034 138
1033 138
1032 139
1031 140
1031 141
1030 142
1029 143
1028 143
1027 144
1027 145
1026 146
1025 146
1024 147
1023 148
1022 149
1022 150
1021 151
1020 151
1020 152
1019 153
1018 154
1018 155
1017 156
1017 157
1016 158
1016 159
1015 160
1015 161
1014 162
1014 163
1013 164
1012 165
1012 166
1011 167
1011 168
1010 169
1010 170
1009 171
1009 172
1008 173
1007 174
1006 175
1006 176
1005 177
1004 178
1003 179
1003 180
1002 181
1002 182
1001 183
1000 183
1000 184
999 185
998 186
997 187
997 188
996 189
996 190
995 191
994 191
993 192
993 193
992 194
991 194
991 195
991 196
990 197
989 197
989 198
989 199
989 200
988 201
987 201
987 202
987 203
986 204
985 205
985 206
985 207
985 208
984 209
983 209
983 210
983 211
983 212
982 213
981 214
981 215
981 216
980 217
979 217
979 218
979 219
978 220
977 221
977 222
977 223
977 224
976 225
975 225
975 226
975 227
975 228
974 229
973 229
973 230
972 231
972 232
971 233
970 234
970 235
969 236
969 237
968 238
968 239
967 240
966 241
966 242
965 243
964 244
964 245
963 246
962 247
962 248
961 249
960 250
960 251
959 252
958 253
957 254
956 255
956 256
955 257
954 258
954 259
953 260
952 261
951 262
950 263
950 264
949 265
948 266
948 267
947 268
946 269
946 270
945 271
945 272
944 273
943 273
943 274
943 275
943 276
942 277
942 278
941 279
941 280
940 281
940 282
939 283
938 284
938 285
937 286
937 287
937 288
936 289
935 289
935 290
934 291
934 292
933 293
932 294
932 295
931 296
931 297
930 298
930 299
929 300
929 301
928 302
928 303
927 304
927 305
926 306
925 307
925 308
925 309
925 310
924 311
923 312
923 313
922 314
922 315
921 316
921 317
920 318
920 319
919 320
919 321
918 322
917 323
917 324
917 325
917 326
916 327
915 328
915 329
914 330
914 331
913 332
913 333
912 334
912 335
911 336
911 337
910 338
909 339
909 340
909 341
909 342
908 343
907 344
907 345
906 346
906 347
905 348
905 349
904 350
904 351
903 352
903 353
902 354
901 355
901 356
901 357
901 358
900 359
899 359
899 360
898 361
897 362
896 363
896 364
896 365
896 366
896 367
896 368
896 369
896 370
895 371
895 372
895 373
895 374
894 375
894 376
894 377
894 378
894 379
894 380
893 381
893 382
893 383
892 384
891 385
891 386
891 387
891 388
890 389
890 390
890 391
890 392
889 393
889 394
889 395
889 396
888 397
887 397
887 398
887 399
887 400
886 401
885 401
885 402
885 403
885 404
884 405
884 406
883 407
883 408
883 409
883 410
882 411
882 412
881 413
881 414
881 415
881 416
880 417
880 418
879 419
879 420
879 421
878 422
878 423
877 424
877 425
877 426
876 427
875 427
875 428
875 429
875 430
874 431
874 432
874 433
874 434
873 435
873 436
873 437
873 438
872 439
872 440
872 441
872 442
871 443
871 444
871 445
871 446
870 447
870 448
870 449
870 450
870 451
870 452
869 453
869 454
868 455
868 456
867 457
867 458
866 459
866 460
865 461
865 462
865 463
865 464
864 465
864 466
864 467
864 468
864 469
864 470
864 471
864 472
864 473
864 474
864 475
864 476
864 477
864 478
864 479
864 480
864 481
864 482
864 483
864 484
864 485
864 486
864 487
864 488
864 489
864 490
864 491
864 492
864 493
864 494
864 495
863 496
863 497
863 498
862 499
862 500
862 501
862 502
862 503
862 504
862 505
862 506
861 507
861 508
861 509
861 510
860 511
860 512
859 513
859 514
859 515
859 516
858 517
858 518
858 519
858 520
858 521
858 522
857 523
857 524
857 525
857 526
856 527
856 528
856 529
856 530
856 531
856 532
855 533
855 534
855 535
855 536
854 537
854 538
854 539
854 540
854 541
854 542
854 543
854 544
854 545
854 546
854 547
854 548
854 549
854 550
853 551
853 552
853 553
852 554
852 555
852 556
852 557
852 558
852 559
852 560
852 561
852 562
852 563
852 564
852 565
852 566
852 567
852 568
852 569
852 570
852 571
852 572
852 573
852 574
852 575
852 576
851 577
851 578
851 579
851 580
850 581
850 582
849 583
849 584
849 585
849 586
848 587
848 588
847 589
847 590
847 591
847 592
846 593
846 594
846 595
846 596
846 597
846 598
846 599
846 600
845 601
845 602
845 603
845 604
844 605
844 606
844 607
844 608
844 609
844 610
844 611
844 612
844 613
844 614
844 615
844 616
844 617
844 618
844 619
844 620
844 621
844 622
844 623
844 624
844 625
844 626
844 627
844 628
843 629
843 630
843 631
843 632
842 633
842 634
842 635
842 636
842 637
842 638
842 639
842 640
842 641
842 642
842 643
842 644
842 645
842 646
842 647
842 648
842 649
842 650
842 651
842 652
842 653
842 654
842 655
842 656
842 657
842 658
842 659
842 660
842 661
842 662
842 663
842 664
842 665
842 666
842 667
842 668
842 669
842 670
842 671
842 672
843 673
843 674
843 675
843 676
844 677
844 678
844 679
844 680
844 681
844 682
844 683
844 684
844 685
844 686
844 687
844 688
845 689
845 690
845 691
845 692
846 693
846 694
846 695
846 696
846 697
846 698
846 699
846 700
846 701
846 702
846 703
846 704
846 705
846 706
846 707
846 708
846 709
846 710
846 711
846 712
847 713
847 714
847 715
847 716
848 717
848 718
848 719
848 720
848 721
848 722
848 723
848 724
848 725
848 726
848 727
848 728
848 729
848 730
848 731
848 732
848 733
848 734
848 735
848 736
848 737
848 738
849 739
849 740
849 741
849 742
850 743
850 744
850 745
850 746
851 747
851 748
851 749
851 750
852 751
852 752
852 753
852 754
853 755
853 756
853 757
853 758
854 759
854 760
855 761
855 762
855 763
855 764
856 765
856 766
856 767
856 768
857 769
857 770
857 771
857 772
858 773
858 774
858 775
858 776
858 777
858 778
858 779
858 780
859 781
859 782
859 783
859 784
860 785
860 786
860 787
860 788
861 789
861 790
861 791
861 792
862 792
863 793
863 794
863 795
863 796
864 797
864 798
864 799
864 800
865 801
865 802
865 803
865 804
866 805
866 806
866 807
866 808
867 809
867 810
867 811
867 812
868 813
868 814
869 815
869 816
870 817
870 818
871 819
871 820
872 821
872 822
873 823
873 824
873 825
873 826
874 827
874 828
875 829
876 830
876 831
877 832
877 833
877 834
878 835
878 836
877 837
877 838
878 839
878 840
878 841
878 842
878 843
878 844
878 845
879 846
880 847
880 848
881 849
881 850
882 851
882 852
882 853
882 854
883 855
883 856
883 857
883 858
884 859
884 860
885 861
885 862
885 863
885 864
886 865
886 866
887 867
887 868
887 869
888 870
889 871
889 872
890 872
891 873
891 874
892 875
892 876
893 877
894 878
894 879
895 880
896 881
896 882
897 883
898 884
899 885
900 886
901 887
902 888
903 889
903 890
904 891
905 892
906 893
906 894
907 895
908 896
909 896
910 897
910 898
911 899
911 900
912 901
912 902
913 903
913 904
913 905
914 906
915 907
915 908
915 909
915 910
916 911
917 912
917 913
917 914
918 915
918 916
919 917
919 918
920 919
920 920
921 921
921 922
922 922
923 923
923 924
924 925
924 926
925 926
926 927
926 928
927 929
928 930
929 931
930 931
931 932
932 933
933 933
934 933
935 934
936 934
937 935
938 936
939 937
940 938
941 938
942 939
943 940
943 941
944 942
945 943
946 944
947 945
947 946
948 946
949 947
949 948
949 949
949 950
950 951
951 952
951 953
952 954
952 955
953 956
953 957
954 958
954 959
955 960
955 961
956 962
957 963
958 964
958 965
959 966
960 967
960 968
961 969
961 970
962 970
963 971
963 972
964 973
964 974
965 974
966 975
966 976
967 977
968 978
969 979
970 979
971 980
971 981
972 982
973 982
974 983
975 984
975 985
976 986
977 987
978 987
979 988
980 989
981 989
982 989
983 990
984 990
985 991
986 991
987 991
988 992
989 992
990 992
991 992
992 993
993 993
994 994
995 995
996 995
997 995
998 996
999 996
1000 997
1001 997
1002 997
1003 998
1004 999
1005 1000
1006 1001
1006 1002
1007 1003
1007 1004
1008 1005
1009 1006
1009 1007
1010 1008
1011 1009
1011 1010
1012 1010
1013 1011
1013 1012
1013 1013
1013 1014
1014 1015
1015 1016
1015 1017
1016 1018
1016 1019
1017 1020
1018 1021
1018 1022
1019 1023
1020 1024
1021 1024
1022 1025
1023 1026
1024 1026
1025 1027
1026 1027
1027 1028
1027 1029
1028 1030
1029 1030
1030 1031
1031 1032
1032 1032
1033 1033
1034 1034
1035 1034
1036 1035
1037 1036
1037 1037
1038 1038
1039 1039
1040 1039
1041 1040
1041 1041
1042 1041
1043 1042
1044 1043
1045 1044
1045 1045
1046 1046
1047 1046
1048 1047
1049 1048
1050 1048
1051 1049
1052 1050
1053 1051
1054 1051
1055 1052
1055 1053
1056 1053
1057 1054
1057 1055
1058 1055
1059 1056
1059 1057
1060 1058
1061 1058
1062 1059
1063 1060
1063 1061
1064 1062
1065 1063
1066 1063
1067 1064
1067 1065
1068 1066
1069 1066
1070 1067
1071 1068
1071 1069
1072 1070
1073 1071
1074 1071
1075 1072
1075 1073
1076 1074
1077 1075
1077 1076
1078 1076
1079 1077
1079 1078
1079 1079
1079 1080
1080 1080
1081 1081
1081 1082
1082 1083
1082 1084
1083 1084
1084 1085
1085 1086
1086 1087
1087 1087
1088 1087
1089 1088
1090 1088
1091 1089
1092 1089
1093 1089
1094 1090
1095 1090
1096 1090
1097 1091
1098 1091
1099 1092
1099 1093
1100 1093
1101 1093
1102 1094
1103 1094
1104 1094
1105 1094
1106 1094
1107 1094
1108 1095
1109 1095
1110 1095
1111 1095
1112 1096
1113 1096
1114 1096
1115 1096
1116 1096
1117 1096
1118 1096
1119 1096
1120 1096
1121 1096
1122 1096
1123 1096
1124 1096
1125 1096
1126 1097
1127 1097
1128 1097
1129 1097
1130 1098
1131 1098
1132 1098
1133 1098
1134 1099
1135 1099
1136 1099
1137 1100
1138 1100
1139 1101
1140 1101
1141 1101
1142 1102
1143 1102
1144 1102
1145 1102
1146 1103
1147 1103
1148 1104
1149 1105
1149 1106
1150 1107
1151 1108
1152 1109
1153 1110
1154 1110
1155 1110
1156 1111
1157 1111
1158 1111
1159 1111
1160 1112
1161 1112
1162 1112
1163 1112
1164 1112
1165 1112
1166 1111
1167 1111
1168 1111
1169 1110
1170 1110
1171 1110
1172 1110
1173 1110
1174 1110
1175 1110
1176 1110
1177 1110
1178 1111
1179 1111
1180 1111
1181 1111
1182 1112
1183 1112
1184 1112
1185 1112
1186 1113
1187 1113
1188 1113
1189 1113
1190 1114
1190 1115
1191 1115
1192 1115
1193 1115
1194 1116
1195 1116
1196 1116
1197 1116
1198 1117
1199 1117
1200 1117
1201 1118
1202 1118
1203 1119
1204 1119
1205 1120
1206 1120
1207 1121
1208 1122
1209 1123
1210 1123
1211 1124
1212 1124
1213 1125
1214 1126
1215 1127
1216 1128
1217 1128
1218 1129
1219 1129
1220 1130
1221 1130
1222 1131
1223 1131
1224 1131
1225 1132
1226 1132
1227 1133
1228 1133
1229 1133
1230 1134
1231 1135
1232 1136
1233 1137
1234 1137
1235 1138
1236 1139
1237 1140
1237 1141
1238 1142
1239 1142
1240 1143
1241 1144
1242 1145
1243 1145
1244 1146
1245 1147
1246 1148
1247 1149
1247 1150
1248 1151
1249 1152
1249 1153
1250 1153
1251 1154
1252 1155
1253 1156
1254 1157
1255 1158
1256 1159
1257 1159
1258 1160
1259 1160
1260 1160
1261 1160
1262 1160
1263 1160
1264 1160
1265 1160
1266 1161
1267 1161
1268 1161
1269 1161
1270 1162
1270 1163
1271 1163
1272 1163
1273 1163
1274 1164
1275 1164
1276 1165
1277 1165
1278 1166
1279 1167
1280 1168
1281 1169
1282 1169
1283 1170
1283 1171
1284 1172
1285 1172
1286 1173
1286 1174
1287 1175
1287 1176
1288 1176
1289 1177
1289 1178
1290 1179
1291 1180
1291 1181
1292 1182
1293 1183
1294 1184
1295 1184
1296 1185
1296 1186
1297 1187
1297 1188
1298 1188
1299 1189
1299 1190
1299 1191
1300 1192
1301 1193
1301 1194
1301 1195
1301 1196
1302 1197
1302 1198
1303 1199
1303 1200
1303 1201
1303 1202
1304 1203
1304 1204
1305 1205
1305 1206
1306 1207
1307 1208
1307 1209
1308 1209
1309 1209
1310 1210
1311 1210
1312 1211
1313 1211
1314 1212
1315 1212
1316 1213
1316 1214
1317 1215
1317 1216
1318 1216
1319 1217
1319 1218
1320 1219
1321 1219
1322 1220
1323 1221
1324 1221
1325 1221
1326 1222
1327 1223
1328 1223
1329 1224
1330 1224
1331 1224
1332 1225
1333 1225
1334 1226
1335 1227
1336 1227
1337 1227
1338 1228
1339 1228
1340 1229
1341 1229
1342 1230
1343 1231
1344 1232
1345 1233
1346 1233
1347 1234
1347 1235
1348 1235
1349 1236
1349 1237
1350 1237
1351 1238
1351 1239
1352 1239
1353 1240
1353 1241
1354 1242
1355 1243
1356 1243
1357 1244
1358 1245
1359 1245
1360 1246
1361 1246
1362 1246
1363 1246
1364 1247
1365 1247
1366 1248
1367 1248
1368 1249
1369 1250
1370 1250
1371 1251
1372 1251
1373 1251
1374 1252
1375 1252
1376 1252
1377 1252
1378 1252
1379 1252
1380 1252
1381 1252
1382 1252
1383 1252
1384 1253
1385 1253
1386 1253
1387 1253
1388 1254
1389 1254
1390 1254
1391 1254
1392 1255
1393 1255
1394 1255
1395 1256
1396 1256
1397 1257
1398 1257
1399 1258
1400 1259
1401 1259
1402 1259
1403 1260
1404 1261
1405 1261
1406 1262
1407 1262
1408 1263
1409 1263
1410 1264
1411 1264
1412 1264
1413 1264
1414 1264
1415 1264
1416 1264
1417 1264
1418 1263
1419 1263
1420 1263
1421 1263
1422 1262
1423 1261
1424 1261
1425 1261
1425 1260
1426 1259
1427 1259
1428 1259
1429 1259
1430 1258
1431 1258
1432 1257
1433 1257
1434 1256
1435 1256
1436 1255
1437 1255
1438 1254
1439 1254
1440 1253
1441 1253
1442 1253
1442 1252
1443 1251
1444 1250
1445 1250
1446 1249
1447 1248
1448 1248
1449 1247
1450 1246
1451 1245
1451 1244
1452 1243
1453 1242
1454 1241
1454 1240
1455 1239
1456 1239
1456 1238
1457 1237
1458 1237
1458 1236
1459 1235
1460 1235
1461 1234
1462 1233
1463 1232
1464 1232
1465 1231
1466 1230
1467 1230
1468 1229
1469 1228
1470 1227
1471 1226
1472 1226
1473 1225
1474 1224
1475 1223
1476 1222
1477 1222
1477 1221
1478 1220
1479 1219
1480 1219
1481 1218
1482 1218
1483 1217
1484 1216
1485 1216
1486 1215
1487 1214
1488 1214
1489 1213
1490 1213
1491 1212
1492 1212
1493 1211
1494 1211
1495 1210
1496 1210
1497 1209
1498 1209
1499 1209
1500 1208
1501 1208
1502 1208
1503 1208
1504 1208
1505 1208
1506 1208
1507 1208
1508 1208
1509 1208
1510 1207
1511 1207
1512 1207
1513 1206
1514 1205
1514 1204
1515 1203
1516 1202
1517 1202
1518 1201
1518 1200
1519 1199
1520 1199
1521 1198
1522 1197
1523 1196
1524 1196
1525 1195
1526 1194
1527 1194
1528 1193
1529 1192
1530 1192
1531 1192
1532 1191
1533 1191
1534 1191
1535 1191
1536 1190
1537 1190
1538 1189
1539 1189
1540 1189
1541 1189
1542 1188
1543 1188
1544 1188
1545 1188
1546 1188
1547 1188
1548 1188
1549 1188
1550 1188
1551 1188
1552 1188
1553 1188
1554 1188
1555 1188
1556 1188
1557 1188
1558 1187
1559 1187
1560 1187
1561 1187
1562 1186
1563 1186
1564 1186
1565 1186
1566 1186
1567 1185
1568 1185
1569 1185
1570 1184
1571 1184
1572 1184
1573 1184
1574 1184
1575 1184
1576 1184
1577 1184
1578 1184
1579 1184
1580 1184
1581 1184
1582 1184
1583 1184
1584 1184
1585 1184
1586 1184
1587 1184
1588 1184
1589 1184
1590 1184
1591 1184
1592 1184
1593 1184
1594 1184
1595 1184
1596 1184
1597 1184
1598 1184
1599 1184
1600 1184
1601 1184
1602 1184
1603 1184
1604 1184
1605 1184
1606 1184
1607 1184
1608 1183
1609 1183
1610 1183
1611 1182
1612 1181
1613 1181
1614 1181
1615 1180
1616 1179
1617 1179
1618 1178
1619 1178
1619 1177
1620 1176
1621 1176
1621 1175
1622 1174
1623 1174
1624 1173
1625 1172
1626 1172
1627 1171
1628 1171
1629 1171
1630 1170
1631 1169
1632 1169
1633 1168
1633 1167
1634 1166
1634 1165
1635 1164
1635 1163
1636 1162
1636 1161
1636 1160
1637 1159
1638 1158
1638 1157
1638 1156
1638 1155
1639 1154
1639 1153
1640 1152
1640 1151
1640 1150
1641 1149
1641 1148
1642 1147
1643 1146
1644 1145
1644 1144
1645 1143
1646 1142
1646 1141
1646 1140
1647 1139
1647 1138
1648 1137
1648 1136
1649 1135
1650 1134
1650 1133
1651 1132
1651 1131
1652 1130
1652 1129
1653 1128
1654 1128
1654 1127
1655 1126
1655 1125
1656 1124
1657 1123
1657 1122
1658 1121
1658 1120
1658 1119
1659 1118
1659 1117
1660 1116
1660 1115
1660 1114
1660 1113
1661 1112
1661 1111
1662 1110
1662 1109
1662 1108
1662 1107
1663 1106
1664 1105
1664 1104
1665 1103
1666 1102
1666 1101
1666 1100
1667 1099
1668 1098
1668 1097
1668 1096
1669 1095
1670 1094
1670 1093
1670 1092
1670 1091
1671 1090
1672 1089
1672 1088
1673 1087
1674 1086
1674 1085
1674 1084
1675 1083
1676 1082
1676 1081
1676 1080
1676 1079
1677 1078
1677 1077
1677 1076
1677 1075
1678 1074
1678 1073
1678 1072
1678 1071
1679 1070
1679 1069
1680 1068
1680 1067
1680 1066
1680 1065
1681 1064
1681 1063
1682 1062
1682 1061
1682 1060
1683 1059
1683 1058
1684 1057
1684 1056
1684 1055
1685 1054
1685 1053
1686 1052
1686 1051
1686 1050
1686 1049
1687 1048
1688 1048
1688 1047
1688 1046
1688 1045
1689 1044
1689 1043
1690 1042
1690 1041
1691 1040
1691 1039
1692 1038
1693 1037
1694 1036
1694 1035
1694 1034
1695 1033
1696 1032
1696 1031
1696 1030
1696 1029
1697 1028
1698 1028
1698 1027
1698 1026
1698 1025
1699 1024
1699 1023
1700 1022
1700 1021
1701 1020
1701 1019
1702 1018
1702 1017
1703 1016
1703 1015
1703 1014
1703 1013
1703 1012
1703 1011
1704 1010
1704 1009
1704 1008
1704 1007
1705 1006
1705 1005
1705 1004
1705 1003
1705 1002
1705 1001
1705 1000
1705 999
1705 998
1705 997
1706 996
1706 995
1706 994
1706 993
1707 992
1707 991
1707 990
1707 989
1707 988
1707 987
1707 986
1707 985
1707 984
1707 983
1707 982
1707 981
1707 980
1707 979
1707 978
1707 977
1707 976
1707 975
1707 974
1707 973
1707 972
1707 971
1708 970
1708 969
1708 968
1709 967
1709 966
1709 965
1709 964
1709 963
1709 962
1709 961
1709 960
1709 959
1709 958
1709 957
1709 956
1709 955
1709 954
1709 953
1709 952
1709 951
1709 950
1709 949
1709 948
1709 947
1709 946
1709 945
1709 944
1709 943
1709 942
1709 941
1709 940
1709 939
1709 938
1709 937
1709 936
1709 935
1709 934
1709 933
1709 932
1709 931
1709 930
1709 929
1709 928
1709 927
1709 926
1709 925
1709 924
1709 923
1709 922
1709 921
1709 920
1709 919
1709 918
1709 917
1709 916
1709 915
1710 914
1710 913
1710 912
1711 911
1711 910
1711 909
1711 908
1711 907
1711 906
1711 905
1711 904
1711 903
1711 902
1711 901
1711 900
1711 899
1711 898
1711 897
1711 896
1711 895
1711 894
1711 893
1712 892
1712 891
1712 890
1712 889
1713 888
1713 887
1713 886
1713 885
1713 884
1713 883
1713 882
1713 881
1713 880
1713 879
1713 878
1713 877
1713 876
1713 875
1713 874
1713 873
1713 872
1713 871
1713 870
1713 869
1713 868
1713 867
1713 866
1713 865
1713 864
1713 863
1713 862
1713 861
1714 860
1714 859
1714 858
1714 857
1715 856
1715 855
1715 854
1715 853
1715 852
1715 851
1716 850
1716 849
1716 848
1717 847
1717 846
1717 845
1717 844
1717 843
1717 842
1717 841
1717 840
1717 839
1717 838
1717 837
1717 836
1717 835
1717 834
1717 833
1717 832
1717 831
1717 830
1717 829
1717 828
1717 827
1717 826
1717 825
1717 824
1717 823
1717 822
1717 821
1717 820
1717 819
1717 818
1717 817
1717 816
1717 815
1717 814
1717 813
1717 812
1717 811
1717 810
1717 809
1717 808
1717 807
1716 806
1716 805
1716 804
1716 803
1715 802
1715 801
1715 800
1715 799
1715 798
1715 797
1715 796
1715 795
1715 794
1715 793
1715 792
1715 791
1714 790
1714 789
1714 788
1714 787
1713 786
1713 785
1713 784
1713 783
1713 782
1713 781
1713 780
1713 779
1713 778
1713 777
1713 776
1713 775
1713 774
1713 773
1713 772
1713 771
1713 770
1713 769
1713 768
1713 767
1713 766
1713 765
1713 764
1713 763
1713 762
1713 761
1713 760
1713 759
1713 758
1713 757
1713 756
1713 755
1713 754
1713 753
1713 752
1713 751
1713 750
1713 749
1713 748
1713 747
1713 746
1713 745
1713 744
1713 743
1713 742
1713 741
1713 740
1713 739
1713 738
1713 737
1713 736
1713 735
1713 734
1713 733
1713 732
1713 731
1713 730
1713 729
1713 728
1713 727
1713 726
1713 725
1713 724
1713 723
1713 722
1713 721
1713 720
1713 719
1713 718
1713 717
1712 716
1712 715
1712 714
1712 713
1711 712
1711 711
1711 710
1711 709
1711 708
1711 707
1711 706
1711 705
1711 704
1711 703
1711 702
1711 701
1712 700
1712 699
1712 698
1712 697
1713 696
1713 695
1713 694
1713 693
1713 692
1713 691
1713 690
1713 689
1713 688
1713 687
1713 686
1713 685
1713 684
1713 683
1713 682
1713 681
1713 680
1713 679
1713 678
1713 677
1713 676
1713 675
1713 674
1713 673
1713 672
1713 671
1713 670
1713 669
1713 668
1713 667
1713 666
1714 665
1714 664
1714 663
1715 662
1715 661
1715 660
1715 659
1715 658
1715 657
1715 656
1715 655
1715 654
1715 653
1715 652
1715 651
1715 650
1715 649
1715 648
1715 647
1715 646
1715 645
1715 644
1715 643
1715 642
1715 641
1715 640
1715 639
1715 638
1715 637
1715 636
1715 635
1715 634
1715 633
1715 632
1715 631
1715 630
1715 629
1715 628
1715 627
1715 626
1715 625
1715 624
1715 623
1715 622
1715 621
1715 620
1715 619
1715 618
1715 617
1715 616
1715 615
1715 614
1715 613
1715 612
1715 611
1715 610
1715 609
1715 608
1715 607
1715 606
1715 605
1715 604
1715 603
1715 602
1715 601
1714 600
1714 599
1714 598
1714 597
1713 596
1713 595
1713 594
1713 593
1713 592
1713 591
1713 590
1713 589
1713 588
1713 587
1713 586
1713 585
1712 584
1712 583
1712 582
1712 581
1711 580
1711 579
1711 578
1711 577
1711 576
1711 575
1711 574
1711 573
1710 572
1710 571
1710 570
1710 569
1709 568
1709 567
1709 566
1709 565
1709 564
1709 563
1709 562
1709 561
1709 560
1709 559
1708 558
1708 557
1708 556
1708 555
1707 554
1707 553
1707 552
1707 551
1707 550
1707 549
1707 548
1707 547
1706 546
1706 545
1706 544
1705 543
1705 542
1705 541
1705 540
1705 539
1705 538
1705 537
1705 536
1705 535
1705 534
1705 533
1705 532
1705 531
1705 530
1705 529
1705 528
1705 527
1705 526
1705 525
1704 524
1704 523
1704 522
1704 521
1703 520
1703 519
1703 518
1703 517
1703 516
1703 515
1703 514
1703 513
1703 512
1703 511
1703 510
1703 509
1703 508
1703 507
1703 506
1703 505
1703 504
1703 503
1703 502
1703 501
1702 500
1702 499
1702 498
1702 497
1701 496
1701 495
1701 494
1701 493
1701 492
1701 491
1701 490
1701 489
1701 488
1701 487
1701 486
1701 485
1701 484
1701 483
1701 482
1701 481
1701 480
1701 479
1701 478
1701 477
1701 476
1701 475
1701 474
1701 473
1701 472
1701 471
1701 470
1701 469
1701 468
1701 467
1701 466
1701 465
1701 464
1701 463
1701 462
1701 461
1701 460
1701 459
1701 458
1701 457
1701 456
1701 455
1701 454
1701 453
1700 452
1700 451
1700 450
1700 449
1699 448
1699 447
1700 446
1700 445
1700 444
1701 443
1701 442
1701 441
1701 440
1701 439
1701 438
1701 437
1701 436
1701 435
1701 434
1701 433
1701 432
1701 431
1701 430
1701 429
1701 428
1701 427
1701 426
1701 425
1701 424
1701 423
1701 422
1701 421
1701 420
1701 419
1701 418
1701 417
1701 416
1701 415
1701 414
1701 413
1701 412
1701 411
1702 410
1702 409
1702 408
1703 407
1703 406
1703 405
1703 404
1703 403
1703 402
1703 401
1703 400
1703 399
1703 398
1703 397
1703 396
1703 395
1703 394
1703 393
1703 392
1703 391
1703 390
1703 389
1703 388
1703 387
1703 386
1703 385
1703 384
1703 383
1703 382
1703 381
1703 380
1703 379
1703 378
1703 377
1703 376
1703 375
1703 374
1703 373
1703 372
1703 371
1703 370
1703 369
1703 368
1703 367
1703 366
1703 365
1703 364
1703 363
1703 362
1703 361
1703 360
1703 359
1703 358
1703 357
1703 356
1703 355
1703 354
1702 353
1701 352
1701 351
1700 351
1699 350
1698 349
1697 349
1696 348
1695 347
1694 347
1693 346
1692 345
1691 345
1690 344
1689 343
1688 343
1687 342
1687 341
1686 340
1686 339
1685 338
1684 337
1684 336
1683 335
1682 334
1681 333
1681 332
1680 331
1680 330
1680 329
1679 329
1678 328
1678 327
1678 326
1678 325
1677 324
1676 323
1676 322
1676 321
1675 321
1674 320
1674 319
1674 318
1674 317
1673 316
1673 315
1673 314
1673 313
1672 312
1672 311
1672 310
1672 309
1671 308
1671 307
1670 306
1670 305
1669 304
1669 303
1668 302
1668 301
1667 300
1667 299
1667 298
1667 297
1666 296
1666 295
1666 294
1666 293
1665 292
1665 291
1664 290
1664 289
1664 288
1663 287
1662 286
1662 285
1662 284
1662 283
1661 282
1661 281
1660 280
1660 279
1660 278
1659 277
1659 276
1658 275
1657 274
1657 273
1656 272
1655 272
1654 271
1654 270
1653 270
1652 269
1652 268
1651 268
1650 267
1650 266
1649 266
1648 265
1648 264
1647 263
1646 263
1645 262
1644 261
1643 261
1642 260
1641 260
1640 259
1639 259
1638 258
1637 258
1636 257
1635 257
1634 256
1633 255
1632 254
1631 254
1630 253
1630 252
1629 251
1628 251
1627 250
1626 249
1625 248
1624 247
1623 247
1622 246
1621 245
1620 244
1619 244
1618 243
1618 242
1617 242
1616 241
1616 240
1615 239
1614 239
1613 238
1613 237
1612 236
1612 235
1611 234
1610 233
1609 232
1608 231
1607 231
1606 230
1605 229
1604 228
1603 228
1602 227
1602 226
1601 226
1600 225
1600 224
1599 224
1598 223
1598 222
1597 222
1596 221
1596 220
1595 220
1594 219
1594 218
1593 218
1592 217
1591 216
1590 215
1589 214
1588 214
1587 213
1586 212
1585 211
1584 210
1583 210
1582 209
1582 208
1581 207
1580 207
1579 206
1578 205
1578 204
1577 203
1576 202
1575 202
1574 201
1573 200
1573 199
1572 199
1571 198
1571 197
1570 196
1569 195
1568 194
1568 193
1567 193
1566 192
1566 191
1565 190
1565 189
1564 189
1563 188
1563 187
1562 187
1561 186
1560 185
1559 185
1558 184
1557 184
1556 183
1555 183
1554 182
1553 181
1552 181
1551 180
1551 179
1550 179
1549 178
1548 177
1547 176
1546 175
1545 174
1544 173
1543 172
1542 172
1541 171
1540 171
1539 170
1538 170
1537 170
1536 170
1535 169
1534 169
1533 169
1532 169
1531 168
1530 168
1529 168
1528 168
1527 167
1526 167
1525 166
1524 166
1523 166
1522 166
1521 165
1521 164
1520 164
1519 164
1518 164
1517 163
1516 163
1515 162
1514 162
1513 162
1512 161
1511 161
1510 160
1509 160
1508 159
1507 158
1506 158
1505 158
1504 157
1503 157
1502 157
1501 156
1500 156
1499 156
1498 156
1497 155
1496 155
1495 154
1494 153
1493 153
1492 152
1491 151
1490 150
1489 150
1488 149
1487 149
1486 148
1485 148
1484 148
1483 147
1482 146
1481 145
1480 144
1479 144
1478 143
1477 142
1476 142
1475 142
1474 141
1473 141
1472 140
1471 140
1470 139
1469 139
1468 138
1467 137
1466 137
1465 136
1464 136
1463 135
1462 135
1461 134
1460 134
1459 134
1458 134
1457 133
1457 132
1456 132
1455 132
1454 131
1453 130
1452 130
1451 130
1450 130
1449 129
1448 129
1447 128
1446 128
1445 128
1444 128
1443 127
1443 126
1442 126
1441 126
1440 126
1439 125
1439 124
1438 124
1437 123
1436 123
1435 122
1434 121
1433 121
1432 120
1431 119
1430 118
1429 117
1428 117
1427 116
1426 115
1425 114
1424 114
1423 113
1422 112
1421 111
1420 111
1419 110
1418 109
1417 108
1416 108
1415 107
1414 107
1413 106
1413 105
1412 104
1411 103
1410 102
1409 101
1408 101
1407 100
1406 99
1405 99
1404 98
1403 97
1402 96
1401 96
1400 95
1399 94
1398 93
1398 92
1397 92
1396 92
1395 91
1394 90
1393 89
1392 88
1391 88
1390 87
1390 86
1389 86
1388 85
1388 84
1387 84
1386 83
1386 82
1385 82
1384 81
1383 80
1383 79
1382 79
1381 78
1380 77
1379 76
1378 75
1377 75
1376 74
1375 73
1374 72
1373 72
1372 71
1371 70
1370 70
1369 70
1368 69
1367 69
1366 69
1365 68
1364 68
1363 68
1362 68
1361 67
1360 67
1359 66
1358 66
1357 66
1356 66
1355 65
1354 65
1353 65
1352 64
1351 63
1350 62
1349 62
1348 62
1347 61
1346 61
1345 60
1344 60
1343 59
1342 59
1341 58
1341 57
1340 57
1339 56
1338 56
1337 55
1336 55
1335 55
1334 55
1333 55
1332 55
1331 55
1330 55
1329 55
1328 55
1327 55
1326 55
1325 55
1324 55
1323 55
1322 55
1321 54
1320 54
1319 54
1318 54
1317 53
1316 52
1315 52
1314 52
1313 52
1312 52
1311 52
1310 52
1309 53
1308 53
1307 53
1306 53
1305 53
1304 53
1303 53
1302 53
1301 53
1300 53
1299 53
1298 53
1297 52
1296 52
1295 52
1294 51
1293 50
1292 50
1291 50
1290 50
1289 49
1288 49
1287 48
1286 48
1285 48
1284 48
1283 47
1283 46
1282 46
1281 46
1280 46
1279 45
1278 45
1277 44
1276 44
1275 44
1274 44
1273 43
1273 42
1272 42
1271 41
1270 41
1269 40
1268 39
1267 39
1266 38
1265 38
1264 38
1263 37
1262 36
1261 36
1260 36
1259 35
1258 34
1257 34
1256 33
1255 33
1254 32
1253 32
1252 32
1251 31
1250 31
1249 31
1248 30
1247 29
1246 28
1245 27
1244 27
1243 26
1242 25
1241 25
1240 25
1239 25
1238 25
1237 24
1236 24
1235 24
1234 24
1233 23
1232 23
1231 23
1230 23
1229 23
1228 23
1227 23
1226 23
1225 23
1224 23
1223 23
1222 23
1221 23
1220 23
1219 23
1218 23
1217 23
