804 2374
803 2375
802 2376
801 2376
800 2377
799 2377
799 2378
798 2379
797 2379
796 2380
795 2380
795 2381
794 2382
793 2382
792 2383
791 2384
791 2385
790 2386
790 2387
789 2388
789 2389
789 2390
789 2391
789 2392
789 2393
789 2394
789 2395
788 2396
788 2397
788 2398
788 2399
787 2400
787 2401
787 2402
787 2403
787 2404
787 2405
788 2406
788 2407
788 2408
788 2409
789 2410
789 2411
789 2412
789 2413
788 2414
788 2415
788 2416
788 2417
787 2418
787 2419
787 2420
787 2421
787 2422
787 2423
787 2424
787 2425
787 2426
787 2427
786 2428
786 2429
786 2430
786 2431
785 2432
785 2433
785 2434
785 2435
785 2436
785 2437
785 2438
785 2439
784 2440
784 2441
784 2442
784 2443
783 2444
783 2445
782 2446
782 2447
782 2448
782 2449
781 2450
781 2451
781 2452
781 2453
780 2454
780 2455
780 2456
779 2457
779 2458
779 2459
778 2460
778 2461
778 2462
777 2463
777 2464
776 2465
776 2466
775 2467
774 2468
774 2469
773 2470
773 2471
772 2472
771 2473
771 2474
771 2475
770 2476
770 2477
770 2478
769 2479
769 2480
768 2481
767 2482
766 2483
766 2484
766 2485
765 2486
765 2487
764 2488
764 2489
763 2490
763 2491
762 2492
761 2493
761 2494
760 2495
759 2496
758 2497
758 2498
757 2499
756 2499
755 2500
755 2501
754 2502
753 2503
752 2504
752 2505
751 2506
750 2506
750 2507
750 2508
750 2509
749 2510
749 2511
748 2512
748 2513
748 2514
747 2515
746 2516
746 2517
746 2518
745 2519
745 2520
744 2521
744 2522
743 2523
743 2524
743 2525
743 2526
743 2527
742 2528
742 2529
742 2530
742 2531
741 2532
740 2532
740 2533
740 2534
740 2535
739 2536
739 2537
739 2538
739 2539
738 2540
738 2541
738 2542
738 2543
737 2544
737 2545
736 2546
736 2547
736 2548
736 2549
735 2550
734 2550
734 2551
734 2552
734 2553
733 2554
733 2555
733 2556
733 2557
733 2558
733 2559
733 2560
733 2561
733 2562
733 2563
733 2564
733 2565
732 2566
732 2567
732 2568
732 2569
731 2570
731 2571
731 2572
731 2573
731 2574
731 2575
731 2576
731 2577
731 2578
731 2579
731 2580
731 2581
731 2582
731 2583
731 2584
731 2585
731 2586
731 2587
731 2588
731 2589
731 2590
731 2591
731 2592
731 2593
731 2594
731 2595
730 2596
730 2597
730 2598
730 2599
729 2600
729 2601
729 2602
729 2603
729 2604
729 2605
729 2606
729 2607
729 2608
729 2609
729 2610
729 2611
729 2612
729 2613
729 2614
729 2615
730 2616
730 2617
730 2618
730 2619
731 2620
731 2621
731 2622
731 2623
731 2624
731 2625
731 2626
731 2627
732 2628
732 2629
732 2630
732 2631
733 2632
733 2633
733 2634
733 2635
733 2636
733 2637
734 2638
734 2639
734 2640
734 2641
735 2642
735 2643
735 2644
735 2645
735 2646
735 2647
735 2648
735 2649
735 2650
735 2651
735 2652
735 2653
735 2654
735 2655
735 2656
735 2657
735 2658
735 2659
735 2660
735 2661
735 2662
735 2663
735 2664
735 2665
735 2666
735 2667
735 2668
735 2669
736 2670
736 2671
736 2672
736 2673
737 2674
737 2675
737 2676
737 2677
737 2678
737 2679
737 2680
737 2681
737 2682
737 2683
737 2684
737 2685
737 2686
737 2687
737 2688
737 2689
737 2690
737 2691
737 2692
737 2693
737 2694
737 2695
737 2696
737 2697
737 2698
737 2699
737 2700
737 2701
738 2702
738 2703
737 2704
737 2705
738 2706
738 2707
737 2708
737 2709
737 2710
737 2711
737 2712
737 2713
737 2714
737 2715
736 2716
736 2717
736 2718
736 2719
735 2720
735 2721
735 2722
735 2723
735 2724
735 2725
735 2726
735 2727
735 2728
735 2729
735 2730
735 2731
736 2732
736 2733
736 2734
736 2735
737 2736
737 2737
737 2738
737 2739
737 2740
737 2741
738 2742
738 2743
738 2744
738 2745
739 2746
739 2747
739 2748
739 2749
740 2750
740 2751
740 2752
740 2753
741 2754
741 2755
741 2756
741 2757
742 2758
742 2759
742 2760
742 2761
743 2762
743 2763
743 2764
743 2765
743 2766
743 2767
743 2768
743 2769
743 2770
743 2771
743 2772
743 2773
743 2774
743 2775
743 2776
744 2777
744 2778
744 2779
745 2780
745 2781
745 2782
745 2783
745 2784
745 2785
745 2786
745 2787
745 2788
745 2789
745 2790
745 2791
746 2792
746 2793
746 2794
746 2795
747 2796
747 2797
747 2798
747 2799
747 2800
747 2801
748 2802
748 2803
748 2804
748 2805
749 2806
749 2807
749 2808
749 2809
750 2810
750 2811
750 2812
750 2813
751 2814
751 2815
751 2816
752 2817
752 2818
752 2819
753 2820
753 2821
754 2822
754 2823
754 2824
755 2825
755 2826
756 2827
756 2828
756 2829
757 2830
758 2831
758 2832
759 2833
760 2834
761 2835
761 2836
762 2837
763 2838
763 2839
764 2840
764 2841
765 2842
766 2843
767 2844
767 2845
768 2846
769 2847
770 2848
771 2849
771 2850
772 2851
772 2852
772 2853
773 2854
774 2855
774 2856
775 2857
776 2858
777 2859
778 2859
779 2860
779 2861
780 2861
781 2862
781 2863
782 2864
783 2865
783 2866
784 2867
784 2868
784 2869
785 2870
786 2871
787 2872
788 2873
789 2873
790 2874
791 2875
792 2876
793 2876
794 2877
795 2877
796 2878
797 2878
798 2878
799 2879
800 2879
801 2880
802 2880
803 2881
804 2882
805 2882
806 2882
807 2883
808 2883
809 2884
810 2884
811 2885
812 2885
813 2886
814 2887
815 2887
816 2888
817 2888
818 2889
819 2890
820 2890
821 2890
822 2891
823 2892
824 2892
825 2892
826 2893
827 2893
828 2894
829 2894
830 2895
831 2896
832 2896
833 2897
834 2897
835 2898
836 2898
837 2899
838 2899
839 2900
840 2900
841 2900
842 2901
843 2902
844 2903
845 2903
846 2904
847 2905
848 2905
849 2906
850 2907
851 2907
852 2908
853 2909
854 2909
855 2910
856 2910
857 2911
857 2912
858 2912
859 2912
860 2912
861 2913
861 2914
862 2914
863 2914
864 2914
865 2915
865 2916
866 2916
867 2917
868 2918
869 2918
870 2918
871 2919
872 2919
873 2920
874 2920
875 2920
876 2920
877 2921
878 2921
879 2922
880 2922
881 2922
882 2923
883 2924
884 2924
885 2925
886 2925
887 2926
888 2926
889 2926
890 2926
891 2927
892 2927
893 2927
894 2927
895 2928
896 2928
897 2928
898 2928
899 2929
900 2929
901 2930
902 2930
903 2930
904 2930
905 2931
906 2931
907 2932
908 2932
909 2932
910 2932
911 2933
912 2933
913 2933
914 2933
915 2933
916 2933
917 2934
918 2934
919 2934
920 2934
921 2935
922 2935
923 2935
924 2935
925 2936
926 2936
927 2936
928 2936
929 2937
930 2937
931 2937
932 2937
933 2937
934 2937
935 2938
936 2938
937 2938
938 2938
939 2939
940 2939
941 2939
942 2939
943 2939
944 2939
945 2939
946 2939
947 2939
948 2939
949 2939
950 2939
951 2940
952 2940
953 2940
954 2941
955 2941
956 2941
957 2941
958 2941
959 2941
960 2941
961 2941
962 2941
963 2941
964 2941
965 2941
966 2941
967 2942
968 2942
969 2942
970 2942
971 2942
972 2941
973 2941
974 2940
975 2939
976 2938
977 2938
978 2938
979 2937
980 2937
981 2936
982 2936
983 2936
984 2936
984 2935
985 2934
986 2934
987 2933
988 2932
988 2931
989 2930
989 2929
990 2928
990 2927
991 2926
991 2925
992 2924
992 2923
993 2922
993 2921
994 2920
994 2919
994 2918
995 2917
995 2916
995 2915
995 2914
996 2913
996 2912
997 2911
997 2910
997 2909
997 2908
998 2907
998 2906
998 2905
998 2904
998 2903
998 2902
998 2901
998 2900
998 2899
998 2898
998 2897
999 2896
999 2895
999 2894
1000 2893
1000 2892
1001 2891
1001 2890
1001 2889
1002 2888
1002 2887
1002 2886
1002 2885
1002 2884
1002 2883
1002 2882
1002 2881
1003 2880
1003 2879
1003 2878
1004 2877
1004 2876
1004 2875
1004 2874
1004 2873
1004 2872
1005 2871
1005 2870
1005 2869
1005 2868
1006 2867
1006 2866
1006 2865
1006 2864
1007 2863
1007 2862
1007 2861
1007 2860
1008 2859
1008 2858
1008 2857
1008 2856
1008 2855
1008 2854
1008 2853
1008 2852
1008 2851
1008 2850
1009 2849
1009 2848
1009 2847
1009 2846
1010 2845
1010 2844
1010 2843
1010 2842
1010 2841
1010 2840
1010 2839
1010 2838
1011 2837
1011 2836
1011 2835
1011 2834
1012 2833
1012 2832
1013 2831
1013 2830
1013 2829
1013 2828
1014 2827
1014 2826
1014 2825
1014 2824
1014 2823
1014 2822
1015 2821
1015 2820
1015 2819
1015 2818
1016 2817
1016 2816
1016 2815
1016 2814
1016 2813
1016 2812
1016 2811
1016 2810
1016 2809
1016 2808
1016 2807
1016 2806
1017 2805
1017 2804
1017 2803
1017 2802
1018 2801
1018 2800
1018 2799
1018 2798
1018 2797
1018 2796
1019 2795
1019 2794
1019 2793
1019 2792
1020 2791
1020 2790
1020 2789
1020 2788
1020 2787
1020 2786
1020 2785
1020 2784
1020 2783
1020 2782
1021 2781
1021 2780
1021 2779
1021 2778
1022 2777
1022 2776
1022 2775
1022 2774
1022 2773
1022 2772
1022 2771
1022 2770
1022 2769
1022 2768
1022 2767
1022 2766
1022 2765
1022 2764
1022 2763
1022 2762
1022 2761
1022 2760
1022 2759
1022 2758
1022 2757
1022 2756
1022 2755
1022 2754
1022 2753
1023 2752
1023 2751
1023 2750
1024 2749
1024 2748
1024 2747
1024 2746
1024 2745
1024 2744
1024 2743
1024 2742
1024 2741
1024 2740
1024 2739
1024 2738
1024 2737
1024 2736
1024 2735
1024 2734
1024 2733
1024 2732
1024 2731
1024 2730
1024 2729
1024 2728
1024 2727
1024 2726
1024 2725
1024 2724
1025 2723
1025 2722
1025 2721
1026 2720
1026 2719
1026 2718
1026 2717
1026 2716
1026 2715
1026 2714
1026 2713
1026 2712
1026 2711
1026 2710
1026 2709
1026 2708
1026 2707
1026 2706
1026 2705
1026 2704
1026 2703
1026 2702
1026 2701
1026 2700
1026 2699
1026 2698
1026 2697
1026 2696
1026 2695
1026 2694
1026 2693
1026 2692
1026 2691
1026 2690
1026 2689
1026 2688
1026 2687
1026 2686
1026 2685
1026 2684
1026 2683
1026 2682
1026 2681
1026 2680
1026 2679
1026 2678
1026 2677
1026 2676
1026 2675
1026 2674
1026 2673
1026 2672
1026 2671
1026 2670
1026 2669
1026 2668
1026 2667
1026 2666
1026 2665
1026 2664
1026 2663
1026 2662
1026 2661
1026 2660
1026 2659
1026 2658
1026 2657
1026 2656
1026 2655
1026 2654
1026 2653
1026 2652
1026 2651
1026 2650
1026 2649
1026 2648
1026 2647
1026 2646
1026 2645
1026 2644
1026 2643
1026 2642
1026 2641
1026 2640
1026 2639
1026 2638
1026 2637
1026 2636
1026 2635
1026 2634
1026 2633
1026 2632
1026 2631
1026 2630
1026 2629
1026 2628
1026 2627
1026 2626
1026 2625
1026 2624
1026 2623
1026 2622
1026 2621
1026 2620
1026 2619
1026 2618
1026 2617
1026 2616
1025 2615
1025 2614
1025 2613
1025 2612
1024 2611
1024 2610
1024 2609
1024 2608
1024 2607
1024 2606
1024 2605
1024 2604
1024 2603
1024 2602
1024 2601
1024 2600
1024 2599
1024 2598
1024 2597
1024 2596
1024 2595
1024 2594
1024 2593
1024 2592
1024 2591
1024 2590
1024 2589
1024 2588
1024 2587
1024 2586
1024 2585
1024 2584
1024 2583
1024 2582
1024 2581
1024 2580
1024 2579
1024 2578
1024 2577
1024 2576
1024 2575
1024 2574
1024 2573
1024 2572
1024 2571
1024 2570
1024 2569
1024 2568
1024 2567
1024 2566
1024 2565
1024 2564
1024 2563
1024 2562
1024 2561
1024 2560
1024 2559
1024 2558
1024 2557
1024 2556
1024 2555
1024 2554
1024 2553
1024 2552
1024 2551
1024 2550
1024 2549
1024 2548
1024 2547
1024 2546
1023 2545
1023 2544
1023 2543
1023 2542
1022 2541
1022 2540
1022 2539
1022 2538
1022 2537
1022 2536
1022 2535
1022 2534
1022 2533
1022 2532
1022 2531
1022 2530
1022 2529
1022 2528
1022 2527
1022 2526
1022 2525
1022 2524
1022 2523
1022 2522
1022 2521
1022 2520
1021 2519
1021 2518
1021 2517
1021 2516
1020 2515
1020 2514
1020 2513
1020 2512
1019 2511
1019 2510
1019 2509
1019 2508
1018 2507
1018 2506
1018 2505
1017 2504
1017 2503
1016 2502
1016 2501
1015 2500
1015 2499
1014 2498
1014 2497
1013 2496
1013 2495
1013 2494
1012 2494
1011 2493
1011 2492
1011 2491
1011 2490
1010 2489
1010 2488
1009 2487
1009 2486
1009 2485
1008 2484
1007 2483
1006 2482
1006 2481
1005 2480
1005 2479
1004 2478
1004 2477
1003 2476
1003 2475
1002 2474
1002 2473
1001 2472
1000 2471
999 2470
999 2469
998 2468
998 2467
997 2466
996 2465
996 2464
995 2463
994 2462
994 2461
993 2460
993 2459
992 2458
991 2457
991 2456
990 2455
990 2454
989 2453
989 2452
988 2451
987 2450
987 2449
986 2448
985 2447
984 2446
984 2445
983 2444
982 2443
982 2442
981 2442
980 2441
979 2440
978 2439
978 2438
977 2437
976 2436
975 2435
974 2434
974 2433
973 2432
972 2431
972 2430
971 2429
970 2428
969 2427
968 2427
967 2426
967 2425
966 2424
965 2423
965 2422
964 2421
963 2420
963 2419
962 2419
961 2418
961 2417
960 2416
959 2415
958 2414
957 2413
957 2412
956 2411
956 2410
955 2409
955 2408
954 2407
954 2406
953 2405
953 2404
952 2403
952 2402
951 2401
950 2400
950 2399
949 2398
948 2397
948 2396
947 2395
946 2395
945 2394
945 2393
944 2393
943 2392
943 2391
942 2391
941 2390
940 2389
940 2388
939 2388
938 2387
937 2387
936 2386
936 2385
935 2385
934 2385
933 2385
932 2384
932 2383
931 2383
930 2383
929 2383
928 2382
928 2381
927 2381
926 2381
925 2381
924 2380
923 2380
922 2379
921 2379
920 2379
919 2379
918 2378
917 2378
916 2377
915 2377
914 2377
913 2377
912 2376
911 2376
910 2376
909 2376
908 2376
907 2376
906 2376
905 2376
904 2376
903 2376
902 2376
901 2376
900 2376
899 2376
898 2376
897 2376
896 2376
895 2376
894 2376
893 2376
892 2376
891 2376
890 2376
889 2376
888 2376
887 2376
886 2376
885 2376
884 2376
883 2376
882 2376
881 2376
880 2376
879 2376
878 2376
877 2376
876 2376
875 2376
874 2376
873 2376
872 2376
871 2376
870 2376
869 2376
868 2376
867 2376
866 2376
865 2376
864 2375
863 2375
862 2375
861 2375
860 2374
859 2374
858 2374
857 2374
856 2374
855 2374
854 2374
853 2374
852 2374
851 2374
850 2374
849 2374
848 2375
847 2375
846 2375
845 2375
844 2376
843 2376
842 2375
841 2375
840 2375
839 2375
838 2374
837 2374
836 2374
835 2374
834 2374
833 2374
832 2374
831 2374
830 2374
829 2374
828 2374
827 2374
826 2374
825 2374
824 2374
823 2374
822 2374
821 2374
820 2374
819 2374
818 2374
817 2374
816 2374
815 2374
814 2374
813 2374
812 2374
811 2374
810 2374
809 2374
808 2374
807 2374
806 2374
805 2374
804 2374
