905 767
904 768
903 768
902 768
901 768
900 768
899 768
898 768
897 768
896 768
895 768
894 768
893 768
892 768
891 768
890 768
889 768
888 768
887 769
886 769
885 769
884 769
883 770
882 770
881 770
880 770
879 770
878 770
877 770
876 770
875 770
874 770
873 770
872 770
871 770
870 770
869 770
868 770
867 770
866 770
865 770
864 770
863 770
862 770
861 770
860 770
859 770
858 770
857 770
856 770
855 770
854 770
853 770
852 770
851 771
850 771
849 772
848 772
847 772
846 772
845 773
844 774
843 774
842 774
841 774
840 774
839 775
838 775
837 774
836 774
835 774
834 774
833 773
832 773
831 773
830 773
829 772
828 772
827 772
826 772
825 772
824 772
823 773
822 773
821 773
820 773
819 774
818 774
817 774
816 775
815 775
814 776
813 777
812 778
811 778
810 779
809 780
808 781
807 781
806 782
805 783
804 784
803 784
802 785
801 786
800 787
799 787
798 788
797 789
796 790
795 790
794 791
793 791
792 792
791 793
790 794
789 794
788 795
787 795
786 796
785 796
784 797
783 798
782 798
781 799
780 799
780 800
779 801
778 801
777 802
776 803
775 803
774 804
773 805
772 806
771 806
770 807
769 807
769 808
768 809
767 809
767 810
766 811
765 811
764 812
763 813
763 814
762 815
761 815
761 816
760 817
759 817
759 818
758 819
758 820
757 821
756 822
756 823
755 824
754 825
754 826
753 827
752 828
751 829
751 830
750 831
750 832
749 833
748 834
748 835
747 836
747 837
746 838
745 838
745 839
744 840
743 841
742 842
741 843
740 843
740 844
739 845
738 845
737 845
736 845
736 846
735 847
734 848
733 848
733 849
732 850
731 851
731 852
730 853
729 854
728 855
728 856
727 857
727 858
727 859
726 860
726 861
725 862
725 863
725 864
724 865
724 866
723 867
722 868
721 869
720 870
719 871
719 872
718 873
717 874
717 875
717 876
717 877
716 878
715 878
715 879
715 880
714 881
714 882
713 883
712 884
711 885
711 886
710 887
709 887
708 888
708 889
707 890
706 891
706 892
705 893
704 894
703 895
703 896
702 897
702 898
701 899
700 900
700 901
699 902
698 903
697 904
697 905
696 906
695 906
695 907
694 908
693 909
693 910
692 911
692 912
691 913
691 914
690 915
689 916
688 917
688 918
687 919
687 920
686 921
685 922
685 923
685 924
684 925
683 926
683 927
682 928
681 928
681 929
680 930
680 931
679 932
679 933
678 934
677 935
677 936
676 937
675 937
675 938
674 939
673 939
672 940
672 941
671 942
670 943
670 944
669 945
669 946
668 947
667 948
667 949
667 950
667 951
666 952
665 952
665 953
664 954
663 955
663 956
662 957
662 958
661 959
661 960
660 961
660 962
659 963
659 964
658 965
657 966
657 967
657 968
657 969
656 970
655 970
655 971
654 972
653 973
653 974
652 975
652 976
651 977
651 978
650 979
649 980
648 981
648 982
647 983
646 984
645 985
645 986
644 987
643 988
642 989
641 990
641 991
641 992
641 993
640 994
639 995
639 996
639 997
638 998
637 999
637 1000
636 1001
636 1002
635 1003
635 1004
634 1005
633 1006
633 1007
633 1008
633 1009
632 1010
632 1011
631 1012
631 1013
630 1014
629 1015
629 1016
628 1017
628 1018
628 1019
627 1020
627 1021
627 1022
626 1023
625 1024
625 1025
625 1026
624 1027
623 1028
623 1029
622 1030
621 1031
621 1032
620 1033
620 1034
620 1035
619 1036
619 1037
619 1038
619 1039
618 1040
618 1041
618 1042
618 1043
617 1044
617 1045
617 1046
617 1047
616 1048
616 1049
616 1050
616 1051
616 1052
616 1053
616 1054
616 1055
616 1056
615 1057
615 1058
615 1059
614 1060
614 1061
613 1062
613 1063
613 1064
612 1065
612 1066
612 1067
611 1068
611 1069
611 1070
611 1071
610 1072
610 1073
609 1074
609 1075
608 1076
608 1077
607 1078
607 1079
606 1080
606 1081
606 1082
606 1083
606 1084
606 1085
606 1086
606 1087
606 1088
606 1089
605 1090
605 1091
605 1092
605 1093
604 1094
604 1095
604 1096
604 1097
604 1098
604 1099
604 1100
604 1101
604 1102
604 1103
604 1104
604 1105
604 1106
604 1107
604 1108
604 1109
604 1110
604 1111
604 1112
604 1113
604 1114
604 1115
604 1116
604 1117
604 1118
604 1119
603 1120
603 1121
603 1122
603 1123
602 1124
602 1125
602 1126
602 1127
602 1128
602 1129
602 1130
602 1131
602 1132
602 1133
602 1134
601 1135
601 1136
600 1137
600 1138
600 1139
600 1140
600 1141
600 1142
600 1143
600 1144
600 1145
600 1146
600 1147
600 1148
600 1149
600 1150
600 1151
600 1152
600 1153
599 1154
599 1155
599 1156
599 1157
598 1158
598 1159
598 1160
598 1161
597 1162
597 1163
597 1164
597 1165
596 1166
596 1167
596 1168
596 1169
596 1170
596 1171
596 1172
596 1173
596 1174
596 1175
596 1176
596 1177
596 1178
596 1179
596 1180
596 1181
596 1182
596 1183
596 1184
596 1185
596 1186
597 1187
597 1188
597 1189
597 1190
597 1191
597 1192
597 1193
597 1194
597 1195
597 1196
597 1197
598 1198
598 1199
598 1200
598 1201
598 1202
598 1203
597 1204
597 1205
597 1206
596 1207
595 1208
595 1209
596 1210
596 1211
595 1212
595 1213
596 1214
596 1215
596 1216
596 1217
596 1218
596 1219
596 1220
596 1221
596 1222
596 1223
597 1224
598 1225
598 1226
599 1227
600 1228
600 1229
601 1230
601 1231
601 1232
602 1233
602 1234
602 1235
602 1236
602 1237
602 1238
602 1239
602 1240
602 1241
602 1242
602 1243
602 1244
602 1245
602 1246
601 1247
601 1248
601 1249
600 1250
600 1251
600 1252
600 1253
600 1254
600 1255
600 1256
599 1257
599 1258
599 1259
598 1260
598 1261
598 1262
598 1263
597 1264
597 1265
597 1266
596 1267
595 1268
595 1269
595 1270
595 1271
594 1272
593 1272
593 1273
593 1274
592 1275
592 1276
591 1277
591 1278
590 1279
590 1280
589 1281
589 1282
589 1283
589 1284
589 1285
588 1286
588 1287
588 1288
587 1289
587 1290
587 1291
587 1292
587 1293
588 1294
588 1295
588 1296
588 1297
588 1298
588 1299
588 1300
588 1301
587 1302
587 1303
587 1304
587 1305
586 1306
586 1307
585 1308
585 1309
585 1310
584 1311
584 1312
583 1313
583 1314
583 1315
582 1316
582 1317
582 1318
582 1319
583 1320
583 1321
583 1322
583 1323
583 1324
583 1325
584 1326
584 1327
584 1328
584 1329
585 1330
585 1331
585 1332
584 1333
584 1334
583 1335
583 1336
583 1337
583 1338
583 1339
584 1340
584 1341
584 1342
584 1343
584 1344
585 1345
585 1346
585 1347
586 1348
587 1349
587 1350
587 1351
588 1352
588 1353
589 1354
589 1355
589 1356
589 1357
590 1358
590 1359
590 1360
591 1361
591 1362
591 1363
592 1364
592 1365
592 1366
592 1367
592 1368
592 1369
593 1370
593 1371
593 1372
593 1373
594 1374
594 1375
594 1376
594 1377
594 1378
594 1379
594 1380
594 1381
594 1382
594 1383
594 1384
594 1385
594 1386
594 1387
594 1388
594 1389
595 1390
595 1391
595 1392
595 1393
596 1394
596 1395
597 1395
598 1396
598 1397
599 1397
600 1398
601 1399
601 1400
601 1401
602 1402
602 1403
602 1404
602 1405
603 1406
603 1407
602 1408
602 1409
603 1410
602 1411
602 1412
601 1413
601 1414
601 1415
601 1416
601 1417
601 1418
601 1419
602 1420
602 1421
602 1422
602 1423
603 1424
603 1425
603 1426
603 1427
604 1428
604 1429
604 1430
604 1431
604 1432
604 1433
604 1434
604 1435
604 1436
604 1437
604 1438
604 1439
604 1440
604 1441
605 1442
605 1443
605 1444
605 1445
606 1446
606 1447
606 1448
607 1449
607 1450
608 1451
608 1452
609 1453
609 1454
610 1455
610 1456
611 1457
611 1458
611 1459
612 1460
612 1461
612 1462
613 1463
614 1464
615 1465
615 1466
616 1467
617 1468
617 1469
618 1470
619 1471
619 1472
619 1473
620 1474
620 1475
621 1476
621 1477
621 1478
621 1479
622 1479
623 1480
623 1481
623 1482
623 1483
624 1484
624 1485
625 1486
625 1487
625 1488
625 1489
626 1490
627 1491
628 1492
628 1493
629 1494
630 1495
631 1496
632 1497
632 1498
633 1499
634 1500
635 1501
635 1502
636 1502
637 1503
637 1504
638 1505
639 1506
640 1506
641 1507
642 1507
643 1508
644 1509
645 1509
646 1510
646 1511
647 1512
648 1512
649 1513
649 1514
650 1514
651 1515
652 1516
653 1517
654 1517
655 1518
656 1519
657 1520
658 1520
659 1521
659 1522
660 1522
661 1523
662 1524
663 1525
663 1526
664 1526
665 1527
665 1528
666 1529
667 1530
667 1531
668 1532
668 1533
669 1534
669 1535
669 1536
669 1537
670 1538
671 1539
671 1540
671 1541
672 1542
672 1543
672 1544
673 1545
673 1546
673 1547
674 1548
675 1549
675 1550
675 1551
676 1552
676 1553
677 1554
677 1555
677 1556
677 1557
678 1558
678 1559
678 1560
678 1561
679 1562
679 1563
679 1564
680 1565
680 1566
681 1567
681 1568
681 1569
682 1570
683 1571
684 1572
684 1573
685 1574
686 1575
687 1576
688 1577
688 1578
689 1579
690 1580
691 1581
691 1582
692 1582
693 1583
693 1584
694 1585
695 1586
696 1587
697 1587
698 1588
699 1589
699 1590
700 1590
701 1591
702 1592
702 1593
703 1594
704 1594
705 1595
706 1595
707 1596
708 1596
709 1596
710 1597
710 1598
711 1598
712 1599
713 1600
714 1600
715 1601
715 1602
716 1602
717 1603
718 1604
719 1605
719 1606
720 1606
721 1607
721 1608
722 1608
723 1609
724 1610
725 1610
726 1611
727 1611
728 1612
729 1612
730 1612
731 1612
732 1613
732 1614
733 1614
734 1615
735 1616
736 1616
737 1617
737 1618
738 1618
739 1618
740 1619
740 1620
741 1620
742 1620
743 1621
744 1621
745 1622
746 1622
747 1623
748 1624
749 1625
750 1625
751 1626
752 1626
753 1627
754 1627
755 1628
756 1629
757 1629
758 1630
758 1631
759 1632
760 1632
761 1633
761 1634
762 1634
763 1634
764 1635
764 1636
765 1636
766 1636
767 1637
768 1637
769 1638
770 1638
771 1639
772 1640
773 1641
774 1641
775 1642
776 1642
777 1643
778 1643
779 1643
780 1644
781 1644
782 1644
783 1644
784 1645
785 1645
786 1645
787 1645
788 1646
789 1646
790 1646
791 1646
792 1647
793 1647
794 1647
795 1647
796 1647
797 1647
798 1647
799 1647
800 1647
801 1647
802 1647
803 1647
804 1647
805 1647
806 1646
807 1646
808 1646
809 1646
810 1646
811 1646
812 1646
813 1646
814 1647
815 1647
816 1647
817 1647
818 1647
819 1647
820 1647
821 1647
822 1647
823 1648
824 1648
825 1648
826 1649
827 1649
828 1650
829 1650
830 1650
831 1650
832 1651
833 1651
834 1651
835 1651
836 1651
837 1651
838 1651
839 1651
840 1651
841 1651
842 1651
843 1651
844 1651
845 1651
846 1650
847 1650
848 1650
849 1650
850 1649
851 1649
852 1650
853 1650
854 1650
855 1650
856 1651
857 1651
858 1651
859 1651
860 1651
861 1651
862 1651
863 1651
864 1651
865 1651
866 1651
867 1651
868 1651
869 1651
870 1651
871 1651
872 1650
873 1650
874 1649
875 1648
876 1647
877 1647
878 1646
879 1646
880 1647
881 1647
882 1647
883 1647
884 1646
885 1646
886 1646
887 1646
888 1645
889 1645
890 1644
891 1644
892 1644
893 1644
894 1643
895 1643
896 1643
897 1642
898 1642
899 1641
900 1640
901 1640
902 1639
903 1639
904 1639
905 1639
906 1639
907 1639
908 1639
909 1639
910 1639
911 1639
912 1639
913 1638
914 1637
915 1637
916 1636
917 1636
918 1635
919 1635
920 1635
921 1634
922 1634
923 1634
924 1633
925 1633
926 1633
927 1633
928 1633
929 1632
930 1632
931 1631
932 1631
933 1631
934 1631
935 1631
936 1631
937 1631
938 1630
939 1630
940 1630
941 1630
942 1629
943 1629
944 1629
945 1629
946 1629
947 1629
948 1629
949 1629
950 1628
951 1628
952 1628
953 1628
954 1627
955 1627
956 1626
957 1626
958 1626
959 1626
959 1625
960 1624
961 1624
962 1624
963 1624
964 1623
965 1622
966 1622
967 1621
968 1621
969 1620
970 1620
971 1619
972 1619
973 1619
974 1619
975 1619
976 1618
977 1618
978 1618
979 1617
980 1617
981 1616
982 1615
983 1614
984 1614
985 1613
986 1613
987 1612
988 1611
989 1611
990 1610
990 1609
991 1608
992 1608
992 1607
993 1606
994 1605
995 1604
996 1603
996 1602
996 1601
996 1600
997 1599
998 1599
998 1598
998 1597
998 1596
999 1595
999 1594
1000 1593
1000 1592
1001 1591
1002 1590
1002 1589
1003 1588
1003 1587
1004 1586
1004 1585
1005 1584
1005 1583
1006 1582
1006 1581
1007 1580
1008 1579
1008 1578
1008 1577
1008 1576
1009 1575
1010 1574
1010 1573
1010 1572
1011 1571
1012 1570
1012 1569
1013 1568
1013 1567
1013 1566
1014 1565
1014 1564
1014 1563
1015 1562
1016 1561
1016 1560
1016 1559
1017 1558
1017 1557
1018 1556
1018 1555
1019 1554
1019 1553
1020 1552
1020 1551
1021 1550
1022 1549
1022 1548
1022 1547
1022 1546
1023 1545
1024 1545
1024 1544
1025 1543
1026 1542
1027 1541
1028 1540
1028 1539
1029 1538
1029 1537
1030 1536
1030 1535
1031 1534
1032 1533
1032 1532
1033 1531
1033 1530
1034 1529
1034 1528
1034 1527
1034 1526
1035 1525
1035 1524
1035 1523
1035 1522
1035 1521
1035 1520
1036 1519
1036 1518
1036 1517
1036 1516
1037 1515
1037 1514
1038 1513
1038 1512
1038 1511
1038 1510
1039 1509
1039 1508
1039 1507
1039 1506
1040 1505
1040 1504
1040 1503
1041 1502
1041 1501
1041 1500
1041 1499
1041 1498
1041 1497
1041 1496
1042 1495
1042 1494
1042 1493
1042 1492
1043 1491
1043 1490
1043 1489
1043 1488
1043 1487
1043 1486
1043 1485
1043 1484
1044 1483
1044 1482
1044 1481
1045 1480
1045 1479
1045 1478
1046 1477
1046 1476
1046 1475
1046 1474
1047 1473
1047 1472
1047 1471
1047 1470
1047 1469
1047 1468
1047 1467
1047 1466
1047 1465
1048 1464
1048 1463
1049 1462
1049 1461
1049 1460
1049 1459
1049 1458
1049 1457
1049 1456
1049 1455
1049 1454
1050 1453
1050 1452
1050 1451
1050 1450
1051 1449
1051 1448
1051 1447
1051 1446
1051 1445
1051 1444
1052 1443
1052 1442
1052 1441
1053 1440
1053 1439
1053 1438
1054 1437
1054 1436
1054 1435
1054 1434
1055 1433
1055 1432
1055 1431
1055 1430
1055 1429
1055 1428
1055 1427
1055 1426
1055 1425
1056 1424
1056 1423
1057 1422
1057 1421
1057 1420
1057 1419
1057 1418
1057 1417
1057 1416
1058 1415
1058 1414
1058 1413
1058 1412
1059 1411
1059 1410
1059 1409
1059 1408
1059 1407
1059 1406
1059 1405
1059 1404
1059 1403
1059 1402
1059 1401
1059 1400
1060 1399
1060 1398
1060 1397
1060 1396
1061 1395
1061 1394
1061 1393
1061 1392
1061 1391
1061 1390
1062 1389
1062 1388
1062 1387
1062 1386
1063 1385
1063 1384
1063 1383
1063 1382
1063 1381
1063 1380
1063 1379
1063 1378
1063 1377
1064 1376
1064 1375
1065 1374
1065 1373
1065 1372
1065 1371
1065 1370
1065 1369
1065 1368
1065 1367
1065 1366
1065 1365
1065 1364
1065 1363
1065 1362
1065 1361
1065 1360
1065 1359
1065 1358
1066 1357
1066 1356
1066 1355
1066 1354
1067 1353
1067 1352
1067 1351
1067 1350
1067 1349
1067 1348
1067 1347
1067 1346
1067 1345
1068 1344
1068 1343
1068 1342
1069 1341
1069 1340
1069 1339
1069 1338
1069 1337
1069 1336
1070 1335
1070 1334
1070 1333
1070 1332
1071 1331
1071 1330
1071 1329
1071 1328
1071 1327
1071 1326
1072 1325
1072 1324
1072 1323
1072 1322
1073 1321
1073 1320
1073 1319
1073 1318
1074 1317
1074 1316
1074 1315
1074 1314
1075 1313
1075 1312
1075 1311
1075 1310
1075 1309
1075 1308
1076 1307
1076 1306
1076 1305
1077 1304
1077 1303
1077 1302
1077 1301
1077 1300
1077 1299
1077 1298
1077 1297
1077 1296
1078 1295
1078 1294
1078 1293
1078 1292
1079 1291
1079 1290
1079 1289
1079 1288
1079 1287
1079 1286
1080 1285
1080 1284
1080 1283
1080 1282
1081 1281
1081 1280
1081 1279
1081 1278
1081 1277
1081 1276
1081 1275
1081 1274
1081 1273
1082 1272
1082 1271
1082 1270
1083 1269
1083 1268
1083 1267
1083 1266
1083 1265
1083 1264
1083 1263
1083 1262
1083 1261
1083 1260
1083 1259
1083 1258
1083 1257
1083 1256
1084 1255
1084 1254
1084 1253
1084 1252
1085 1251
1085 1250
1085 1249
1085 1248
1086 1247
1086 1246
1086 1245
1086 1244
1087 1243
1087 1242
1087 1241
1087 1240
1087 1239
1087 1238
1087 1237
1087 1236
1087 1235
1088 1234
1088 1233
1089 1232
1089 1231
1089 1230
1089 1229
1089 1228
1089 1227
1089 1226
1089 1225
1089 1224
1089 1223
1089 1222
1089 1221
1089 1220
1089 1219
1089 1218
1089 1217
1089 1216
1089 1215
1089 1214
1089 1213
1089 1212
1090 1211
1090 1210
1090 1209
1090 1208
1091 1207
1091 1206
1091 1205
1091 1204
1091 1203
1091 1202
1091 1201
1091 1200
1091 1199
1091 1198
1091 1197
1091 1196
1091 1195
1091 1194
1091 1193
1091 1192
1091 1191
1091 1190
1091 1189
1091 1188
1091 1187
1091 1186
1091 1185
1091 1184
1091 1183
1091 1182
1091 1181
1091 1180
1091 1179
1091 1178
1091 1177
1091 1176
1091 1175
1091 1174
1092 1173
1092 1172
1092 1171
1092 1170
1093 1169
1093 1168
1093 1167
1093 1166
1093 1165
1093 1164
1093 1163
1093 1162
1093 1161
1092 1160
1092 1159
1092 1158
1091 1157
1091 1156
1091 1155
1091 1154
1091 1153
1091 1152
1091 1151
1091 1150
1091 1149
1091 1148
1091 1147
1091 1146
1091 1145
1091 1144
1091 1143
1091 1142
1091 1141
1091 1140
1091 1139
1091 1138
1091 1137
1091 1136
1091 1135
1091 1134
1091 1133
1091 1132
1091 1131
1091 1130
1091 1129
1091 1128
1091 1127
1091 1126
1091 1125
1091 1124
1091 1123
1091 1122
1091 1121
1091 1120
1091 1119
1091 1118
1092 1117
1092 1116
1092 1115
1092 1114
1093 1113
1093 1112
1093 1111
1093 1110
1093 1109
1093 1108
1093 1107
1093 1106
1093 1105
1093 1104
1093 1103
1093 1102
1093 1101
1093 1100
1093 1099
1093 1098
1093 1097
1093 1096
1093 1095
1093 1094
1093 1093
1093 1092
1093 1091
1093 1090
1093 1089
1093 1088
1093 1087
1093 1086
1093 1085
1093 1084
1093 1083
1093 1082
1093 1081
1093 1080
1093 1079
1093 1078
1093 1077
1093 1076
1093 1075
1093 1074
1093 1073
1092 1072
1092 1071
1092 1070
1091 1069
1091 1068
1091 1067
1091 1066
1091 1065
1091 1064
1090 1063
1090 1062
1090 1061
1090 1060
1089 1059
1089 1058
1089 1057
1089 1056
1088 1055
1088 1054
1088 1053
1087 1052
1087 1051
1086 1050
1086 1049
1086 1048
1085 1047
1085 1046
1084 1045
1084 1044
1084 1043
1084 1042
1083 1041
1083 1040
1083 1039
1083 1038
1082 1037
1082 1036
1082 1035
1082 1034
1081 1033
1081 1032
1081 1031
1081 1030
1080 1029
1080 1028
1080 1027
1080 1026
1079 1025
1079 1024
1079 1023
1079 1022
1078 1021
1078 1020
1078 1019
1078 1018
1077 1017
1077 1016
1076 1015
1076 1014
1076 1013
1076 1012
1075 1011
1075 1010
1075 1009
1075 1008
1075 1007
1075 1006
1074 1005
1074 1004
1074 1003
1073 1002
1072 1001
1072 1000
1072 999
1072 998
1071 997
1071 996
1070 995
1070 994
1070 993
1070 992
1069 991
1069 990
1068 989
1068 988
1068 987
1068 986
1067 985
1067 984
1067 983
1067 982
1066 981
1066 980
1066 979
1066 978
1065 977
1065 976
1065 975
1065 974
1065 973
1065 972
1065 971
1065 970
1065 969
1064 968
1064 967
1064 966
1063 965
1063 964
1062 963
1062 962
1062 961
1062 960
1061 959
1061 958
1060 957
1060 956
1060 955
1060 954
1059 953
1059 952
1059 951
1059 950
1059 949
1059 948
1058 947
1058 946
1058 945
1058 944
1057 943
1057 942
1056 941
1056 940
1056 939
1056 938
1055 937
1055 936
1055 935
1055 934
1054 933
1054 932
1054 931
1054 930
1053 929
1053 928
1053 927
1053 926
1052 925
1052 924
1052 923
1052 922
1051 921
1051 920
1050 919
1050 918
1050 917
1050 916
1049 915
1049 914
1048 913
1048 912
1048 911
1048 910
1047 909
1047 908
1046 907
1046 906
1046 905
1046 904
1045 903
1044 902
1044 901
1044 900
1043 899
1043 898
1042 897
1042 896
1042 895
1041 894
1041 893
1040 892
1040 891
1040 890
1039 889
1039 888
1038 887
1038 886
1038 885
1038 884
1037 883
1036 882
1036 881
1035 880
1035 879
1035 878
1034 877
1034 876
1034 875
1034 874
1033 873
1033 872
1032 871
1032 870
1032 869
1031 868
1031 867
1030 866
1030 865
1030 864
1029 863
1028 862
1028 861
1028 860
1027 859
1026 858
1026 857
1025 856
1025 855
1024 854
1024 853
1023 852
1023 851
1022 850
1022 849
1021 849
1020 848
1020 847
1019 846
1018 845
1018 844
1018 843
1018 842
1017 842
1016 841
1016 840
1016 839
1016 838
1015 838
1014 837
1014 836
1013 835
1013 834
1012 833
1011 832
1011 831
1010 830
1010 829
1009 828
1009 827
1008 826
1008 825
1008 824
1007 823
1007 822
1006 821
1006 820
1006 819
1006 818
1005 818
1004 817
1004 816
1004 815
1003 814
1003 813
1003 812
1003 811
1003 810
1002 809
1002 808
1002 807
1002 806
1001 805
1001 804
1000 803
1000 802
1000 801
1000 800
999 799
999 798
999 797
999 796
999 795
999 794
998 794
997 794
996 794
995 794
994 794
993 794
992 794
991 793
990 793
989 792
988 792
987 791
986 791
985 790
984 790
983 789
982 789
981 789
980 789
979 788
978 788
977 788
976 788
975 787
974 787
973 787
972 787
971 786
970 786
969 786
968 786
967 785
966 785
965 785
964 784
963 784
962 783
961 783
960 782
959 782
958 782
957 782
956 782
955 781
954 781
953 780
952 780
951 779
950 779
949 778
948 778
947 777
946 777
945 777
944 777
943 776
943 775
942 775
941 775
940 775
939 774
938 773
937 773
936 772
935 771
934 770
933 769
932 769
931 769
930 769
929 769
928 770
927 770
926 770
925 770
924 770
923 770
922 770
921 770
920 770
919 770
918 770
917 769
916 769
915 769
914 769
913 768
912 768
911 767
910 767
909 767
908 767
907 767
906 767
905 767
