1139 1772
1138 1773
1137 1773
1136 1774
1135 1775
1134 1776
1133 1776
1132 1777
1131 1777
1130 1777
1129 1777
1128 1777
1127 1777
1126 1777
1125 1777
1124 1777
1123 1777
1122 1777
1121 1777
1120 1777
1119 1777
1118 1777
1117 1777
1116 1777
1115 1777
1114 1777
1113 1777
1112 1777
1111 1777
1110 1777
1109 1777
1108 1777
1107 1777
1106 1777
1105 1777
1104 1777
1103 1777
1102 1777
1101 1777
1100 1777
1099 1778
1098 1778
1097 1778
1096 1779
1095 1779
1094 1780
1093 1780
1092 1781
1091 1781
1090 1782
1089 1782
1089 1783
1088 1784
1087 1784
1086 1785
1085 1786
1084 1787
1083 1787
1083 1788
1082 1789
1081 1790
1080 1790
1079 1791
1078 1792
1077 1792
1076 1793
1075 1793
1074 1793
1073 1793
1072 1793
1071 1793
1070 1793
1069 1794
1068 1795
1067 1795
1067 1796
1066 1797
1065 1798
1064 1798
1063 1799
1062 1800
1062 1801
1061 1802
1060 1803
1059 1803
1059 1804
1058 1805
1057 1806
1056 1806
1055 1807
1054 1808
1054 1809
1053 1810
1052 1811
1051 1811
1051 1812
1050 1813
1049 1814
1048 1814
1047 1815
1046 1816
1046 1817
1045 1818
1044 1819
1043 1819
1043 1820
1042 1821
1041 1822
1040 1822
1039 1823
1038 1824
1038 1825
1037 1826
1036 1827
1035 1827
1035 1828
1034 1829
1033 1830
1032 1830
1031 1831
1030 1832
1029 1833
1029 1834
1028 1835
1028 1836
1027 1837
1027 1838
1026 1839
1026 1840
1025 1841
1024 1842
1023 1842
1022 1843
1021 1843
1020 1843
1019 1843
1018 1843
1017 1843
1016 1844
1015 1844
1014 1844
1013 1844
1012 1845
1011 1845
1010 1846
1009 1846
1008 1847
1007 1847
1006 1848
1005 1848
1004 1849
1003 1849
1002 1849
1001 1849
1000 1850
999 1850
998 1850
997 1850
996 1851
995 1852
994 1853
993 1854
992 1854
991 1855
990 1856
989 1856
988 1857
987 1857
986 1857
985 1857
984 1857
983 1857
982 1857
981 1858
980 1859
979 1859
979 1860
978 1861
977 1862
976 1862
975 1863
974 1864
974 1865
973 1866
972 1867
972 1868
971 1869
971 1870
971 1871
971 1872
971 1873
971 1874
971 1875
971 1876
971 1877
971 1878
971 1879
971 1880
971 1881
971 1882
971 1883
971 1884
971 1885
971 1886
971 1887
971 1888
971 1889
971 1890
971 1891
971 1892
971 1893
971 1894
971 1895
971 1896
971 1897
971 1898
971 1899
971 1900
971 1901
971 1902
971 1903
971 1904
971 1905
971 1906
971 1907
971 1908
971 1909
971 1910
971 1911
971 1912
971 1913
971 1914
970 1915
970 1916
969 1917
969 1918
968 1919
968 1920
967 1921
967 1922
967 1923
967 1924
967 1925
967 1926
967 1927
967 1928
967 1929
967 1930
967 1931
967 1932
967 1933
967 1934
967 1935
967 1936
967 1937
967 1938
967 1939
967 1940
967 1941
967 1942
967 1943
967 1944
967 1945
967 1946
967 1947
967 1948
967 1949
967 1950
966 1951
966 1952
965 1953
965 1954
964 1955
964 1956
963 1957
963 1958
963 1959
963 1960
963 1961
963 1962
962 1963
962 1964
961 1965
961 1966
960 1967
959 1967
959 1968
958 1969
957 1970
957 1971
956 1972
956 1973
956 1974
955 1975
955 1976
955 1977
955 1978
955 1979
955 1980
955 1981
955 1982
955 1983
955 1984
955 1985
955 1986
955 1987
955 1988
955 1989
955 1990
955 1991
955 1992
955 1993
955 1994
955 1995
955 1996
955 1997
955 1998
955 1999
955 2000
955 2001
955 2002
955 2003
955 2004
955 2005
955 2006
955 2007
956 2008
956 2009
957 2010
957 2011
958 2012
959 2013
959 2014
960 2014
961 2015
961 2016
962 2017
962 2018
963 2019
963 2020
963 2021
963 2022
963 2023
963 2024
963 2025
963 2026
963 2027
963 2028
963 2029
963 2030
963 2031
963 2032
963 2033
963 2034
963 2035
963 2036
963 2037
963 2038
963 2039
963 2040
963 2041
963 2042
963 2043
963 2044
963 2045
963 2046
963 2047
963 2048
963 2049
963 2050
963 2051
963 2052
963 2053
963 2054
963 2055
963 2056
963 2057
963 2058
963 2059
963 2060
963 2061
963 2062
963 2063
963 2064
963 2065
963 2066
963 2067
963 2068
963 2069
963 2070
963 2071
963 2072
963 2073
963 2074
963 2075
963 2076
963 2077
963 2078
963 2079
963 2080
963 2081
963 2082
963 2083
963 2084
963 2085
963 2086
963 2087
963 2088
963 2089
963 2090
963 2091
963 2092
963 2093
963 2094
963 2095
963 2096
963 2097
963 2098
963 2099
963 2100
963 2101
963 2102
963 2103
963 2104
963 2105
963 2106
963 2107
963 2108
963 2109
963 2110
963 2111
963 2112
963 2113
963 2114
963 2115
963 2116
963 2117
963 2118
963 2119
963 2120
963 2121
963 2122
963 2123
963 2124
963 2125
963 2126
963 2127
963 2128
963 2129
963 2130
963 2131
963 2132
963 2133
963 2134
963 2135
963 2136
963 2137
963 2138
963 2139
963 2140
963 2141
963 2142
963 2143
963 2144
963 2145
963 2146
963 2147
963 2148
963 2149
963 2150
963 2151
963 2152
963 2153
963 2154
963 2155
963 2156
963 2157
963 2158
963 2159
963 2160
963 2161
963 2162
964 2163
964 2164
964 2165
964 2166
965 2167
966 2168
966 2169
966 2170
967 2171
967 2172
968 2173
968 2174
969 2175
969 2176
970 2177
970 2178
971 2179
971 2180
972 2181
972 2182
972 2183
972 2184
973 2185
973 2186
974 2187
974 2188
974 2189
974 2190
975 2191
975 2192
976 2193
976 2194
976 2195
977 2196
977 2197
978 2198
978 2199
978 2200
979 2200
980 2201
980 2202
981 2203
982 2204
982 2205
983 2205
984 2205
985 2206
986 2206
987 2206
988 2206
989 2205
990 2205
991 2205
992 2205
993 2204
994 2204
995 2204
996 2204
997 2203
998 2203
999 2203
1000 2203
1001 2202
1002 2202
1003 2201
1004 2201
1005 2200
1006 2200
1007 2199
1008 2199
1009 2198
1010 2198
1011 2197
1012 2197
1013 2196
1014 2195
1015 2195
1016 2194
1017 2193
1018 2193
1019 2192
1020 2192
1021 2192
1022 2192
1023 2192
1024 2192
1025 2192
1026 2192
1027 2192
1028 2192
1029 2192
1030 2192
1031 2192
1032 2192
1033 2192
1034 2192
1035 2192
1036 2192
1037 2192
1038 2192
1039 2192
1040 2192
1041 2192
1042 2192
1043 2192
1044 2192
1045 2192
1046 2192
1047 2191
1048 2191
1049 2191
1050 2190
1051 2190
1052 2190
1053 2190
1054 2190
1055 2190
1056 2190
1057 2191
1058 2191
1059 2191
1060 2192
1061 2192
1062 2192
1063 2192
1064 2192
1065 2192
1066 2192
1067 2192
1068 2192
1069 2192
1070 2192
1071 2192
1072 2192
1073 2193
1074 2193
1075 2193
1076 2193
1077 2194
1078 2194
1079 2195
1080 2195
1081 2196
1082 2196
1083 2197
1083 2198
1084 2199
1084 2200
1085 2201
1086 2202
1087 2203
1087 2204
1088 2205
1089 2206
1090 2206
1091 2207
1092 2208
1093 2208
1094 2209
1095 2210
1096 2210
1097 2211
1098 2212
1099 2213
1099 2214
1100 2214
1101 2215
1102 2216
1102 2217
1103 2218
1104 2219
1105 2220
1106 2220
1107 2221
1108 2222
1109 2223
1110 2224
1111 2224
1112 2225
1113 2226
1114 2227
1115 2228
1115 2229
1116 2230
1117 2231
1117 2232
1118 2233
1119 2234
1119 2235
1120 2236
1120 2237
1120 2238
1121 2239
1122 2240
1123 2241
1123 2242
1124 2243
1124 2244
1125 2245
1126 2246
1126 2247
1126 2248
1127 2248
1128 2249
1128 2250
1128 2251
1128 2252
1129 2253
1129 2254
1129 2255
1129 2256
1130 2256
1131 2256
1132 2256
1133 2256
1134 2256
1135 2256
1136 2256
1137 2256
1138 2256
1139 2257
1140 2257
1141 2257
1142 2258
1143 2259
1144 2259
1145 2259
1146 2260
1147 2261
1148 2261
1149 2261
1150 2261
1151 2262
1152 2263
1153 2263
1154 2263
1155 2264
1156 2264
1157 2265
1158 2265
1159 2265
1160 2265
1161 2266
1161 2267
1162 2267
1163 2267
1164 2268
1165 2269
1166 2269
1167 2270
1168 2270
1169 2271
1170 2272
1171 2272
1172 2273
1173 2274
1174 2275
1175 2276
1176 2277
1177 2278
1178 2278
1179 2279
1180 2280
1181 2280
1182 2281
1183 2281
1184 2282
1185 2283
1186 2283
1187 2283
1188 2283
1189 2284
1190 2284
1191 2284
1192 2284
1193 2284
1194 2284
1195 2284
1196 2284
1197 2284
1198 2284
1199 2284
1200 2284
1201 2284
1202 2284
1203 2284
1204 2284
1205 2285
1206 2285
1207 2285
1208 2285
1209 2286
1210 2286
1211 2286
1212 2286
1213 2286
1214 2286
1215 2286
1216 2287
1217 2287
1218 2287
1219 2288
1220 2288
1221 2288
1222 2288
1223 2288
1224 2288
1225 2288
1226 2288
1227 2288
1228 2288
1229 2288
1230 2288
1231 2288
1232 2288
1233 2289
1234 2289
1235 2289
1236 2289
1237 2290
1238 2290
1239 2290
1240 2290
1241 2289
1242 2289
1243 2289
1244 2289
1245 2288
1246 2288
1247 2288
1248 2288
1249 2288
1250 2288
1251 2288
1252 2288
1253 2288
1254 2288
1255 2288
1256 2288
1257 2288
1258 2288
1259 2288
1260 2288
1261 2288
1262 2288
1263 2287
1264 2287
1265 2287
1266 2286
1267 2286
1268 2286
1269 2286
1270 2286
1271 2286
1272 2286
1273 2286
1274 2286
1275 2286
1276 2286
1277 2286
1278 2286
1279 2286
1280 2286
1281 2286
1282 2286
1283 2286
1284 2286
1285 2286
1286 2286
1287 2286
1288 2285
1289 2285
1290 2285
1291 2284
1292 2284
1293 2283
1294 2283
1295 2283
1296 2283
1297 2282
1298 2281
1299 2281
1300 2281
1301 2280
1302 2280
1303 2280
1304 2280
1305 2280
1306 2280
1307 2280
1308 2280
1309 2280
1310 2280
1311 2280
1312 2280
1313 2280
1314 2280
1315 2280
1316 2280
1317 2280
1318 2280
1319 2279
1320 2279
1321 2278
1322 2278
1322 2277
1323 2276
1324 2275
1325 2274
1326 2274
1326 2273
1327 2272
1328 2272
1328 2271
1329 2270
1330 2270
1331 2269
1332 2268
1333 2267
1334 2267
1335 2266
1336 2265
1337 2265
1338 2265
1339 2264
1340 2264
1341 2264
1342 2263
1343 2262
1344 2262
1345 2261
1346 2261
1347 2260
1348 2259
1349 2258
1350 2258
1350 2257
1351 2256
1352 2255
1352 2254
1353 2253
1354 2252
1355 2251
1356 2250
1357 2249
1357 2248
1357 2247
1357 2246
1357 2245
1358 2244
1358 2243
1358 2242
1358 2241
1359 2240
1360 2240
1360 2239
1361 2238
1362 2237
1362 2236
1362 2235
1362 2234
1362 2233
1362 2232
1362 2231
1362 2230
1362 2229
1362 2228
1362 2227
1362 2226
1361 2225
1361 2224
1361 2223
1360 2222
1360 2221
1360 2220
1360 2219
1360 2218
1360 2217
1360 2216
1360 2215
1360 2214
1360 2213
1360 2212
1360 2211
1360 2210
1360 2209
1360 2208
1360 2207
1360 2206
1360 2205
1360 2204
1360 2203
1360 2202
1360 2201
1360 2200
1360 2199
1360 2198
1360 2197
1360 2196
1359 2195
1359 2194
1359 2193
1358 2192
1358 2191
1358 2190
1358 2189
1358 2188
1358 2187
1357 2186
1357 2185
1357 2184
1357 2183
1356 2182
1356 2181
1356 2180
1356 2179
1356 2178
1356 2177
1355 2176
1355 2175
1355 2174
1355 2173
1354 2172
1354 2171
1354 2170
1354 2169
1354 2168
1354 2167
1354 2166
1354 2165
1354 2164
1353 2163
1353 2162
1353 2161
1352 2160
1352 2159
1352 2158
1352 2157
1352 2156
1352 2155
1352 2154
1352 2153
1352 2152
1352 2151
1351 2150
1351 2149
1351 2148
1351 2147
1350 2146
1350 2145
1350 2144
1350 2143
1350 2142
1350 2141
1350 2140
1350 2139
1350 2138
1350 2137
1350 2136
1350 2135
1350 2134
1350 2133
1350 2132
1350 2131
1350 2130
1350 2129
1350 2128
1350 2127
1350 2126
1350 2125
1350 2124
1350 2123
1350 2122
1350 2121
1350 2120
1350 2119
1350 2118
1350 2117
1350 2116
1350 2115
1350 2114
1350 2113
1350 2112
1350 2111
1351 2110
1351 2109
1351 2108
1351 2107
1352 2106
1352 2105
1353 2104
1353 2103
1353 2102
1354 2101
1354 2100
1354 2099
1354 2098
1354 2097
1354 2096
1354 2095
1354 2094
1354 2093
1354 2092
1354 2091
1354 2090
1354 2089
1354 2088
1354 2087
1354 2086
1354 2085
1354 2084
1354 2083
1354 2082
1354 2081
1354 2080
1354 2079
1354 2078
1354 2077
1354 2076
1354 2075
1354 2074
1354 2073
1353 2072
1353 2071
1353 2070
1353 2069
1352 2068
1352 2067
1352 2066
1352 2065
1352 2064
1352 2063
1352 2062
1352 2061
1352 2060
1352 2059
1352 2058
1352 2057
1352 2056
1352 2055
1352 2054
1352 2053
1352 2052
1352 2051
1351 2050
1351 2049
1351 2048
1350 2047
1350 2046
1350 2045
1350 2044
1350 2043
1350 2042
1350 2041
1350 2040
1350 2039
1350 2038
1350 2037
1349 2036
1349 2035
1349 2034
1349 2033
1348 2032
1348 2031
1348 2030
1348 2029
1348 2028
1348 2027
1348 2026
1347 2025
1347 2024
1347 2023
1346 2022
1346 2021
1345 2020
1345 2019
1345 2018
1345 2017
1344 2017
1343 2016
1343 2015
1343 2014
1343 2013
1342 2012
1342 2011
1341 2010
1341 2009
1341 2008
1341 2007
1340 2006
1340 2005
1340 2004
1340 2003
1340 2002
1340 2001
1340 2000
1340 1999
1339 1998
1339 1997
1338 1996
1338 1995
1337 1994
1337 1993
1336 1992
1336 1991
1335 1990
1335 1989
1335 1988
1335 1987
1334 1986
1334 1985
1333 1984
1333 1983
1333 1982
1333 1981
1332 1981
1331 1980
1331 1979
1331 1978
1331 1977
1330 1976
1330 1975
1330 1974
1330 1973
1329 1972
1329 1971
1329 1970
1329 1969
1328 1969
1327 1968
1327 1967
1327 1966
1327 1965
1326 1964
1325 1963
1325 1962
1325 1961
1324 1960
1324 1959
1323 1958
1323 1957
1323 1956
1323 1955
1322 1954
1321 1953
1321 1952
1320 1951
1320 1950
1319 1949
1319 1948
1318 1947
1318 1946
1317 1945
1316 1944
1316 1943
1315 1942
1315 1941
1314 1940
1313 1939
1312 1938
1312 1937
1311 1936
1311 1935
1310 1935
1309 1934
1308 1933
1308 1932
1307 1932
1306 1931
1305 1931
1304 1930
1304 1929
1303 1929
1302 1928
1302 1927
1301 1926
1300 1926
1299 1925
1298 1924
1298 1923
1297 1922
1297 1921
1296 1920
1296 1919
1295 1918
1295 1917
1295 1916
1295 1915
1294 1914
1294 1913
1294 1912
1294 1911
1293 1910
1293 1909
1293 1908
1293 1907
1292 1906
1292 1905
1291 1904
1291 1903
1290 1902
1290 1901
1289 1900
1289 1899
1288 1898
1288 1897
1287 1896
1287 1895
1287 1894
1287 1893
1286 1892
1285 1891
1285 1890
1285 1889
1284 1889
1283 1888
1283 1887
1282 1886
1282 1885
1281 1884
1280 1883
1279 1882
1279 1881
1278 1881
1277 1880
1277 1879
1277 1878
1277 1877
1276 1876
1276 1875
1276 1874
1276 1873
1275 1872
1275 1871
1275 1870
1274 1869
1274 1868
1273 1867
1272 1866
1271 1865
1270 1864
1269 1864
1268 1863
1267 1862
1267 1861
1266 1860
1265 1859
1264 1858
1264 1857
1263 1856
1262 1855
1261 1854
1261 1853
1260 1852
1260 1851
1260 1850
1260 1849
1259 1848
1259 1847
1258 1846
1258 1845
1257 1844
1256 1843
1255 1843
1254 1842
1253 1841
1252 1841
1251 1840
1250 1839
1249 1839
1248 1838
1248 1837
1247 1837
1246 1836
1245 1835
1244 1834
1243 1833
1242 1833
1241 1832
1240 1831
1239 1831
1238 1830
1238 1829
1237 1828
1236 1827
1235 1827
1234 1826
1234 1825
1233 1825
1232 1824
1231 1823
1230 1823
1229 1822
1228 1821
1227 1821
1226 1820
1226 1819
1225 1819
1224 1818
1223 1817
1222 1817
1221 1816
1220 1815
1219 1815
1218 1814
1217 1813
1216 1812
1215 1812
1214 1811
1213 1811
1212 1810
1211 1809
1211 1808
1210 1807
1209 1806
1208 1805
1207 1804
1207 1803
1206 1802
1206 1801
1206 1800
1206 1799
1205 1798
1205 1797
1205 1796
1204 1795
1204 1794
1203 1793
1202 1792
1202 1791
1201 1790
1200 1789
1199 1789
1198 1788
1198 1787
1197 1786
1197 1785
1196 1785
1195 1784
1194 1783
1193 1783
1192 1783
1191 1783
1190 1783
1189 1783
1188 1782
1187 1782
1186 1782
1185 1782
1184 1781
1183 1781
1182 1780
1181 1780
1180 1780
1179 1780
1178 1779
1177 1779
1176 1779
1175 1779
1174 1779
1173 1779
1172 1778
1171 1778
1170 1778
1169 1778
1168 1777
1168 1776
1167 1776
1166 1776
1165 1776
1164 1775
1163 1775
1162 1774
1161 1774
1160 1774
1159 1773
1158 1773
1157 1773
1156 1773
1155 1773
1154 1773
1153 1773
1152 1773
1151 1773
1150 1773
1149 1773
1148 1773
1147 1773
1146 1773
1145 1773
1144 1772
1143 1772
1142 1772
1141 1772
1140 1772
1139 1772
