201 2346
200 2347
199 2347
198 2347
197 2348
196 2348
195 2349
194 2349
193 2349
192 2349
191 2350
190 2350
189 2350
188 2350
187 2351
186 2351
185 2351
184 2352
183 2352
182 2352
181 2352
180 2352
179 2352
178 2352
177 2352
176 2352
175 2353
174 2353
173 2353
172 2353
171 2354
170 2354
169 2354
168 2354
167 2355
166 2355
165 2355
164 2355
163 2356
162 2356
161 2356
160 2357
159 2357
158 2358
157 2358
156 2359
155 2359
154 2360
153 2361
152 2362
151 2362
150 2363
149 2364
148 2364
147 2365
146 2365
145 2366
144 2366
143 2367
142 2367
141 2368
140 2368
139 2369
138 2370
137 2370
136 2371
135 2371
134 2371
134 2372
133 2373
132 2373
131 2373
130 2373
129 2374
128 2375
127 2375
126 2376
125 2376
124 2377
123 2378
122 2379
121 2379
120 2380
119 2380
118 2381
117 2381
116 2382
115 2383
114 2383
114 2384
113 2385
112 2385
111 2386
110 2387
109 2388
108 2389
107 2390
106 2391
105 2391
104 2392
103 2392
102 2393
101 2394
100 2395
100 2396
99 2397
99 2398
98 2399
97 2400
97 2401
97 2402
96 2403
96 2404
95 2405
95 2406
94 2407
94 2408
93 2409
93 2410
93 2411
92 2412
92 2413
91 2414
91 2415
91 2416
90 2417
90 2418
89 2419
89 2420
88 2421
88 2422
87 2423
87 2424
87 2425
86 2426
86 2427
85 2428
85 2429
85 2430
84 2431
83 2432
83 2433
83 2434
82 2435
82 2436
81 2437
81 2438
81 2439
80 2440
80 2441
79 2442
79 2443
79 2444
79 2445
78 2446
78 2447
78 2448
77 2449
76 2450
76 2451
75 2452
75 2453
74 2454
73 2454
73 2455
72 2456
71 2457
71 2458
71 2459
70 2460
70 2461
70 2462
70 2463
70 2464
70 2465
69 2466
69 2467
69 2468
69 2469
68 2470
68 2471
68 2472
68 2473
68 2474
68 2475
68 2476
68 2477
68 2478
68 2479
68 2480
68 2481
67 2482
67 2483
67 2484
67 2485
66 2486
66 2487
66 2488
66 2489
65 2490
65 2491
65 2492
65 2493
64 2494
64 2495
63 2496
63 2497
63 2498
62 2499
61 2500
60 2501
60 2502
59 2503
59 2504
58 2505
58 2506
57 2507
57 2508
57 2509
56 2510
56 2511
55 2512
55 2513
55 2514
55 2515
54 2516
53 2516
53 2517
53 2518
53 2519
52 2520
52 2521
52 2522
52 2523
52 2524
52 2525
51 2526
51 2527
51 2528
50 2529
50 2530
50 2531
50 2532
50 2533
50 2534
50 2535
50 2536
50 2537
49 2538
49 2539
49 2540
49 2541
48 2542
48 2543
47 2544
47 2545
47 2546
47 2547
46 2548
46 2549
47 2550
47 2551
47 2552
48 2553
48 2554
49 2555
49 2556
49 2557
50 2558
50 2559
50 2560
50 2561
50 2562
50 2563
50 2564
50 2565
50 2566
50 2567
50 2568
49 2569
49 2570
49 2571
48 2572
48 2573
48 2574
48 2575
47 2576
47 2577
47 2578
47 2579
46 2580
46 2581
45 2582
45 2583
45 2584
44 2585
44 2586
44 2587
44 2588
44 2589
44 2590
44 2591
44 2592
44 2593
44 2594
44 2595
44 2596
44 2597
43 2598
43 2599
43 2600
42 2601
42 2602
42 2603
42 2604
42 2605
42 2606
42 2607
42 2608
42 2609
42 2610
42 2611
41 2612
41 2613
41 2614
41 2615
40 2616
40 2617
40 2618
40 2619
40 2620
40 2621
40 2622
40 2623
40 2624
40 2625
39 2626
39 2627
39 2628
39 2629
38 2630
38 2631
38 2632
38 2633
38 2634
38 2635
38 2636
38 2637
38 2638
38 2639
38 2640
37 2641
37 2642
37 2643
36 2644
36 2645
36 2646
36 2647
36 2648
36 2649
35 2650
35 2651
35 2652
35 2653
34 2654
34 2655
34 2656
34 2657
33 2658
33 2659
33 2660
33 2661
32 2662
32 2663
32 2664
32 2665
31 2666
31 2667
31 2668
31 2669
30 2670
30 2671
30 2672
30 2673
29 2674
29 2675
29 2676
29 2677
28 2678
28 2679
28 2680
28 2681
28 2682
28 2683
27 2684
27 2685
27 2686
26 2687
25 2688
25 2689
25 2690
25 2691
24 2692
24 2693
23 2694
23 2695
23 2696
23 2697
22 2698
22 2699
22 2700
22 2701
22 2702
22 2703
23 2704
23 2705
23 2706
23 2707
24 2708
24 2709
24 2710
24 2711
24 2712
25 2713
25 2714
26 2715
26 2716
26 2717
26 2718
26 2719
26 2720
26 2721
26 2722
26 2723
27 2724
27 2725
27 2726
27 2727
28 2728
28 2729
28 2730
28 2731
28 2732
28 2733
28 2734
28 2735
28 2736
28 2737
28 2738
28 2739
28 2740
28 2741
28 2742
28 2743
28 2744
28 2745
28 2746
28 2747
28 2748
28 2749
28 2750
28 2751
28 2752
29 2753
29 2754
30 2755
30 2756
31 2757
31 2758
31 2759
32 2760
32 2761
33 2762
33 2763
33 2764
33 2765
34 2766
34 2767
34 2768
34 2769
35 2770
35 2771
35 2772
35 2773
36 2774
37 2775
37 2776
38 2777
38 2778
39 2779
39 2780
40 2781
40 2782
41 2783
41 2784
41 2785
42 2786
42 2787
43 2788
43 2789
43 2790
43 2791
44 2791
45 2792
45 2793
45 2794
45 2795
46 2796
46 2797
47 2798
47 2799
47 2800
47 2801
48 2802
48 2803
49 2804
49 2805
49 2806
50 2807
50 2808
51 2809
51 2810
51 2811
52 2811
53 2812
53 2813
53 2814
53 2815
54 2816
55 2817
55 2818
55 2819
56 2820
56 2821
57 2822
57 2823
57 2824
57 2825
58 2826
58 2827
58 2828
58 2829
59 2830
59 2831
59 2832
59 2833
60 2834
61 2835
61 2836
61 2837
62 2838
62 2839
62 2840
62 2841
63 2842
63 2843
63 2844
63 2845
64 2846
64 2847
64 2848
64 2849
64 2850
64 2851
64 2852
64 2853
64 2854
65 2855
65 2856
65 2857
66 2858
66 2859
66 2860
66 2861
67 2862
67 2863
67 2864
67 2865
68 2866
69 2867
69 2868
69 2869
70 2870
71 2871
71 2872
71 2873
72 2874
72 2875
73 2876
73 2877
73 2878
74 2879
74 2880
75 2881
75 2882
75 2883
76 2883
77 2884
77 2885
77 2886
77 2887
78 2888
79 2889
79 2890
80 2891
80 2892
81 2893
82 2894
83 2895
83 2896
84 2897
84 2898
85 2899
86 2900
86 2901
87 2902
88 2902
89 2903
89 2904
90 2905
91 2906
92 2907
92 2908
93 2909
94 2910
95 2911
95 2912
96 2912
97 2913
97 2914
98 2914
99 2915
99 2916
100 2917
101 2918
102 2918
103 2919
103 2920
104 2920
105 2921
105 2922
106 2922
107 2923
107 2924
108 2925
109 2926
110 2926
111 2927
111 2928
112 2928
113 2929
113 2930
114 2930
115 2931
115 2932
116 2933
117 2934
118 2934
119 2935
119 2936
120 2936
121 2937
121 2938
122 2939
123 2940
124 2940
125 2941
126 2941
127 2942
128 2942
129 2943
130 2943
131 2944
132 2945
133 2946
134 2946
135 2947
135 2948
136 2949
137 2950
138 2951
138 2952
139 2953
139 2954
140 2954
141 2955
142 2956
143 2956
144 2957
145 2957
146 2957
147 2956
148 2956
149 2956
150 2956
151 2956
152 2956
153 2956
154 2957
155 2957
156 2957
157 2957
158 2958
159 2958
160 2958
161 2958
162 2959
163 2959
164 2960
165 2960
166 2960
167 2960
168 2961
169 2961
170 2961
171 2961
172 2962
173 2962
174 2962
175 2962
176 2963
177 2963
178 2964
179 2964
180 2964
181 2964
182 2965
182 2966
183 2966
184 2966
185 2967
186 2967
187 2968
188 2968
189 2968
190 2969
191 2969
192 2969
193 2969
194 2969
195 2969
196 2969
197 2969
198 2969
199 2969
200 2969
201 2969
202 2969
203 2969
204 2969
205 2969
206 2969
207 2969
208 2969
209 2969
210 2969
211 2969
212 2969
213 2969
214 2969
215 2969
216 2969
217 2969
218 2969
219 2969
220 2970
221 2970
222 2969
223 2969
224 2970
225 2969
226 2969
227 2969
228 2969
229 2969
230 2969
231 2969
232 2969
233 2969
234 2969
235 2969
236 2969
237 2969
238 2969
239 2969
240 2969
241 2969
242 2969
243 2969
244 2969
245 2969
246 2969
247 2969
248 2969
249 2969
250 2969
251 2969
252 2969
253 2969
254 2969
255 2969
256 2969
257 2969
258 2969
259 2969
260 2970
261 2970
262 2970
263 2970
264 2971
265 2971
266 2971
267 2971
268 2971
269 2971
270 2971
271 2971
272 2971
273 2971
274 2971
275 2971
276 2971
277 2971
278 2971
279 2971
280 2971
281 2971
282 2971
283 2971
284 2971
285 2971
286 2970
287 2970
288 2970
289 2970
290 2969
291 2969
292 2968
293 2968
294 2968
295 2968
296 2967
297 2967
298 2967
299 2967
300 2967
301 2967
302 2967
303 2967
304 2967
305 2967
306 2967
307 2967
308 2967
309 2967
310 2967
311 2967
312 2967
313 2967
314 2967
315 2967
316 2967
317 2967
318 2967
319 2967
320 2967
321 2966
322 2966
323 2966
324 2965
325 2965
326 2964
327 2964
328 2964
329 2964
330 2963
331 2962
332 2962
333 2962
334 2961
335 2961
336 2961
337 2960
338 2960
339 2959
340 2959
341 2959
342 2959
343 2959
344 2959
345 2959
346 2958
347 2958
348 2958
349 2958
350 2957
351 2957
352 2957
353 2956
354 2956
355 2956
356 2955
357 2955
358 2954
359 2954
360 2954
361 2953
362 2953
363 2952
364 2952
365 2952
366 2951
367 2951
368 2951
369 2951
370 2951
371 2951
372 2952
373 2952
374 2953
375 2954
376 2954
377 2954
378 2954
379 2954
380 2954
381 2953
382 2953
383 2952
384 2952
385 2952
386 2951
387 2950
388 2950
389 2950
390 2949
391 2949
392 2949
393 2948
394 2948
395 2947
396 2947
397 2946
398 2946
399 2945
400 2944
401 2944
402 2943
403 2943
404 2943
405 2943
406 2942
407 2942
408 2941
409 2941
410 2940
410 2939
411 2938
412 2938
413 2937
414 2936
415 2935
416 2935
417 2934
418 2934
419 2934
419 2933
420 2932
421 2932
422 2932
423 2932
424 2931
425 2930
426 2930
427 2929
427 2928
428 2927
429 2926
430 2925
431 2925
432 2924
433 2924
434 2923
435 2922
436 2922
437 2921
438 2921
439 2920
440 2919
441 2919
442 2918
443 2917
444 2917
445 2916
446 2915
447 2914
448 2914
448 2913
449 2912
450 2912
450 2911
451 2910
452 2910
453 2909
454 2908
455 2907
456 2906
457 2905
458 2905
459 2904
460 2903
461 2903
462 2902
463 2901
463 2900
464 2899
465 2898
465 2897
466 2896
466 2895
467 2894
468 2893
468 2892
469 2891
469 2890
470 2889
471 2888
472 2888
472 2887
473 2886
474 2886
475 2885
475 2884
476 2883
477 2882
477 2881
478 2880
479 2879
480 2878
481 2877
482 2876
482 2875
483 2874
484 2874
485 2873
486 2872
486 2871
487 2870
487 2869
488 2868
488 2867
488 2866
489 2865
489 2864
489 2863
489 2862
490 2861
490 2860
490 2859
490 2858
491 2857
491 2856
491 2855
491 2854
491 2853
491 2852
491 2851
491 2850
491 2849
491 2848
491 2847
491 2846
491 2845
491 2844
492 2843
492 2842
492 2841
493 2840
493 2839
493 2838
493 2837
493 2836
493 2835
493 2834
493 2833
493 2832
493 2831
493 2830
493 2829
493 2828
493 2827
493 2826
493 2825
493 2824
493 2823
493 2822
493 2821
493 2820
493 2819
493 2818
493 2817
493 2816
493 2815
493 2814
493 2813
493 2812
493 2811
493 2810
493 2809
493 2808
493 2807
493 2806
493 2805
493 2804
493 2803
493 2802
493 2801
493 2800
493 2799
493 2798
493 2797
493 2796
493 2795
493 2794
493 2793
493 2792
493 2791
493 2790
493 2789
493 2788
493 2787
493 2786
493 2785
493 2784
493 2783
493 2782
493 2781
493 2780
493 2779
493 2778
493 2777
492 2776
492 2775
492 2774
491 2773
491 2772
491 2771
491 2770
491 2769
491 2768
490 2767
490 2766
490 2765
490 2764
489 2763
489 2762
489 2761
489 2760
489 2759
489 2758
489 2757
489 2756
489 2755
489 2754
489 2753
489 2752
489 2751
489 2750
489 2749
489 2748
489 2747
489 2746
489 2745
489 2744
489 2743
489 2742
489 2741
489 2740
489 2739
489 2738
489 2737
489 2736
489 2735
489 2734
489 2733
489 2732
489 2731
489 2730
489 2729
489 2728
489 2727
489 2726
489 2725
489 2724
489 2723
489 2722
489 2721
489 2720
489 2719
489 2718
489 2717
489 2716
489 2715
489 2714
489 2713
489 2712
490 2711
490 2710
490 2709
490 2708
491 2707
491 2706
491 2705
491 2704
491 2703
491 2702
492 2701
492 2700
492 2699
492 2698
493 2697
493 2696
493 2695
493 2694
493 2693
493 2692
494 2691
494 2690
494 2689
495 2688
495 2687
495 2686
495 2685
495 2684
495 2683
495 2682
495 2681
495 2680
495 2679
495 2678
495 2677
495 2676
494 2675
494 2674
494 2673
494 2672
493 2671
493 2670
493 2669
493 2668
493 2667
493 2666
493 2665
493 2664
493 2663
493 2662
493 2661
493 2660
493 2659
493 2658
493 2657
493 2656
493 2655
493 2654
493 2653
493 2652
493 2651
493 2650
493 2649
493 2648
492 2647
492 2646
492 2645
492 2644
491 2643
491 2642
491 2641
491 2640
491 2639
491 2638
491 2637
491 2636
490 2635
490 2634
490 2633
489 2632
489 2631
489 2630
489 2629
489 2628
489 2627
489 2626
489 2625
489 2624
489 2623
489 2622
489 2621
489 2620
489 2619
488 2618
488 2617
488 2616
487 2615
487 2614
487 2613
487 2612
487 2611
487 2610
487 2609
486 2608
486 2607
486 2606
485 2605
485 2604
485 2603
485 2602
485 2601
485 2600
484 2599
484 2598
484 2597
484 2596
483 2595
483 2594
483 2593
482 2592
482 2591
482 2590
481 2589
481 2588
480 2587
480 2586
480 2585
480 2584
479 2583
478 2582
478 2581
478 2580
477 2579
477 2578
477 2577
476 2576
476 2575
476 2574
475 2573
475 2572
474 2571
474 2570
474 2569
473 2568
473 2567
472 2566
472 2565
472 2564
471 2563
471 2562
470 2561
470 2560
469 2559
469 2558
468 2557
468 2556
467 2555
467 2554
467 2553
466 2552
466 2551
465 2550
465 2549
464 2548
464 2547
463 2546
463 2545
462 2544
462 2543
462 2542
461 2542
460 2541
460 2540
460 2539
460 2538
459 2537
458 2536
458 2535
458 2534
457 2533
457 2532
456 2531
456 2530
455 2529
455 2528
454 2527
454 2526
453 2525
453 2524
452 2523
452 2522
452 2521
451 2520
451 2519
450 2518
450 2517
449 2516
448 2515
448 2514
447 2513
447 2512
446 2511
446 2510
445 2509
444 2508
444 2507
443 2506
442 2505
441 2504
441 2503
440 2502
439 2501
438 2500
438 2499
437 2498
436 2497
436 2496
435 2495
434 2494
434 2493
433 2492
433 2491
432 2490
431 2489
431 2488
430 2487
430 2486
429 2486
428 2485
428 2484
428 2483
427 2482
427 2481
426 2480
426 2479
425 2478
424 2477
423 2476
422 2475
421 2474
420 2473
419 2473
418 2472
417 2471
416 2470
415 2470
414 2469
414 2468
414 2467
413 2467
412 2466
411 2465
410 2464
410 2463
409 2462
408 2461
408 2460
407 2459
406 2458
406 2457
405 2456
405 2455
404 2454
404 2453
403 2452
402 2451
402 2450
401 2450
400 2449
400 2448
400 2447
399 2446
398 2445
398 2444
397 2443
396 2442
396 2441
395 2440
395 2439
394 2438
394 2437
393 2436
393 2435
392 2434
392 2433
392 2432
391 2432
390 2431
390 2430
390 2429
390 2428
389 2427
388 2426
388 2425
387 2424
386 2423
385 2422
385 2421
384 2420
383 2419
382 2418
382 2417
381 2416
381 2415
380 2414
380 2413
380 2412
379 2412
378 2411
378 2410
378 2409
377 2408
376 2407
375 2406
375 2405
374 2404
374 2403
373 2402
373 2401
372 2400
371 2399
371 2398
370 2397
370 2396
369 2396
368 2395
368 2394
367 2393
366 2393
365 2392
364 2392
363 2392
362 2392
361 2391
360 2391
359 2391
358 2391
357 2390
356 2390
355 2389
354 2389
353 2389
352 2388
351 2388
350 2387
349 2386
348 2386
347 2385
346 2384
345 2384
344 2384
343 2383
342 2383
341 2383
340 2383
339 2382
338 2382
337 2382
336 2382
335 2381
334 2381
333 2381
332 2381
331 2380
331 2379
330 2379
329 2379
328 2379
327 2378
326 2378
325 2377
324 2377
323 2377
322 2377
321 2376
320 2376
319 2376
318 2376
317 2375
316 2375
315 2375
314 2375
313 2374
312 2374
311 2374
310 2374
309 2373
308 2373
307 2373
306 2373
305 2372
304 2372
303 2371
302 2371
301 2371
300 2370
299 2370
298 2369
297 2368
296 2368
295 2367
294 2367
293 2366
292 2366
291 2365
290 2365
289 2365
288 2365
287 2364
287 2363
286 2363
285 2363
284 2363
283 2362
282 2362
281 2361
280 2361
279 2360
278 2360
277 2359
276 2359
275 2358
274 2357
273 2357
272 2356
272 2355
271 2355
270 2354
270 2353
269 2353
268 2352
268 2351
267 2350
267 2349
266 2348
265 2347
264 2346
263 2346
262 2346
261 2346
260 2346
259 2346
258 2346
257 2346
256 2346
255 2346
254 2346
253 2346
252 2346
251 2346
250 2346
249 2346
248 2346
247 2346
246 2346
245 2346
244 2346
243 2346
242 2346
241 2346
240 2346
239 2346
238 2346
237 2346
236 2346
235 2346
234 2346
233 2346
232 2346
231 2346
230 2346
229 2346
228 2346
227 2346
226 2346
225 2346
224 2346
223 2346
222 2346
221 2346
220 2346
219 2346
218 2346
217 2346
216 2346
215 2346
214 2346
213 2346
212 2346
211 2346
210 2346
209 2346
208 2346
207 2346
206 2346
205 2346
204 2346
203 2346
202 2346
201 2346
