2694 4620
2693 4621
2692 4621
2691 4621
2690 4621
2689 4622
2688 4623
2687 4624
2686 4625
2685 4625
2684 4626
2683 4627
2682 4627
2681 4628
2680 4629
2679 4629
2678 4630
2677 4630
2676 4630
2675 4631
2674 4631
2673 4631
2672 4631
2671 4631
2670 4631
2669 4631
2668 4631
2667 4630
2666 4630
2665 4630
2664 4630
2663 4629
2662 4629
2661 4629
2660 4629
2659 4629
2658 4629
2657 4629
2656 4629
2655 4629
2654 4629
2653 4629
2652 4629
2651 4629
2650 4629
2649 4629
2648 4629
2647 4630
2646 4630
2645 4630
2644 4630
2643 4631
2642 4631
2641 4631
2640 4631
2639 4631
2638 4631
2637 4631
2636 4631
2635 4631
2634 4631
2633 4631
2632 4631
2631 4631
2630 4631
2629 4632
2628 4632
2627 4633
2626 4633
2625 4634
2624 4634
2623 4635
2622 4635
2621 4636
2620 4636
2619 4637
2618 4637
2617 4638
2616 4639
2615 4639
2614 4640
2613 4640
2612 4640
2611 4641
2610 4641
2609 4641
2608 4641
2607 4641
2606 4641
2605 4642
2604 4642
2603 4642
2602 4642
2601 4643
2600 4643
2599 4644
2598 4644
2597 4644
2596 4644
2595 4645
2594 4646
2593 4647
2592 4647
2591 4648
2591 4649
2590 4650
2589 4651
2588 4651
2587 4652
2587 4653
2586 4654
2585 4654
2584 4655
2583 4656
2582 4656
2581 4657
2580 4657
2579 4658
2578 4658
2577 4658
2576 4659
2575 4659
2574 4660
2573 4661
2572 4661
2571 4662
2570 4662
2569 4663
2568 4663
2567 4664
2566 4664
2565 4664
2564 4664
2563 4665
2562 4665
2561 4665
2560 4666
2559 4667
2558 4667
2557 4668
2556 4668
2555 4669
2554 4669
2553 4670
2552 4670
2551 4671
2550 4671
2549 4672
2548 4672
2547 4673
2546 4673
2545 4673
2544 4673
2543 4674
2542 4674
2541 4674
2540 4674
2539 4675
2538 4676
2537 4676
2536 4676
2536 4677
2535 4678
2534 4678
2533 4679
2532 4679
2531 4680
2530 4681
2529 4681
2528 4682
2527 4683
2526 4683
2525 4684
2524 4684
2523 4685
2522 4686
2521 4687
2520 4687
2519 4688
2519 4689
2518 4690
2517 4691
2516 4692
2516 4693
2515 4694
2514 4695
2513 4696
2513 4697
2512 4698
2511 4698
2511 4699
2510 4700
2509 4701
2508 4701
2508 4702
2507 4703
2507 4704
2506 4705
2505 4705
2505 4706
2504 4707
2503 4708
2502 4709
2501 4709
2500 4710
2499 4711
2498 4712
2497 4712
2497 4713
2496 4714
2495 4714
2495 4715
2494 4716
2493 4716
2493 4717
2492 4718
2491 4718
2491 4719
2490 4720
2489 4720
2489 4721
2488 4722
2487 4722
2487 4723
2486 4724
2486 4725
2485 4726
2484 4727
2483 4728
2483 4729
2482 4730
2481 4730
2480 4731
2479 4732
2478 4733
2478 4734
2477 4735
2476 4735
2476 4736
2475 4737
2474 4738
2474 4739
2473 4740
2473 4741
2472 4742
2472 4743
2471 4744
2470 4745
2469 4746
2468 4747
2468 4748
2467 4749
2467 4750
2466 4751
2466 4752
2465 4753
2465 4754
2465 4755
2465 4756
2464 4757
2463 4757
2463 4758
2463 4759
2463 4760
2462 4761
2461 4761
2461 4762
2461 4763
2461 4764
2460 4765
2460 4766
2460 4767
2460 4768
2459 4769
2459 4770
2459 4771
2459 4772
2458 4773
2458 4774
2458 4775
2458 4776
2458 4777
2458 4778
2458 4779
2458 4780
2458 4781
2458 4782
2458 4783
2458 4784
2458 4785
2458 4786
2458 4787
2458 4788
2458 4789
2458 4790
2457 4791
2457 4792
2457 4793
2457 4794
2456 4795
2456 4796
2456 4797
2456 4798
2456 4799
2456 4800
2456 4801
2456 4802
2456 4803
2456 4804
2456 4805
2456 4806
2456 4807
2456 4808
2455 4809
2455 4810
2455 4811
2455 4812
2454 4813
2454 4814
2454 4815
2454 4816
2454 4817
2454 4818
2454 4819
2454 4820
2454 4821
2454 4822
2454 4823
2454 4824
2454 4825
2454 4826
2454 4827
2454 4828
2454 4829
2454 4830
2454 4831
2454 4832
2454 4833
2454 4834
2454 4835
2454 4836
2454 4837
2454 4838
2454 4839
2454 4840
2454 4841
2454 4842
2454 4843
2454 4844
2454 4845
2454 4846
2454 4847
2454 4848
2454 4849
2454 4850
2454 4851
2454 4852
2454 4853
2454 4854
2455 4855
2455 4856
2455 4857
2456 4858
2456 4859
2456 4860
2456 4861
2456 4862
2456 4863
2456 4864
2456 4865
2456 4866
2456 4867
2456 4868
2456 4869
2456 4870
2456 4871
2456 4872
2457 4873
2457 4874
2457 4875
2457 4876
2458 4877
2458 4878
2458 4879
2458 4880
2458 4881
2458 4882
2459 4883
2459 4884
2459 4885
2459 4886
2460 4887
2460 4888
2460 4889
2460 4890
2461 4891
2461 4892
2461 4893
2461 4894
2462 4895
2462 4896
2462 4897
2462 4898
2462 4899
2462 4900
2463 4901
2463 4902
2463 4903
2463 4904
2464 4905
2464 4906
2465 4907
2465 4908
2465 4909
2465 4910
2466 4911
2466 4912
2467 4913
2467 4914
2467 4915
2467 4916
2468 4917
2469 4918
2469 4919
2469 4920
2470 4921
2470 4922
2471 4923
2471 4924
2471 4925
2471 4926
2472 4927
2473 4928
2473 4929
2474 4930
2475 4931
2475 4932
2475 4933
2475 4934
2476 4935
2476 4936
2477 4937
2477 4938
2478 4939
2478 4940
2479 4941
2479 4942
2480 4943
2481 4944
2481 4945
2482 4946
2482 4947
2483 4948
2483 4949
2483 4950
2484 4951
2485 4952
2485 4953
2486 4954
2487 4955
2488 4956
2488 4957
2489 4958
2489 4959
2489 4960
2490 4960
2491 4961
2491 4962
2492 4963
2492 4964
2493 4964
2494 4965
2495 4966
2495 4967
2496 4967
2497 4968
2497 4969
2498 4970
2499 4971
2500 4972
2500 4973
2501 4974
2501 4975
2502 4976
2503 4977
2503 4978
2504 4979
2505 4980
2506 4981
2506 4982
2507 4983
2507 4984
2508 4984
2509 4985
2509 4986
2509 4987
2510 4988
2511 4989
2511 4990
2511 4991
2511 4992
2512 4992
2513 4993
2513 4994
2514 4995
2515 4996
2515 4997
2516 4998
2517 4999
2518 5000
2519 5001
2520 5002
2521 5003
2522 5003
2523 5004
2523 5005
2524 5006
2525 5006
2526 5007
2527 5008
2527 5009
2528 5010
2529 5011
2530 5011
2531 5012
2531 5013
2532 5014
2533 5014
2534 5015
2535 5016
2535 5017
2536 5018
2537 5019
2538 5019
2539 5020
2539 5021
2540 5022
2541 5022
2542 5023
2543 5024
2543 5025
2544 5026
2545 5027
2546 5027
2547 5028
2547 5029
2548 5030
2549 5030
2550 5031
2551 5032
2551 5033
2552 5034
2553 5035
2554 5035
2555 5036
2556 5036
2557 5037
2558 5038
2559 5039
2560 5040
2561 5041
2562 5041
2563 5042
2564 5043
2564 5044
2565 5044
2566 5045
2566 5046
2567 5047
2568 5047
2569 5048
2569 5049
2570 5050
2570 5051
2571 5052
2572 5053
2573 5054
2574 5055
2575 5056
2576 5056
2577 5057
2578 5058
2579 5059
2580 5060
2581 5060
2582 5061
2583 5061
2584 5062
2585 5062
2586 5063
2587 5063
2588 5064
2589 5065
2590 5065
2591 5065
2592 5066
2593 5066
2594 5067
2595 5067
2596 5068
2597 5068
2598 5069
2599 5069
2600 5070
2601 5070
2602 5071
2603 5071
2604 5072
2605 5073
2606 5073
2607 5073
2608 5074
2609 5074
2610 5075
2611 5075
2612 5075
2613 5075
2614 5076
2614 5077
2615 5077
2616 5077
2617 5077
2618 5078
2619 5078
2620 5078
2621 5078
2622 5077
2623 5077
2624 5077
2625 5077
2626 5076
2627 5076
2628 5075
2629 5075
2630 5075
2631 5075
2631 5074
2632 5073
2633 5073
2634 5073
2635 5073
2636 5072
2637 5072
2638 5072
2639 5072
2640 5072
2641 5072
2642 5072
2643 5071
2644 5070
2645 5070
2646 5069
2646 5068
2647 5067
2648 5067
2649 5066
2650 5065
2650 5064
2651 5063
2652 5062
2653 5062
2654 5061
2654 5060
2655 5059
2656 5059
2657 5058
2658 5057
2659 5056
2659 5055
2660 5054
2661 5054
2662 5053
2663 5052
2664 5052
2665 5051
2666 5051
2667 5051
2668 5050
2669 5050
2670 5050
2671 5050
2672 5050
2673 5050
2674 5050
2675 5050
2676 5050
2677 5050
2678 5050
2679 5050
2680 5050
2681 5050
2682 5050
2683 5050
2684 5051
2685 5051
2686 5052
2687 5053
2687 5054
2688 5054
2689 5055
2690 5056
2691 5056
2692 5056
2693 5056
2694 5056
2695 5056
2696 5057
2697 5057
2698 5057
2699 5057
2700 5058
2701 5058
2702 5057
2703 5056
2704 5056
2704 5055
2705 5054
2706 5053
2707 5053
2708 5052
2709 5052
2710 5052
2711 5052
2712 5053
2713 5053
2714 5053
2715 5053
2716 5054
2717 5054
2718 5053
2719 5053
2720 5052
2721 5052
2721 5051
2722 5050
2723 5049
2724 5048
2724 5047
2725 5046
2725 5045
2726 5044
2727 5044
2727 5043
2728 5042
2728 5041
2729 5040
2730 5040
2730 5039
2731 5038
2731 5037
2732 5036
2732 5035
2733 5034
2733 5033
2732 5032
2732 5031
2732 5030
2732 5029
2731 5028
2731 5027
2731 5026
2731 5025
2732 5024
2732 5023
2733 5022
2734 5021
2735 5020
2736 5020
2737 5019
2738 5018
2739 5018
2739 5017
2740 5016
2741 5016
2741 5015
2742 5014
2743 5014
2744 5013
2745 5013
2746 5012
2747 5012
2748 5011
2749 5011
2750 5011
2750 5010
2751 5009
2752 5009
2752 5008
2753 5007
2754 5006
2754 5005
2755 5004
2756 5003
2757 5003
2758 5002
2759 5002
2760 5001
2761 5001
2762 5000
2763 4999
2764 4998
2764 4997
2765 4996
2765 4995
2766 4994
2766 4993
2766 4992
2767 4991
2767 4990
2767 4989
2767 4988
2767 4987
2767 4986
2767 4985
2767 4984
2767 4983
2767 4982
2767 4981
2767 4980
2767 4979
2767 4978
2767 4977
2766 4976
2766 4975
2765 4974
2764 4973
2764 4972
2764 4971
2763 4970
2763 4969
2763 4968
2763 4967
2764 4966
2764 4965
2764 4964
2764 4963
2765 4962
2765 4961
2765 4960
2765 4959
2765 4958
2765 4957
2765 4956
2765 4955
2765 4954
2765 4953
2765 4952
2765 4951
2765 4950
2765 4949
2765 4948
2765 4947
2765 4946
2765 4945
2765 4944
2765 4943
2765 4942
2765 4941
2766 4940
2766 4939
2766 4938
2766 4937
2767 4936
2767 4935
2767 4934
2767 4933
2767 4932
2767 4931
2767 4930
2767 4929
2767 4928
2767 4927
2767 4926
2767 4925
2767 4924
2767 4923
2767 4922
2767 4921
2767 4920
2767 4919
2766 4918
2766 4917
2766 4916
2766 4915
2765 4914
2765 4913
2765 4912
2765 4911
2765 4910
2765 4909
2765 4908
2765 4907
2766 4906
2766 4905
2766 4904
2766 4903
2766 4902
2766 4901
2766 4900
2766 4899
2765 4898
2765 4897
2765 4896
2765 4895
2765 4894
2765 4893
2764 4892
2764 4891
2764 4890
2764 4889
2763 4888
2763 4887
2763 4886
2763 4885
2763 4884
2763 4883
2763 4882
2763 4881
2763 4880
2763 4879
2763 4878
2763 4877
2763 4876
2763 4875
2763 4874
2763 4873
2763 4872
2763 4871
2763 4870
2763 4869
2763 4868
2763 4867
2764 4866
2764 4865
2765 4864
2766 4863
2767 4862
2768 4861
2769 4860
2769 4859
2770 4858
2770 4857
2770 4856
2770 4855
2771 4854
2771 4853
2772 4852
2772 4851
2772 4850
2772 4849
2773 4848
2774 4848
2774 4847
2774 4846
2774 4845
2775 4844
2775 4843
2775 4842
2775 4841
2775 4840
2775 4839
2775 4838
2775 4837
2775 4836
2775 4835
2775 4834
2775 4833
2775 4832
2775 4831
2775 4830
2775 4829
2776 4828
2776 4827
2776 4826
2776 4825
2777 4824
2777 4823
2778 4822
2778 4821
2778 4820
2778 4819
2779 4818
2779 4817
2779 4816
2779 4815
2779 4814
2779 4813
2779 4812
2779 4811
2779 4810
2779 4809
2779 4808
2779 4807
2780 4806
2780 4805
2780 4804
2780 4803
2781 4802
2781 4801
2781 4800
2781 4799
2781 4798
2781 4797
2781 4796
2781 4795
2781 4794
2781 4793
2781 4792
2781 4791
2781 4790
2781 4789
2782 4788
2782 4787
2782 4786
2782 4785
2783 4784
2783 4783
2784 4782
2784 4781
2784 4780
2784 4779
2785 4778
2785 4777
2785 4776
2785 4775
2785 4774
2785 4773
2785 4772
2785 4771
2785 4770
2785 4769
2784 4768
2784 4767
2784 4766
2784 4765
2783 4764
2783 4763
2783 4762
2783 4761
2783 4760
2783 4759
2783 4758
2783 4757
2783 4756
2783 4755
2783 4754
2783 4753
2784 4752
2784 4751
2784 4750
2784 4749
2784 4748
2784 4747
2784 4746
2784 4745
2783 4744
2783 4743
2783 4742
2783 4741
2782 4740
2782 4739
2781 4738
2781 4737
2780 4736
2780 4735
2779 4734
2779 4733
2779 4732
2779 4731
2778 4730
2778 4729
2778 4728
2777 4727
2777 4726
2776 4725
2776 4724
2775 4723
2775 4722
2774 4721
2774 4720
2773 4719
2773 4718
2772 4717
2772 4716
2772 4715
2771 4714
2771 4713
2770 4712
2770 4711
2770 4710
2769 4709
2768 4708
2768 4707
2767 4706
2766 4705
2766 4704
2766 4703
2765 4702
2765 4701
2764 4700
2764 4699
2763 4698
2762 4697
2762 4696
2762 4695
2761 4694
2761 4693
2760 4692
2760 4691
2760 4690
2760 4689
2759 4689
2758 4688
2758 4687
2758 4686
2758 4685
2757 4684
2756 4683
2756 4682
2756 4681
2755 4681
2754 4680
2753 4679
2753 4678
2752 4677
2751 4676
2751 4675
2750 4674
2750 4673
2749 4672
2749 4671
2748 4670
2748 4669
2747 4668
2747 4667
2747 4666
2747 4665
2747 4664
2747 4663
2746 4663
2745 4663
2744 4663
2743 4662
2742 4662
2741 4661
2740 4660
2740 4659
2739 4658
2739 4657
2738 4656
2738 4655
2738 4654
2738 4653
2737 4652
2737 4651
2737 4650
2737 4649
2736 4648
2735 4647
2735 4646
2734 4645
2733 4644
2732 4643
2732 4642
2731 4642
2730 4641
2729 4640
2728 4639
2727 4639
2726 4638
2725 4638
2724 4637
2723 4636
2722 4636
2721 4636
2720 4635
2719 4634
2718 4633
2717 4633
2716 4632
2715 4631
2714 4631
2713 4630
2713 4629
2712 4629
2711 4628
2710 4627
2710 4626
2709 4626
2708 4626
2707 4625
2706 4625
2705 4625
2704 4624
2703 4624
2702 4624
2701 4623
2700 4623
2699 4622
2698 4622
2697 4622
2696 4621
2695 4621
2694 4620
