399 4352
398 4353
397 4353
396 4353
395 4353
394 4354
393 4354
392 4354
391 4354
390 4354
389 4354
388 4354
387 4354
386 4354
385 4354
384 4354
383 4354
382 4355
381 4355
380 4355
379 4355
378 4356
377 4356
376 4356
375 4356
374 4356
373 4356
372 4357
371 4357
370 4357
369 4357
368 4358
367 4358
366 4359
365 4359
364 4359
363 4359
362 4360
361 4360
360 4360
359 4360
358 4360
357 4360
356 4360
355 4360
354 4361
353 4361
352 4361
351 4361
350 4362
349 4362
348 4362
347 4362
346 4362
345 4362
344 4362
343 4362
342 4362
341 4362
340 4362
339 4362
338 4362
337 4362
336 4362
335 4362
334 4362
333 4362
332 4362
331 4362
330 4362
329 4362
328 4362
327 4362
326 4362
325 4362
324 4361
323 4361
322 4361
321 4361
320 4360
319 4360
318 4360
317 4360
316 4360
315 4360
314 4360
313 4360
312 4360
311 4360
310 4360
309 4360
308 4360
307 4360
306 4360
305 4360
304 4359
303 4359
302 4359
301 4359
300 4358
299 4358
298 4358
297 4358
296 4358
295 4358
294 4358
293 4358
292 4358
291 4358
290 4358
289 4358
288 4358
287 4358
286 4357
285 4357
284 4357
283 4357
282 4356
281 4356
280 4356
279 4356
278 4356
277 4356
276 4356
275 4356
274 4356
273 4356
272 4356
271 4356
270 4356
269 4356
268 4356
267 4356
266 4356
265 4356
264 4356
263 4356
262 4356
261 4356
260 4356
259 4356
258 4356
257 4356
256 4356
255 4356
254 4356
253 4356
252 4356
251 4356
250 4356
249 4356
248 4356
247 4356
246 4356
245 4356
244 4356
243 4356
242 4356
241 4356
240 4356
239 4356
238 4356
237 4356
236 4356
235 4356
234 4356
233 4356
232 4356
231 4356
230 4356
229 4356
228 4356
227 4356
226 4356
225 4356
224 4356
223 4356
222 4356
221 4356
220 4356
219 4356
218 4356
217 4356
216 4356
215 4356
214 4356
213 4356
212 4356
211 4356
210 4356
209 4356
208 4356
207 4356
206 4356
205 4356
204 4356
203 4356
202 4356
201 4356
200 4356
199 4356
198 4356
197 4356
196 4356
195 4356
194 4356
193 4356
192 4356
191 4356
190 4356
189 4356
188 4356
187 4356
186 4356
185 4356
184 4356
183 4356
182 4356
181 4356
180 4357
179 4357
178 4357
177 4357
176 4358
175 4358
174 4358
173 4358
172 4358
171 4358
170 4358
169 4358
168 4359
167 4359
166 4359
165 4359
164 4360
163 4360
162 4361
161 4361
160 4361
159 4362
158 4363
158 4364
157 4365
156 4366
155 4367
155 4368
154 4369
154 4370
153 4371
152 4372
152 4373
152 4374
151 4375
150 4376
150 4377
150 4378
150 4379
149 4380
149 4381
148 4382
148 4383
148 4384
147 4385
147 4386
146 4387
145 4388
144 4389
143 4390
143 4391
142 4392
141 4393
140 4393
140 4394
139 4395
138 4396
137 4396
136 4397
135 4397
134 4398
133 4399
132 4400
131 4400
130 4401
130 4402
129 4403
128 4403
127 4404
126 4405
125 4406
125 4407
124 4408
124 4409
123 4410
123 4411
123 4412
123 4413
123 4414
123 4415
123 4416
123 4417
124 4418
124 4419
125 4420
125 4421
126 4422
127 4423
128 4424
129 4425
129 4426
130 4427
130 4428
130 4429
131 4430
132 4431
132 4432
132 4433
133 4434
133 4435
134 4436
134 4437
134 4438
135 4438
136 4439
136 4440
137 4440
138 4441
139 4442
140 4442
141 4442
142 4442
143 4443
144 4443
145 4443
146 4443
147 4443
148 4443
149 4443
150 4443
151 4443
152 4443
153 4443
154 4443
155 4443
156 4443
157 4443
158 4443
159 4443
160 4443
161 4444
162 4444
163 4444
164 4444
165 4445
166 4445
167 4445
168 4445
169 4445
170 4445
171 4445
172 4445
173 4445
174 4445
175 4445
176 4445
177 4445
178 4445
179 4445
180 4445
181 4445
182 4445
183 4445
184 4445
185 4445
186 4445
187 4445
188 4445
189 4445
190 4445
191 4445
192 4445
193 4445
194 4445
195 4445
196 4445
197 4445
198 4445
199 4445
200 4445
201 4445
202 4445
203 4445
204 4445
205 4445
206 4445
207 4445
208 4445
209 4445
210 4445
211 4445
212 4445
213 4445
214 4445
215 4445
216 4445
217 4445
218 4445
219 4445
220 4445
221 4445
222 4445
223 4445
224 4445
225 4445
226 4445
227 4445
228 4445
229 4445
230 4445
231 4445
232 4445
233 4445
234 4445
235 4446
236 4446
237 4446
238 4446
239 4447
240 4447
241 4447
242 4447
243 4447
244 4447
245 4447
246 4447
247 4447
248 4447
249 4447
250 4447
251 4447
252 4447
253 4447
254 4447
255 4448
256 4448
257 4448
258 4448
259 4449
260 4449
261 4449
262 4449
263 4449
264 4449
265 4449
266 4449
267 4449
268 4449
269 4449
270 4449
271 4449
272 4449
273 4450
274 4450
275 4450
276 4450
277 4451
278 4451
279 4451
280 4451
281 4452
282 4452
283 4452
284 4452
285 4453
286 4453
287 4453
288 4453
289 4453
290 4453
291 4453
292 4453
293 4453
294 4453
295 4453
296 4453
297 4454
298 4454
299 4454
300 4454
301 4455
302 4455
303 4455
304 4455
305 4455
306 4455
307 4455
308 4455
309 4455
310 4455
311 4455
312 4455
313 4455
314 4455
315 4455
316 4455
317 4456
318 4456
319 4456
320 4456
321 4457
322 4457
323 4457
324 4457
325 4457
326 4457
327 4457
328 4457
329 4458
330 4458
331 4458
332 4458
333 4459
334 4459
335 4459
336 4459
337 4459
338 4459
339 4459
340 4459
341 4459
342 4459
343 4459
344 4459
345 4459
346 4459
347 4459
348 4459
349 4459
350 4459
351 4459
352 4459
353 4460
354 4460
355 4460
356 4460
357 4461
358 4461
359 4461
360 4461
361 4461
362 4461
363 4461
364 4461
365 4461
366 4461
367 4461
368 4461
369 4462
370 4462
371 4462
372 4462
373 4463
374 4463
375 4463
376 4463
377 4463
378 4463
379 4463
380 4463
381 4463
382 4463
383 4463
384 4463
385 4463
386 4463
387 4463
388 4463
389 4463
390 4463
391 4463
392 4463
393 4463
394 4463
395 4463
396 4463
397 4464
398 4464
399 4464
400 4464
401 4465
402 4465
403 4465
404 4465
405 4465
406 4465
407 4465
408 4465
409 4465
410 4465
411 4465
412 4465
413 4465
414 4465
415 4465
416 4465
417 4465
418 4465
419 4465
420 4465
421 4465
422 4465
423 4465
424 4465
425 4465
426 4465
427 4465
428 4465
429 4465
430 4465
431 4465
432 4465
433 4465
434 4465
435 4465
436 4465
437 4465
438 4465
439 4465
440 4465
441 4465
442 4465
443 4465
444 4465
445 4465
446 4465
447 4465
448 4465
449 4465
450 4465
451 4465
452 4465
453 4465
454 4465
455 4465
456 4465
457 4466
458 4466
459 4466
460 4466
461 4467
462 4467
463 4468
464 4468
465 4468
466 4469
467 4469
468 4469
469 4469
470 4469
471 4469
472 4469
473 4469
474 4469
475 4470
476 4470
477 4470
478 4470
479 4471
480 4471
481 4472
482 4472
483 4472
484 4472
485 4473
486 4473
487 4473
488 4473
489 4473
490 4473
491 4473
492 4473
493 4474
494 4474
495 4474
496 4474
497 4475
498 4475
499 4476
500 4476
501 4476
502 4476
503 4477
504 4477
505 4477
506 4477
507 4477
508 4477
509 4477
510 4477
511 4477
512 4477
513 4477
514 4477
515 4477
516 4477
517 4477
518 4477
519 4477
520 4477
521 4477
522 4477
523 4477
524 4477
525 4477
526 4477
527 4477
528 4477
529 4477
530 4477
531 4477
532 4477
533 4476
534 4476
535 4476
536 4476
537 4475
538 4475
539 4475
540 4475
541 4475
542 4475
543 4475
544 4475
545 4475
546 4475
547 4475
548 4475
549 4475
550 4475
551 4475
552 4475
553 4475
554 4475
555 4475
556 4475
557 4475
558 4475
559 4475
560 4475
561 4475
562 4475
563 4475
564 4475
565 4475
566 4475
567 4475
568 4475
569 4475
570 4475
571 4475
572 4475
573 4476
574 4476
575 4476
576 4476
577 4477
578 4477
579 4477
580 4477
581 4477
582 4477
583 4477
584 4477
585 4477
586 4477
587 4478
588 4478
589 4478
590 4478
591 4479
592 4479
593 4479
594 4479
595 4479
596 4479
597 4480
598 4480
599 4480
600 4480
601 4481
602 4481
603 4481
604 4481
605 4481
606 4481
607 4481
608 4481
609 4481
610 4481
611 4481
612 4481
613 4482
614 4482
615 4482
616 4482
617 4483
618 4483
619 4484
620 4484
621 4484
622 4484
623 4485
624 4485
625 4485
626 4485
627 4485
628 4485
629 4485
630 4485
631 4485
632 4485
633 4485
634 4485
635 4485
636 4485
637 4485
638 4485
639 4486
640 4486
641 4486
642 4487
643 4487
644 4487
645 4487
646 4487
647 4487
648 4487
649 4487
650 4487
651 4487
652 4487
653 4487
654 4487
655 4487
656 4487
657 4487
658 4487
659 4487
660 4487
661 4487
662 4487
663 4488
664 4488
665 4488
666 4488
667 4489
668 4489
669 4489
670 4489
671 4489
672 4489
673 4489
674 4489
675 4488
676 4488
677 4488
678 4488
679 4487
680 4487
681 4486
682 4486
683 4486
684 4486
685 4485
686 4485
687 4484
688 4484
689 4484
690 4484
691 4483
692 4483
693 4482
694 4482
695 4482
696 4482
696 4481
697 4480
698 4480
699 4480
700 4480
701 4479
702 4478
703 4478
704 4478
704 4477
705 4476
706 4476
707 4476
708 4475
709 4474
710 4474
711 4474
712 4474
713 4473
714 4473
715 4472
716 4472
717 4472
718 4472
719 4471
720 4471
721 4471
722 4471
723 4471
724 4471
725 4471
726 4471
727 4471
728 4470
729 4470
730 4470
731 4469
732 4469
733 4469
734 4469
735 4469
736 4469
737 4469
738 4469
739 4468
740 4468
741 4468
742 4468
743 4467
744 4467
745 4467
746 4467
747 4466
748 4466
749 4466
750 4466
751 4465
752 4464
753 4464
754 4463
755 4463
756 4462
757 4461
758 4460
758 4459
759 4458
759 4457
759 4456
760 4455
760 4454
760 4453
760 4452
760 4451
760 4450
761 4449
761 4448
761 4447
761 4446
762 4445
762 4444
762 4443
762 4442
762 4441
762 4440
762 4439
762 4438
762 4437
762 4436
761 4435
761 4434
761 4433
761 4432
760 4431
760 4430
760 4429
760 4428
759 4427
759 4426
759 4425
758 4424
758 4423
757 4422
756 4421
756 4420
755 4419
754 4419
753 4418
753 4417
752 4416
751 4415
750 4414
749 4413
749 4412
749 4411
748 4410
748 4409
747 4408
746 4407
746 4406
745 4406
744 4405
744 4404
743 4404
742 4403
742 4402
741 4402
740 4401
740 4400
739 4399
738 4398
738 4397
737 4396
737 4395
736 4394
736 4393
735 4392
734 4391
734 4390
733 4389
732 4388
731 4387
730 4386
730 4385
729 4384
728 4383
727 4382
726 4381
726 4380
725 4379
724 4379
723 4378
723 4377
722 4376
721 4376
720 4375
719 4374
718 4373
717 4373
716 4373
715 4373
714 4372
713 4372
712 4371
711 4371
710 4371
709 4371
708 4370
707 4370
706 4369
705 4369
704 4369
703 4369
702 4368
701 4368
700 4368
699 4368
698 4367
697 4367
696 4367
695 4367
694 4366
693 4366
692 4365
691 4365
690 4365
689 4365
688 4364
687 4364
686 4364
685 4364
684 4364
683 4364
682 4364
681 4364
680 4364
679 4364
678 4364
677 4364
676 4363
675 4363
674 4363
673 4363
672 4362
671 4362
670 4362
669 4362
668 4362
667 4362
666 4362
665 4362
664 4362
663 4362
662 4362
661 4362
660 4362
659 4362
658 4362
657 4362
656 4362
655 4362
654 4362
653 4362
652 4361
651 4361
650 4361
649 4361
648 4360
647 4360
646 4360
645 4360
644 4360
643 4360
642 4360
641 4360
640 4360
639 4360
638 4360
637 4360
636 4360
635 4360
634 4360
633 4360
632 4360
631 4360
630 4360
629 4360
628 4360
627 4360
626 4360
625 4359
624 4359
623 4359
622 4358
621 4358
620 4358
619 4358
618 4358
617 4358
616 4358
615 4358
614 4358
613 4358
612 4358
611 4358
610 4358
609 4358
608 4358
607 4358
606 4358
605 4358
604 4358
603 4358
602 4358
601 4358
600 4358
599 4358
598 4358
597 4358
596 4358
595 4358
594 4358
593 4358
592 4358
591 4358
590 4358
589 4358
588 4358
587 4358
586 4358
585 4358
584 4358
583 4358
582 4358
581 4358
580 4357
579 4357
578 4357
577 4357
576 4356
575 4356
574 4356
573 4356
572 4356
571 4356
570 4356
569 4356
568 4356
567 4356
566 4356
565 4356
564 4356
563 4356
562 4356
561 4356
560 4356
559 4356
558 4356
557 4356
556 4356
555 4356
554 4356
553 4356
552 4356
551 4356
550 4356
549 4356
548 4356
547 4356
546 4356
545 4356
544 4356
543 4356
542 4356
541 4356
540 4356
539 4356
538 4356
537 4356
536 4356
535 4356
534 4356
533 4356
532 4356
531 4356
530 4356
529 4356
528 4355
527 4355
526 4355
525 4355
524 4354
523 4354
522 4354
521 4354
520 4354
519 4354
518 4354
517 4354
516 4354
515 4354
514 4354
513 4354
512 4353
511 4353
510 4353
509 4353
508 4352
507 4352
506 4352
505 4352
504 4352
503 4352
502 4352
501 4352
500 4352
499 4352
498 4352
497 4352
496 4353
495 4353
494 4353
493 4353
492 4354
491 4354
490 4354
489 4354
488 4354
487 4354
486 4354
485 4354
484 4354
483 4354
482 4354
481 4354
480 4354
479 4354
478 4354
477 4354
476 4354
475 4354
474 4354
473 4354
472 4354
471 4354
470 4354
469 4354
468 4354
467 4354
466 4354
465 4354
464 4354
463 4354
462 4354
461 4354
460 4354
459 4354
458 4354
457 4354
456 4354
455 4354
454 4354
453 4354
452 4354
451 4354
450 4354
449 4354
448 4355
447 4355
446 4355
445 4355
444 4356
443 4356
442 4356
441 4356
440 4356
439 4356
438 4356
437 4356
436 4356
435 4356
434 4356
433 4356
432 4356
431 4356
430 4356
429 4356
428 4355
427 4355
426 4355
425 4355
424 4354
423 4354
422 4354
421 4354
420 4354
419 4354
418 4353
417 4353
416 4353
415 4353
414 4352
413 4352
412 4352
411 4352
410 4352
409 4352
408 4352
407 4352
406 4352
405 4352
404 4352
403 4352
402 4352
401 4352
400 4352
399 4352
