635 1832
634 1833
633 1833
632 1833
631 1833
630 1834
629 1834
628 1835
627 1835
626 1835
625 1835
624 1836
623 1836
622 1836
621 1836
620 1837
619 1837
618 1837
617 1837
616 1838
615 1838
614 1839
613 1839
612 1839
611 1839
610 1840
609 1840
608 1840
607 1840
606 1840
605 1840
604 1841
603 1841
602 1841
601 1841
601 1842
600 1843
599 1843
598 1843
597 1843
596 1844
595 1845
594 1845
593 1845
592 1846
591 1846
590 1847
589 1847
588 1847
587 1847
586 1848
585 1848
584 1848
583 1848
582 1848
581 1848
580 1848
579 1848
578 1849
577 1849
576 1849
575 1849
574 1850
573 1850
572 1850
571 1850
570 1850
569 1850
568 1851
567 1851
566 1851
565 1851
564 1852
563 1852
562 1852
561 1852
560 1852
559 1852
558 1852
557 1852
556 1852
555 1852
554 1852
553 1852
552 1853
551 1853
550 1853
549 1853
548 1854
547 1854
546 1855
545 1855
544 1856
543 1856
542 1857
541 1857
540 1858
539 1858
538 1859
537 1859
536 1859
535 1859
534 1860
533 1860
532 1860
531 1860
530 1860
529 1860
528 1859
527 1859
526 1859
525 1859
524 1858
524 1857
523 1857
522 1857
521 1857
520 1857
519 1857
518 1857
517 1857
516 1858
515 1858
514 1858
513 1858
512 1857
511 1857
510 1857
509 1857
508 1857
507 1857
506 1858
505 1858
504 1859
503 1859
502 1859
501 1859
500 1859
499 1859
498 1858
497 1858
496 1857
495 1856
494 1856
493 1855
492 1854
491 1854
490 1854
489 1854
488 1854
487 1854
486 1854
485 1854
484 1854
483 1854
482 1854
481 1854
480 1854
479 1854
478 1854
477 1854
476 1853
475 1853
474 1853
473 1853
472 1853
471 1854
470 1854
470 1855
470 1856
469 1857
468 1858
467 1858
466 1858
465 1858
464 1857
463 1856
462 1856
461 1856
460 1855
459 1855
458 1856
457 1856
456 1856
455 1856
454 1856
453 1856
452 1857
451 1857
450 1857
449 1857
448 1858
447 1858
446 1859
445 1859
444 1860
443 1860
442 1861
441 1861
440 1862
439 1862
438 1863
437 1863
436 1863
435 1864
434 1865
433 1865
433 1866
432 1867
431 1867
430 1868
429 1869
428 1870
427 1871
426 1872
425 1873
424 1874
423 1875
422 1876
422 1877
422 1878
422 1879
421 1880
421 1881
421 1882
421 1883
420 1884
420 1885
420 1886
420 1887
419 1888
419 1889
419 1890
419 1891
419 1892
419 1893
418 1894
418 1895
418 1896
418 1897
417 1898
417 1899
417 1900
417 1901
416 1902
416 1903
416 1904
415 1905
415 1906
415 1907
415 1908
415 1909
415 1910
415 1911
415 1912
414 1913
414 1914
414 1915
413 1916
413 1917
414 1918
414 1919
414 1920
414 1921
415 1922
415 1923
414 1924
413 1925
412 1926
411 1927
410 1928
409 1929
409 1930
408 1931
408 1932
408 1933
407 1934
407 1935
407 1936
407 1937
406 1938
405 1938
404 1938
403 1938
402 1939
401 1939
400 1939
399 1939
398 1940
397 1940
396 1940
395 1940
394 1940
393 1940
392 1940
391 1940
390 1939
389 1939
388 1939
387 1938
386 1937
385 1937
384 1936
383 1936
382 1935
381 1934
380 1933
379 1933
378 1933
377 1933
376 1933
375 1933
374 1933
373 1934
372 1934
371 1935
370 1935
369 1935
368 1936
367 1936
366 1936
365 1936
364 1936
363 1937
362 1938
361 1939
360 1939
359 1940
358 1941
357 1941
356 1942
355 1942
354 1942
353 1942
352 1943
351 1943
350 1943
349 1943
349 1944
348 1945
347 1945
346 1945
345 1945
344 1946
343 1946
342 1947
341 1947
340 1947
339 1947
338 1948
337 1948
336 1948
335 1948
334 1949
333 1949
332 1950
331 1950
330 1951
329 1951
328 1952
327 1952
326 1952
325 1952
324 1953
323 1953
322 1953
321 1953
320 1954
319 1954
318 1955
317 1955
316 1955
315 1955
314 1956
313 1957
312 1957
311 1958
310 1959
309 1960
308 1961
308 1962
307 1963
307 1964
306 1965
305 1966
304 1967
303 1968
302 1969
301 1969
301 1970
300 1971
299 1971
298 1971
297 1972
296 1973
295 1973
294 1973
293 1974
292 1975
291 1975
290 1975
289 1975
289 1976
288 1977
287 1977
286 1977
285 1977
284 1978
283 1978
282 1979
281 1979
280 1979
279 1980
278 1980
277 1981
276 1981
275 1981
274 1982
273 1982
272 1983
271 1983
270 1983
269 1983
268 1984
267 1984
266 1984
265 1984
264 1985
263 1985
262 1985
261 1985
260 1986
259 1986
258 1986
257 1986
256 1987
255 1987
254 1988
253 1988
253 1989
252 1990
251 1990
250 1991
249 1991
249 1992
248 1993
247 1994
247 1995
247 1996
247 1997
247 1998
247 1999
246 2000
245 2000
244 2000
243 2000
242 2001
241 2001
240 2002
239 2002
238 2003
238 2004
237 2005
236 2006
236 2007
235 2008
234 2009
234 2010
233 2011
232 2011
231 2012
231 2013
230 2014
229 2015
229 2016
229 2017
229 2018
229 2019
229 2020
229 2021
228 2022
228 2023
227 2024
226 2025
225 2025
225 2026
224 2027
223 2027
222 2028
221 2028
221 2029
220 2030
219 2030
219 2031
218 2032
218 2033
217 2034
217 2035
217 2036
217 2037
217 2038
217 2039
217 2040
217 2041
217 2042
217 2043
217 2044
217 2045
217 2046
217 2047
217 2048
217 2049
217 2050
217 2051
217 2052
217 2053
217 2054
217 2055
217 2056
217 2057
216 2058
216 2059
215 2060
215 2061
214 2062
213 2062
213 2063
212 2064
211 2065
211 2066
210 2067
210 2068
210 2069
209 2070
209 2071
209 2072
209 2073
208 2074
208 2075
208 2076
208 2077
207 2078
207 2079
207 2080
207 2081
207 2082
207 2083
207 2084
207 2085
206 2086
206 2087
205 2088
204 2089
203 2090
202 2091
201 2091
201 2092
200 2093
199 2094
199 2095
199 2096
199 2097
198 2098
198 2099
197 2100
197 2101
196 2102
196 2103
195 2104
195 2105
195 2106
195 2107
194 2108
194 2109
194 2110
194 2111
193 2112
193 2113
193 2114
193 2115
193 2116
193 2117
192 2118
192 2119
192 2120
191 2121
190 2121
190 2122
190 2123
189 2124
189 2125
188 2126
188 2127
188 2128
187 2129
186 2129
186 2130
185 2131
184 2132
184 2133
183 2134
183 2135
183 2136
183 2137
182 2138
182 2139
182 2140
182 2141
181 2142
181 2143
181 2144
180 2145
179 2146
179 2147
178 2148
177 2148
176 2149
175 2149
174 2150
173 2151
172 2152
171 2152
170 2153
170 2154
169 2155
168 2155
167 2156
167 2157
166 2158
165 2159
165 2160
165 2161
165 2162
165 2163
164 2164
164 2165
164 2166
164 2167
163 2168
163 2169
163 2170
163 2171
163 2172
163 2173
162 2174
162 2175
162 2176
161 2177
160 2178
160 2179
159 2180
158 2181
157 2182
156 2183
155 2183
154 2184
153 2185
152 2186
151 2187
150 2188
150 2189
149 2190
148 2191
148 2192
147 2193
146 2193
145 2194
144 2195
143 2196
142 2197
141 2197
140 2198
139 2198
138 2199
138 2200
137 2201
136 2202
135 2203
135 2204
135 2205
135 2206
135 2207
134 2208
134 2209
134 2210
134 2211
133 2212
133 2213
132 2214
132 2215
132 2216
132 2217
131 2218
131 2219
131 2220
131 2221
132 2222
132 2223
132 2224
132 2225
133 2226
133 2227
133 2228
133 2229
133 2230
133 2231
133 2232
133 2233
133 2234
133 2235
132 2236
131 2237
130 2238
129 2239
128 2240
127 2241
127 2242
126 2243
125 2244
125 2245
124 2246
124 2247
123 2248
123 2249
123 2250
123 2251
123 2252
123 2253
123 2254
123 2255
123 2256
123 2257
123 2258
123 2259
122 2260
122 2261
122 2262
122 2263
121 2264
121 2265
120 2266
120 2267
119 2268
119 2269
118 2270
117 2271
117 2272
117 2273
116 2274
116 2275
115 2276
115 2277
114 2278
113 2279
113 2280
112 2281
112 2282
112 2283
111 2284
111 2285
111 2286
111 2287
111 2288
111 2289
111 2290
111 2291
110 2292
110 2293
110 2294
110 2295
109 2296
109 2297
108 2298
108 2299
108 2300
108 2301
107 2302
106 2303
105 2304
104 2305
103 2306
103 2307
102 2308
102 2309
101 2310
101 2311
101 2312
101 2313
100 2314
100 2315
100 2316
100 2317
99 2318
99 2319
99 2320
99 2321
99 2322
99 2323
99 2324
99 2325
98 2326
98 2327
98 2328
97 2329
97 2330
96 2331
96 2332
96 2333
95 2334
95 2335
95 2336
95 2337
94 2338
93 2339
92 2340
91 2341
90 2342
89 2343
88 2343
88 2344
88 2345
87 2346
86 2346
86 2347
86 2348
86 2349
85 2350
85 2351
84 2352
83 2353
83 2354
82 2355
81 2356
80 2357
79 2358
79 2359
78 2360
77 2361
77 2362
77 2363
77 2364
77 2365
77 2366
77 2367
77 2368
78 2369
78 2370
78 2371
79 2372
79 2373
79 2374
79 2375
79 2376
79 2377
80 2378
80 2379
80 2380
80 2381
81 2382
81 2383
81 2384
82 2385
82 2386
83 2387
83 2388
84 2389
84 2390
84 2391
85 2392
85 2393
85 2394
85 2395
85 2396
85 2397
85 2398
85 2399
85 2400
85 2401
85 2402
85 2403
85 2404
85 2405
85 2406
85 2407
85 2408
85 2409
86 2410
86 2411
86 2412
86 2413
87 2414
87 2415
87 2416
87 2417
88 2418
88 2419
89 2420
90 2421
91 2422
92 2422
93 2423
94 2424
95 2425
96 2426
96 2427
97 2428
97 2429
97 2430
97 2431
98 2432
98 2433
99 2434
99 2435
100 2436
101 2437
102 2438
103 2439
103 2440
104 2441
104 2442
104 2443
105 2444
105 2445
106 2446
106 2447
106 2448
107 2449
107 2450
108 2451
108 2452
108 2453
109 2454
109 2455
109 2456
109 2457
110 2458
110 2459
110 2460
111 2461
111 2462
112 2463
112 2464
113 2465
113 2466
114 2467
115 2468
115 2469
116 2470
116 2471
117 2471
118 2472
118 2473
118 2474
119 2475
119 2476
120 2477
121 2478
122 2479
123 2480
124 2481
125 2481
126 2482
127 2483
128 2484
129 2484
130 2485
131 2486
132 2486
133 2487
134 2487
135 2488
135 2489
136 2490
137 2491
138 2492
139 2493
139 2494
140 2494
141 2495
142 2495
143 2496
143 2497
144 2498
145 2498
146 2499
147 2500
147 2501
148 2502
149 2503
149 2504
150 2505
151 2506
152 2506
153 2507
153 2508
154 2508
155 2509
156 2509
157 2510
157 2511
158 2511
159 2512
160 2512
161 2513
162 2513
163 2513
164 2513
165 2513
166 2513
167 2512
168 2512
169 2512
170 2512
171 2511
172 2511
173 2511
174 2511
175 2511
176 2511
177 2511
178 2511
179 2511
180 2511
181 2511
182 2511
183 2511
184 2511
185 2512
186 2512
187 2512
188 2512
189 2513
190 2513
191 2513
192 2513
193 2514
194 2514
195 2515
196 2515
197 2516
198 2516
199 2517
199 2518
200 2519
201 2519
202 2520
203 2521
204 2521
205 2521
206 2521
207 2521
208 2521
209 2522
210 2522
211 2522
212 2522
213 2523
213 2524
214 2524
215 2525
216 2526
217 2526
218 2527
219 2528
220 2529
221 2529
222 2530
223 2531
224 2532
225 2533
226 2534
227 2535
228 2536
229 2536
230 2537
231 2537
232 2538
233 2539
234 2540
235 2541
236 2542
237 2542
238 2543
239 2544
239 2545
240 2546
241 2547
241 2548
242 2549
243 2550
243 2551
244 2551
245 2552
246 2552
247 2553
248 2553
249 2553
250 2553
251 2553
252 2553
253 2553
254 2553
255 2553
256 2553
257 2553
258 2553
259 2553
260 2553
261 2553
262 2553
263 2553
264 2554
265 2554
266 2554
267 2555
268 2555
269 2554
270 2554
271 2554
272 2554
273 2553
274 2553
275 2553
276 2553
277 2553
278 2553
279 2553
280 2553
281 2553
282 2553
283 2553
284 2553
285 2553
286 2553
287 2553
288 2553
289 2553
290 2553
291 2554
292 2554
293 2554
294 2554
295 2555
296 2555
297 2556
298 2556
299 2557
300 2557
301 2558
302 2558
303 2559
304 2559
305 2560
306 2560
307 2561
308 2562
309 2562
310 2562
311 2563
312 2563
313 2563
314 2563
315 2563
316 2563
317 2563
318 2563
319 2562
320 2562
321 2561
322 2560
322 2559
322 2558
323 2557
323 2556
324 2555
325 2554
325 2553
326 2552
327 2551
328 2551
329 2550
330 2550
330 2549
331 2548
332 2548
333 2548
334 2548
335 2547
336 2546
337 2546
338 2545
339 2545
340 2544
341 2544
342 2544
343 2543
344 2543
345 2543
346 2543
347 2543
348 2543
349 2544
350 2544
351 2544
352 2544
353 2545
354 2545
355 2546
356 2546
357 2547
358 2548
358 2549
359 2549
360 2550
361 2551
362 2551
363 2552
364 2552
365 2552
366 2552
367 2553
368 2553
369 2554
370 2554
371 2555
372 2555
373 2556
373 2557
374 2557
375 2558
376 2558
377 2559
377 2560
378 2560
379 2560
380 2560
381 2561
382 2561
383 2561
384 2561
385 2561
386 2561
387 2561
388 2561
389 2562
389 2563
389 2564
389 2565
390 2566
390 2567
391 2568
392 2568
393 2569
394 2569
395 2569
396 2569
397 2569
398 2569
399 2569
400 2569
401 2569
402 2569
403 2569
404 2569
405 2569
406 2569
407 2569
408 2569
409 2569
410 2569
411 2569
412 2569
413 2569
414 2569
415 2569
416 2569
417 2569
418 2569
419 2569
420 2569
421 2569
422 2569
423 2569
424 2569
425 2569
426 2569
427 2569
428 2569
429 2569
430 2569
431 2569
432 2569
433 2569
434 2569
435 2569
436 2569
437 2569
438 2569
439 2569
440 2569
441 2569
442 2569
443 2569
444 2569
445 2570
446 2570
447 2571
448 2572
449 2573
450 2574
451 2575
451 2576
452 2577
452 2578
452 2579
453 2580
453 2581
453 2582
453 2583
452 2584
452 2585
452 2586
452 2587
451 2588
451 2589
451 2590
451 2591
451 2592
451 2593
451 2594
451 2595
452 2596
452 2597
452 2598
453 2598
454 2599
454 2600
455 2601
456 2602
457 2603
458 2603
459 2603
460 2603
461 2603
462 2603
463 2603
464 2603
465 2603
466 2603
467 2603
468 2603
469 2604
470 2604
471 2604
472 2604
473 2605
474 2605
475 2605
476 2605
477 2605
478 2605
479 2605
480 2604
481 2604
482 2604
483 2603
484 2603
485 2603
486 2603
487 2603
488 2603
488 2602
488 2601
488 2600
488 2599
488 2598
488 2597
488 2596
489 2595
489 2594
490 2593
491 2592
492 2591
493 2591
494 2591
495 2592
496 2592
497 2593
498 2594
499 2595
500 2596
500 2597
500 2598
501 2599
501 2600
502 2601
503 2602
503 2603
504 2603
505 2604
505 2605
506 2605
507 2606
508 2606
509 2607
510 2607
511 2607
512 2607
513 2607
514 2607
515 2608
516 2608
517 2608
518 2608
519 2609
520 2609
521 2610
522 2610
523 2610
524 2610
525 2611
526 2611
527 2611
528 2611
529 2612
530 2612
531 2613
532 2614
533 2614
534 2615
534 2616
535 2617
536 2618
537 2619
537 2620
538 2621
539 2622
539 2623
540 2623
541 2624
541 2625
542 2626
543 2627
544 2628
545 2629
545 2630
546 2630
547 2631
548 2631
549 2632
550 2632
551 2633
552 2633
553 2633
554 2633
555 2633
556 2633
557 2634
558 2634
559 2634
560 2634
561 2635
562 2635
563 2635
564 2635
565 2635
566 2635
567 2635
568 2635
569 2635
570 2635
571 2636
572 2636
573 2636
574 2636
575 2637
576 2637
577 2637
578 2637
579 2637
580 2637
581 2637
582 2637
583 2637
584 2637
585 2637
586 2637
587 2637
588 2637
589 2637
590 2637
591 2637
592 2637
593 2637
594 2637
595 2637
596 2637
597 2638
598 2638
599 2638
600 2638
601 2639
601 2640
602 2640
603 2640
604 2640
605 2641
606 2641
607 2642
608 2642
609 2642
610 2642
611 2643
612 2643
613 2644
614 2645
615 2646
616 2647
617 2648
617 2649
618 2649
619 2650
620 2651
621 2651
622 2652
623 2653
624 2654
625 2654
626 2654
627 2655
628 2655
629 2655
630 2655
631 2656
632 2656
633 2657
634 2657
635 2658
636 2658
637 2659
638 2659
639 2660
640 2660
641 2660
642 2660
643 2660
644 2660
645 2660
646 2659
647 2658
648 2658
649 2657
650 2657
651 2656
652 2656
653 2655
654 2655
655 2655
656 2655
657 2655
658 2655
659 2655
660 2655
661 2655
662 2655
663 2655
664 2655
665 2655
666 2655
667 2654
668 2653
669 2652
670 2651
671 2650
672 2650
673 2649
674 2649
675 2649
676 2649
677 2649
678 2649
679 2649
680 2649
681 2649
682 2649
683 2650
684 2650
685 2650
686 2650
687 2651
688 2651
689 2651
690 2651
691 2652
692 2652
693 2652
694 2652
695 2653
696 2653
697 2653
698 2653
699 2654
700 2654
701 2654
702 2654
703 2655
704 2656
705 2656
706 2656
707 2657
708 2657
709 2658
710 2658
711 2658
712 2658
713 2659
714 2659
715 2659
716 2659
717 2659
718 2659
719 2659
720 2659
721 2659
722 2659
723 2659
724 2659
725 2659
726 2659
727 2659
728 2659
729 2659
730 2659
731 2659
732 2659
733 2659
734 2659
735 2659
736 2659
736 2658
736 2657
736 2656
736 2655
736 2654
736 2653
736 2652
737 2651
737 2650
737 2649
738 2648
738 2647
739 2646
740 2645
741 2644
742 2643
743 2642
744 2642
745 2641
746 2641
747 2641
748 2641
749 2641
750 2641
751 2640
752 2640
753 2640
754 2640
755 2639
756 2639
757 2639
758 2639
759 2639
760 2639
761 2639
762 2639
763 2639
764 2639
765 2639
766 2639
767 2639
768 2639
769 2639
770 2639
771 2639
772 2639
773 2639
774 2639
775 2639
776 2639
777 2639
778 2639
779 2639
780 2639
781 2639
782 2639
783 2639
784 2639
785 2639
786 2639
787 2639
788 2639
789 2639
790 2639
791 2639
792 2639
793 2639
794 2639
795 2639
796 2639
797 2638
798 2637
799 2637
800 2636
801 2635
802 2635
803 2635
804 2635
805 2634
806 2634
807 2634
808 2634
809 2633
810 2633
811 2633
812 2633
813 2633
814 2633
815 2632
816 2632
817 2632
817 2631
818 2630
819 2629
820 2629
820 2628
821 2627
822 2627
823 2626
823 2625
824 2624
825 2624
825 2623
826 2622
827 2621
828 2621
828 2620
829 2619
830 2619
831 2618
831 2617
832 2616
833 2616
834 2616
835 2615
836 2615
837 2615
838 2615
839 2615
840 2615
841 2614
842 2614
843 2613
844 2613
845 2612
846 2611
847 2611
848 2610
849 2610
850 2610
851 2609
852 2609
853 2609
854 2609
855 2608
856 2608
857 2607
858 2607
859 2606
860 2606
861 2605
862 2605
863 2604
864 2604
865 2604
866 2604
867 2603
868 2603
869 2602
870 2601
871 2601
872 2600
872 2599
873 2598
874 2598
875 2597
876 2597
877 2596
878 2596
879 2595
880 2594
881 2593
882 2593
883 2592
884 2592
885 2591
886 2590
887 2590
888 2590
889 2589
890 2589
891 2589
892 2589
893 2588
894 2588
895 2588
896 2588
897 2587
898 2587
899 2587
900 2587
901 2586
902 2586
903 2585
904 2585
905 2584
906 2584
907 2583
908 2583
909 2583
910 2583
911 2582
912 2582
913 2582
914 2581
915 2580
916 2580
917 2579
918 2579
919 2578
920 2578
921 2577
922 2577
922 2576
923 2575
924 2575
925 2574
926 2573
927 2572
928 2571
929 2571
930 2570
931 2569
932 2568
933 2568
934 2567
935 2567
936 2566
937 2565
938 2565
938 2564
939 2563
940 2563
941 2562
942 2561
943 2560
944 2560
944 2559
945 2558
946 2557
946 2556
947 2555
947 2554
948 2553
949 2552
950 2551
951 2550
952 2550
952 2549
953 2548
954 2548
955 2548
956 2547
957 2546
958 2546
959 2546
960 2546
960 2545
961 2544
962 2544
963 2543
964 2542
964 2541
965 2540
966 2539
967 2538
967 2537
968 2536
969 2536
970 2535
971 2534
972 2533
973 2533
974 2532
975 2531
976 2530
977 2530
978 2529
979 2528
980 2527
981 2526
982 2526
983 2525
984 2525
985 2524
986 2524
987 2523
988 2522
989 2522
990 2521
991 2520
991 2519
992 2518
993 2518
994 2517
995 2516
996 2515
997 2515
998 2514
999 2514
999 2513
1000 2512
1001 2511
1002 2511
1003 2510
1004 2510
1005 2509
1006 2509
1007 2509
1008 2509
1009 2508
1010 2507
1011 2507
1011 2506
1011 2505
1012 2504
1012 2503
1013 2502
1014 2501
1014 2500
1015 2499
1015 2498
1016 2497
1016 2496
1016 2495
1016 2494
1016 2493
1016 2492
1017 2491
1017 2490
1017 2489
1018 2488
1019 2488
1019 2487
1020 2486
1021 2486
1021 2485
1022 2484
1022 2483
1022 2482
1022 2481
1021 2480
1021 2479
1021 2478
1020 2477
1020 2476
1021 2475
1022 2475
1023 2475
1024 2475
1025 2475
1026 2475
1027 2474
1028 2473
1029 2473
1030 2472
1030 2471
1031 2470
1032 2469
1032 2468
1032 2467
1032 2466
1033 2465
1033 2464
1034 2463
1035 2462
1035 2461
1035 2460
1036 2459
1036 2458
1037 2457
1037 2456
1037 2455
1037 2454
1038 2453
1038 2452
1038 2451
1038 2450
1039 2449
1039 2448
1039 2447
1040 2446
1040 2445
1041 2444
1041 2443
1041 2442
1042 2441
1042 2440
1042 2439
1042 2438
1043 2437
1043 2436
1043 2435
1044 2434
1044 2433
1045 2432
1045 2431
1045 2430
1046 2429
1046 2428
1046 2427
1046 2426
1046 2425
1046 2424
1047 2423
1047 2422
1047 2421
1047 2420
1048 2419
1048 2418
1048 2417
1048 2416
1048 2415
1048 2414
1048 2413
1048 2412
1049 2411
1049 2410
1049 2409
1049 2408
1050 2407
1050 2406
1051 2405
1051 2404
1051 2403
1051 2402
1052 2401
1053 2401
1053 2400
1053 2399
1053 2398
1054 2397
1054 2396
1054 2395
1054 2394
1054 2393
1054 2392
1054 2391
1054 2390
1055 2389
1055 2388
1055 2387
1055 2386
1056 2385
1056 2384
1057 2383
1057 2382
1057 2381
1057 2380
1058 2379
1058 2378
1058 2377
1058 2376
1058 2375
1058 2374
1059 2373
1059 2372
1059 2371
1060 2370
1060 2369
1061 2368
1061 2367
1061 2366
1062 2365
1062 2364
1062 2363
1062 2362
1062 2361
1062 2360
1063 2359
1063 2358
1064 2357
1064 2356
1065 2355
1066 2354
1066 2353
1067 2352
1067 2351
1067 2350
1068 2349
1068 2348
1068 2347
1068 2346
1068 2345
1068 2344
1068 2343
1068 2342
1069 2341
1069 2340
1069 2339
1069 2338
1070 2337
1070 2336
1070 2335
1070 2334
1070 2333
1070 2332
1070 2331
1070 2330
1070 2329
1070 2328
1070 2327
1070 2326
1070 2325
1070 2324
1070 2323
1070 2322
1070 2321
1070 2320
1069 2319
1069 2318
1068 2317
1067 2316
1067 2315
1066 2314
1065 2313
1064 2312
1063 2312
1062 2311
1061 2310
1060 2310
1059 2309
1058 2308
1057 2307
1056 2307
1055 2307
1054 2306
1054 2305
1053 2304
1052 2303
1052 2302
1051 2301
1051 2300
1050 2300
1049 2300
1048 2299
1047 2299
1046 2299
1045 2299
1044 2298
1043 2297
1042 2296
1041 2295
1040 2294
1039 2294
1038 2294
1037 2294
1036 2293
1036 2292
1037 2291
1037 2290
1037 2289
1037 2288
1038 2287
1038 2286
1038 2285
1038 2284
1037 2283
1037 2282
1037 2281
1037 2280
1036 2279
1036 2278
1036 2277
1036 2276
1036 2275
1036 2274
1036 2273
1036 2272
1036 2271
1035 2270
1034 2269
1034 2268
1033 2267
1032 2267
1031 2266
1031 2265
1030 2264
1029 2263
1029 2262
1028 2261
1028 2260
1028 2259
1028 2258
1028 2257
1028 2256
1028 2255
1028 2254
1028 2253
1028 2252
1028 2251
1028 2250
1028 2249
1028 2248
1028 2247
1028 2246
1028 2245
1028 2244
1029 2243
1029 2242
1030 2241
1030 2240
1031 2239
1032 2238
1032 2237
1033 2236
1034 2235
1034 2234
1035 2233
1036 2232
1036 2231
1036 2230
1037 2229
1037 2228
1037 2227
1037 2226
1038 2225
1038 2224
1039 2223
1039 2222
1039 2221
1039 2220
1040 2219
1040 2218
1040 2217
1040 2216
1041 2215
1041 2214
1041 2213
1041 2212
1042 2211
1042 2210
1042 2209
1043 2208
1043 2207
1043 2206
1044 2205
1044 2204
1044 2203
1044 2202
1044 2201
1044 2200
1045 2199
1045 2198
1045 2197
1045 2196
1046 2195
1046 2194
1046 2193
1046 2192
1046 2191
1046 2190
1046 2189
1046 2188
1046 2187
1046 2186
1046 2185
1046 2184
1046 2183
1046 2182
1045 2181
1045 2180
1045 2179
1045 2178
1044 2177
1044 2176
1044 2175
1044 2174
1043 2173
1043 2172
1043 2171
1043 2170
1042 2169
1042 2168
1043 2167
1043 2166
1043 2165
1043 2164
1044 2163
1044 2162
1044 2161
1044 2160
1044 2159
1044 2158
1044 2157
1044 2156
1044 2155
1044 2154
1044 2153
1044 2152
1044 2151
1044 2150
1044 2149
1044 2148
1043 2147
1043 2146
1042 2145
1042 2144
1041 2143
1040 2142
1040 2141
1039 2140
1039 2139
1039 2138
1038 2137
1038 2136
1038 2135
1038 2134
1037 2133
1037 2132
1037 2131
1036 2131
1035 2130
1035 2129
1035 2128
1034 2127
1034 2126
1034 2125
1034 2124
1034 2123
1034 2122
1034 2121
1034 2120
1034 2119
1034 2118
1034 2117
1034 2116
1034 2115
1034 2114
1034 2113
1033 2112
1033 2111
1033 2110
1032 2109
1032 2108
1031 2107
1031 2106
1030 2105
1029 2104
1029 2103
1028 2102
1027 2101
1027 2100
1026 2099
1026 2098
1026 2097
1026 2096
1026 2095
1026 2094
1026 2093
1026 2092
1026 2091
1026 2090
1026 2089
1026 2088
1026 2087
1026 2086
1026 2085
1026 2084
1025 2083
1025 2082
1025 2081
1025 2080
1024 2079
1024 2078
1024 2077
1024 2076
1023 2075
1023 2074
1023 2073
1022 2072
1022 2071
1022 2070
1022 2069
1022 2068
1022 2067
1022 2066
1022 2065
1022 2064
1021 2063
1021 2062
1021 2061
1021 2060
1020 2060
1019 2059
1019 2058
1019 2057
1019 2056
1018 2055
1018 2054
1018 2053
1018 2052
1018 2051
1018 2050
1018 2049
1018 2048
1018 2047
1018 2046
1018 2045
1018 2044
1017 2043
1017 2042
1017 2041
1016 2040
1016 2039
1016 2038
1015 2037
1015 2036
1014 2035
1014 2034
1013 2033
1013 2032
1012 2031
1012 2030
1012 2029
1012 2028
1012 2027
1012 2026
1011 2025
1011 2024
1011 2023
1011 2022
1010 2021
1010 2020
1009 2019
1009 2018
1009 2017
1008 2016
1008 2015
1008 2014
1007 2013
1007 2012
1006 2011
1006 2010
1005 2009
1005 2008
1004 2007
1004 2006
1004 2005
1004 2004
1003 2003
1003 2002
1002 2001
1001 2001
1000 2000
1000 1999
999 1999
998 1998
997 1998
996 1997
996 1996
995 1995
994 1995
993 1994
993 1993
992 1993
991 1992
990 1991
989 1991
988 1990
987 1989
986 1988
985 1987
985 1986
984 1985
983 1984
982 1983
982 1982
981 1982
980 1981
980 1980
979 1980
978 1979
977 1979
976 1978
976 1977
975 1977
974 1976
973 1975
972 1975
971 1974
970 1974
969 1973
968 1972
967 1972
966 1971
965 1970
965 1969
964 1968
963 1967
962 1966
961 1965
960 1964
959 1964
958 1963
958 1962
957 1962
956 1961
956 1960
955 1959
954 1958
954 1957
953 1956
953 1955
952 1955
951 1954
951 1953
950 1952
949 1951
948 1950
947 1950
946 1949
946 1948
945 1948
944 1947
943 1946
942 1946
941 1945
940 1944
939 1943
938 1942
937 1942
936 1941
935 1941
934 1940
934 1939
933 1939
932 1939
931 1938
930 1937
929 1937
928 1936
927 1935
926 1935
925 1934
924 1933
923 1932
922 1932
921 1932
920 1933
919 1933
918 1934
917 1934
916 1935
915 1936
914 1937
913 1937
912 1937
911 1937
910 1937
909 1937
908 1936
907 1936
906 1936
905 1936
904 1936
903 1936
902 1936
901 1936
900 1936
899 1936
898 1936
897 1936
896 1936
895 1936
894 1936
893 1936
892 1936
891 1936
890 1937
889 1937
888 1937
887 1937
886 1938
885 1938
884 1938
883 1938
882 1938
881 1938
880 1938
879 1938
878 1939
877 1939
876 1939
875 1939
874 1940
873 1940
872 1940
871 1940
870 1940
869 1940
868 1940
867 1940
866 1939
865 1939
864 1939
863 1938
862 1938
861 1938
860 1938
859 1938
858 1938
857 1938
856 1938
855 1938
854 1937
853 1937
852 1937
851 1937
850 1936
849 1936
848 1936
847 1936
846 1937
845 1937
844 1938
843 1939
842 1940
842 1941
842 1942
841 1943
840 1943
839 1944
838 1945
837 1945
836 1946
835 1946
834 1946
833 1946
832 1946
831 1946
830 1946
829 1946
828 1945
827 1945
826 1944
825 1944
824 1943
823 1943
822 1942
821 1942
820 1942
819 1942
818 1943
817 1943
816 1943
815 1944
814 1944
813 1944
812 1944
811 1944
810 1944
809 1944
808 1944
807 1944
806 1944
805 1944
804 1944
803 1944
802 1944
801 1943
800 1943
799 1943
798 1942
797 1942
796 1942
795 1942
794 1942
793 1942
792 1942
791 1942
790 1942
789 1942
788 1941
787 1941
786 1941
785 1941
784 1940
783 1940
782 1939
781 1939
780 1938
779 1937
778 1937
777 1937
776 1936
776 1935
775 1935
774 1934
773 1934
772 1933
772 1932
771 1931
770 1931
769 1930
769 1929
768 1928
767 1927
767 1926
766 1925
766 1924
765 1923
765 1922
765 1921
764 1920
763 1919
762 1918
762 1917
761 1916
761 1915
760 1914
760 1913
759 1912
759 1911
759 1910
758 1909
758 1908
758 1907
758 1906
758 1905
758 1904
757 1904
756 1904
755 1904
754 1903
753 1903
752 1903
751 1903
750 1902
749 1902
748 1902
747 1902
746 1901
745 1901
744 1900
743 1900
742 1899
741 1899
740 1898
739 1898
738 1898
737 1898
736 1898
735 1898
734 1897
733 1897
732 1897
731 1897
730 1897
729 1897
728 1897
727 1898
726 1898
725 1898
724 1897
723 1897
722 1896
721 1895
720 1894
720 1893
719 1892
718 1891
718 1890
717 1889
717 1888
716 1887
716 1886
716 1885
716 1884
715 1883
715 1882
715 1881
714 1880
714 1879
713 1878
712 1877
711 1876
711 1875
710 1874
709 1873
708 1872
707 1871
706 1870
706 1869
705 1868
705 1867
704 1866
704 1865
703 1864
702 1863
702 1862
701 1862
700 1861
699 1860
698 1859
697 1858
696 1857
696 1856
696 1855
695 1854
694 1853
693 1852
692 1851
691 1851
690 1851
689 1851
688 1850
688 1849
687 1849
686 1849
685 1849
684 1848
683 1848
682 1848
681 1848
680 1848
679 1848
678 1848
677 1848
676 1847
675 1847
674 1846
673 1846
672 1845
672 1844
671 1844
670 1843
669 1843
668 1842
667 1842
666 1841
665 1841
664 1840
663 1839
662 1838
661 1837
660 1836
659 1836
658 1836
657 1836
656 1835
655 1835
654 1835
653 1835
652 1834
651 1834
650 1834
649 1834
648 1833
647 1833
646 1833
645 1833
644 1832
643 1832
642 1832
641 1832
640 1832
639 1832
638 1832
637 1832
636 1832
635 1832
