2060 4433
2059 4434
2058 4435
2057 4435
2056 4436
2055 4436
2054 4437
2053 4437
2052 4437
2051 4437
2050 4437
2049 4437
2048 4437
2047 4437
2046 4437
2045 4437
2044 4437
2043 4437
2042 4437
2041 4437
2040 4437
2039 4437
2038 4437
2037 4437
2036 4437
2035 4437
2034 4437
2033 4437
2032 4437
2031 4437
2030 4437
2029 4437
2028 4438
2027 4438
2026 4439
2025 4439
2024 4440
2023 4440
2022 4441
2021 4441
2020 4441
2019 4442
2018 4442
2017 4442
2016 4443
2015 4443
2014 4443
2013 4443
2012 4443
2011 4443
2010 4443
2009 4443
2008 4444
2007 4444
2006 4444
2005 4444
2004 4445
2003 4445
2002 4445
2001 4445
2000 4446
1999 4446
1998 4447
1997 4447
1996 4448
1995 4449
1994 4449
1993 4450
1992 4450
1991 4451
1990 4452
1989 4452
1988 4452
1987 4452
1986 4453
1985 4453
1984 4453
1983 4453
1982 4453
1981 4453
1980 4454
1979 4454
1978 4454
1977 4454
1976 4455
1975 4455
1974 4455
1973 4455
1972 4455
1971 4455
1970 4455
1969 4455
1968 4455
1967 4455
1966 4455
1965 4455
1964 4455
1963 4455
1962 4455
1961 4455
1960 4455
1959 4455
1958 4455
1957 4455
1956 4455
1955 4455
1954 4455
1953 4455
1952 4455
1951 4455
1950 4455
1949 4455
1948 4455
1947 4455
1946 4455
1945 4456
1944 4456
1943 4456
1942 4457
1941 4457
1940 4457
1939 4457
1938 4457
1937 4457
1936 4457
1935 4457
1934 4457
1933 4457
1932 4457
1931 4457
1930 4458
1929 4458
1928 4458
1927 4459
1926 4459
1925 4459
1924 4459
1923 4459
1922 4459
1921 4459
1920 4459
1919 4459
1918 4459
1917 4459
1916 4460
1915 4460
1914 4460
1913 4460
1912 4461
1911 4461
1910 4461
1909 4461
1908 4461
1907 4461
1906 4461
1905 4462
1904 4462
1903 4462
1902 4463
1901 4464
1900 4464
1899 4464
1898 4465
1897 4465
1896 4465
1895 4465
1894 4466
1893 4466
1892 4466
1891 4467
1890 4468
1889 4468
1888 4468
1887 4468
1886 4469
1885 4469
1884 4470
1883 4470
1882 4470
1881 4470
1880 4471
1879 4472
1878 4472
1877 4473
1876 4473
1875 4474
1874 4474
1873 4474
1872 4475
1871 4475
1870 4475
1869 4475
1868 4476
1867 4476
1866 4476
1865 4476
1864 4477
1863 4477
1862 4478
1861 4478
1860 4478
1859 4478
1858 4479
1857 4479
1856 4479
1855 4479
1854 4480
1853 4480
1852 4480
1851 4481
1850 4481
1849 4482
1848 4483
1847 4483
1846 4484
1845 4485
1844 4485
1843 4486
1842 4486
1841 4486
1840 4487
1839 4487
1838 4488
1837 4488
1836 4488
1835 4489
1834 4489
1833 4490
1832 4490
1831 4491
1830 4491
1829 4492
1828 4493
1827 4493
1826 4494
1825 4494
1825 4495
1824 4496
1823 4496
1822 4497
1821 4498
1820 4498
1819 4499
1818 4500
1817 4500
1816 4501
1815 4501
1814 4502
1813 4502
1812 4502
1811 4502
1810 4503
1809 4504
1808 4504
1807 4505
1806 4505
1805 4506
1804 4507
1803 4507
1803 4508
1802 4509
1801 4510
1800 4510
1799 4511
1798 4512
1798 4513
1797 4514
1796 4515
1795 4515
1794 4516
1793 4516
1793 4517
1792 4518
1791 4518
1790 4518
1789 4518
1788 4519
1787 4519
1786 4520
1785 4520
1784 4520
1783 4520
1782 4521
1781 4521
1780 4521
1779 4521
1778 4522
1777 4522
1776 4523
1775 4523
1774 4524
1773 4524
1772 4525
1771 4525
1770 4526
1769 4526
1768 4527
1767 4527
1766 4528
1765 4528
1764 4529
1763 4529
1762 4529
1761 4529
1760 4529
1759 4529
1758 4530
1757 4530
1756 4531
1755 4531
1754 4532
1753 4532
1753 4533
1752 4534
1751 4534
1750 4534
1749 4534
1748 4535
1747 4535
1746 4536
1745 4536
1744 4536
1743 4536
1742 4537
1741 4537
1740 4537
1739 4537
1738 4537
1737 4537
1736 4537
1735 4537
1734 4537
1733 4537
1732 4538
1731 4538
1730 4538
1729 4538
1729 4539
1728 4540
1727 4540
1726 4541
1725 4541
1725 4542
1724 4543
1723 4543
1722 4544
1721 4545
1720 4546
1719 4547
1718 4548
1717 4549
1716 4549
1715 4550
1714 4551
1713 4552
1712 4553
1711 4554
1710 4555
1709 4556
1709 4557
1708 4558
1707 4559
1706 4560
1705 4561
1705 4562
1704 4563
1703 4563
1702 4564
1702 4565
1701 4566
1700 4567
1699 4567
1698 4568
1697 4568
1697 4569
1696 4570
1695 4570
1694 4570
1693 4570
1692 4571
1691 4571
1690 4572
1689 4572
1688 4573
1687 4573
1687 4574
1686 4575
1686 4576
1685 4577
1685 4578
1684 4579
1684 4580
1683 4581
1682 4582
1681 4583
1681 4584
1680 4585
1679 4585
1678 4586
1677 4587
1676 4587
1675 4588
1674 4589
1673 4590
1672 4590
1671 4591
1670 4592
1670 4593
1669 4594
1668 4595
1667 4595
1667 4596
1666 4597
1665 4598
1664 4598
1663 4599
1662 4600
1662 4601
1661 4602
1660 4603
1659 4603
1659 4604
1658 4605
1657 4606
1656 4607
1656 4608
1655 4609
1654 4609
1654 4610
1653 4611
1652 4612
1651 4613
1651 4614
1650 4615
1649 4615
1648 4616
1647 4617
1646 4617
1645 4618
1644 4619
1643 4619
1642 4620
1641 4620
1640 4621
1639 4622
1638 4623
1637 4623
1636 4624
1635 4625
1635 4626
1634 4627
1633 4627
1632 4628
1631 4629
1630 4630
1629 4631
1629 4632
1628 4633
1627 4634
1627 4635
1626 4636
1626 4637
1626 4638
1625 4639
1625 4640
1624 4641
1624 4642
1624 4643
1624 4644
1623 4645
1623 4646
1622 4647
1622 4648
1622 4649
1621 4650
1620 4651
1620 4652
1620 4653
1620 4654
1619 4655
1619 4656
1618 4657
1618 4658
1618 4659
1617 4660
1617 4661
1616 4662
1616 4663
1616 4664
1615 4665
1615 4666
1615 4667
1615 4668
1614 4669
1614 4670
1614 4671
1614 4672
1613 4673
1613 4674
1613 4675
1613 4676
1613 4677
1613 4678
1613 4679
1613 4680
1613 4681
1613 4682
1613 4683
1613 4684
1613 4685
1613 4686
1613 4687
1613 4688
1613 4689
1613 4690
1613 4691
1613 4692
1612 4693
1612 4694
1611 4695
1611 4696
1610 4697
1610 4698
1609 4699
1609 4700
1608 4701
1608 4702
1608 4703
1608 4704
1607 4705
1607 4706
1607 4707
1607 4708
1606 4709
1606 4710
1606 4711
1606 4712
1605 4713
1605 4714
1605 4715
1605 4716
1605 4717
1605 4718
1605 4719
1605 4720
1605 4721
1605 4722
1605 4723
1605 4724
1605 4725
1605 4726
1605 4727
1605 4728
1605 4729
1605 4730
1605 4731
1605 4732
1605 4733
1605 4734
1605 4735
1605 4736
1605 4737
1605 4738
1605 4739
1605 4740
1605 4741
1605 4742
1605 4743
1605 4744
1605 4745
1605 4746
1605 4747
1605 4748
1605 4749
1605 4750
1605 4751
1605 4752
1605 4753
1605 4754
1605 4755
1605 4756
1605 4757
1605 4758
1605 4759
1605 4760
1605 4761
1605 4762
1605 4763
1605 4764
1605 4765
1605 4766
1605 4767
1605 4768
1605 4769
1605 4770
1606 4771
1606 4772
1606 4773
1606 4774
1607 4775
1608 4776
1609 4777
1609 4778
1610 4779
1611 4780
1611 4781
1611 4782
1611 4783
1611 4784
1611 4785
1611 4786
1611 4787
1611 4788
1611 4789
1611 4790
1611 4791
1611 4792
1611 4793
1611 4794
1611 4795
1611 4796
1611 4797
1611 4798
1611 4799
1611 4800
1611 4801
1611 4802
1611 4803
1611 4804
1611 4805
1611 4806
1611 4807
1611 4808
1611 4809
1611 4810
1611 4811
1611 4812
1611 4813
1611 4814
1611 4815
1611 4816
1611 4817
1611 4818
1612 4819
1612 4820
1612 4821
1612 4822
1613 4823
1613 4824
1613 4825
1613 4826
1613 4827
1613 4828
1613 4829
1613 4830
1613 4831
1613 4832
1613 4833
1613 4834
1613 4835
1613 4836
1613 4837
1613 4838
1613 4839
1613 4840
1613 4841
1613 4842
1613 4843
1613 4844
1613 4845
1613 4846
1613 4847
1613 4848
1613 4849
1613 4850
1613 4851
1613 4852
1612 4853
1612 4854
1611 4855
1611 4856
1610 4857
1609 4857
1609 4858
1608 4859
1607 4859
1607 4860
1606 4861
1606 4862
1605 4863
1605 4864
1605 4865
1605 4866
1605 4867
1605 4868
1605 4869
1605 4870
1605 4871
1606 4872
1606 4873
1606 4874
1607 4875
1607 4876
1607 4877
1607 4878
1607 4879
1608 4880
1608 4881
1609 4882
1609 4883
1610 4884
1610 4885
1610 4886
1611 4887
1611 4888
1612 4889
1612 4890
1612 4891
1612 4892
1613 4893
1613 4894
1613 4895
1613 4896
1613 4897
1613 4898
1614 4899
1614 4900
1614 4901
1614 4902
1615 4903
1616 4904
1616 4905
1616 4906
1617 4907
1617 4908
1617 4909
1618 4910
1619 4911
1619 4912
1620 4913
1620 4914
1621 4915
1621 4916
1622 4917
1622 4918
1622 4919
1622 4920
1623 4920
1624 4921
1624 4922
1625 4923
1626 4924
1627 4925
1627 4926
1628 4927
1628 4928
1629 4929
1630 4930
1631 4931
1631 4932
1632 4933
1633 4933
1634 4934
1635 4935
1635 4936
1636 4937
1636 4938
1637 4939
1638 4940
1638 4941
1639 4942
1639 4943
1640 4944
1641 4945
1641 4946
1642 4947
1642 4948
1643 4949
1643 4950
1643 4951
1643 4952
1644 4953
1644 4954
1645 4955
1645 4956
1646 4957
1646 4958
1647 4959
1648 4960
1649 4961
1649 4962
1650 4962
1651 4963
1651 4964
1652 4965
1652 4966
1653 4967
1654 4968
1655 4969
1655 4970
1656 4971
1657 4971
1658 4972
1659 4973
1659 4974
1660 4974
1661 4975
1662 4976
1662 4977
1663 4978
1664 4979
1665 4979
1666 4980
1667 4981
1667 4982
1668 4982
1669 4983
1670 4984
1670 4985
1671 4986
1672 4987
1673 4988
1674 4988
1675 4989
1676 4990
1677 4991
1678 4992
1679 4992
1680 4993
1681 4993
1682 4994
1683 4995
1684 4996
1685 4996
1686 4997
1687 4998
1688 4999
1689 5000
1690 5000
1691 5001
1692 5002
1693 5002
1694 5003
1695 5003
1696 5003
1697 5004
1698 5004
1699 5005
1700 5005
1701 5006
1702 5007
1703 5008
1704 5008
1705 5009
1706 5010
1707 5010
1708 5010
1709 5010
1710 5010
1711 5010
1712 5010
1713 5011
1714 5011
1715 5011
1716 5011
1717 5012
1717 5013
1718 5013
1719 5013
1720 5013
1721 5014
1722 5014
1723 5015
1724 5015
1725 5015
1726 5016
1727 5016
1728 5017
1729 5018
1730 5018
1731 5019
1732 5019
1733 5020
1734 5021
1735 5021
1736 5021
1737 5022
1737 5023
1738 5023
1739 5023
1740 5024
1741 5024
1742 5025
1743 5026
1744 5026
1745 5027
1746 5028
1747 5029
1748 5029
1749 5030
1750 5030
1751 5031
1751 5032
1752 5032
1753 5033
1754 5034
1755 5035
1756 5035
1757 5036
1758 5036
1759 5037
1760 5037
1761 5038
1761 5039
1762 5039
1763 5040
1764 5041
1765 5042
1766 5042
1767 5043
1768 5043
1769 5044
1769 5045
1770 5045
1771 5046
1772 5046
1773 5047
1774 5048
1774 5049
1775 5050
1776 5051
1777 5052
1778 5052
1779 5053
1780 5054
1781 5055
1782 5055
1783 5055
1784 5056
1785 5057
1786 5057
1787 5057
1788 5057
1789 5058
1790 5058
1791 5059
1792 5059
1793 5059
1794 5060
1795 5061
1796 5061
1797 5061
1798 5061
1799 5062
1800 5063
1801 5063
1802 5063
1803 5064
1804 5064
1805 5064
1806 5064
1807 5064
1808 5064
1809 5064
1810 5064
1811 5064
1812 5064
1813 5065
1814 5065
1815 5065
1816 5065
1817 5066
1818 5066
1819 5067
1820 5067
1821 5067
1822 5067
1823 5068
1824 5068
1825 5068
1826 5068
1827 5068
1828 5068
1829 5069
1830 5069
1831 5069
1832 5069
1833 5070
1833 5071
1834 5071
1835 5071
1836 5071
1837 5072
1838 5072
1839 5073
1840 5073
1841 5073
1842 5074
1843 5074
1844 5074
1845 5074
1846 5074
1847 5075
1848 5075
1849 5075
1850 5076
1851 5077
1852 5077
1853 5077
1854 5077
1855 5078
1856 5078
1857 5078
1858 5078
1859 5079
1860 5079
1861 5079
1862 5079
1863 5080
1864 5080
1865 5080
1866 5080
1867 5080
1868 5080
1869 5081
1870 5081
1871 5081
1872 5081
1873 5082
1874 5082
1875 5082
1876 5082
1877 5082
1878 5082
1879 5082
1880 5082
1881 5082
1882 5082
1883 5082
1884 5082
1885 5083
1886 5083
1887 5083
1888 5083
1889 5084
1890 5084
1891 5084
1892 5084
1893 5084
1894 5084
1895 5084
1896 5084
1897 5084
1898 5084
1899 5084
1900 5084
1901 5085
1902 5085
1903 5085
1904 5085
1905 5086
1906 5086
1907 5086
1908 5086
1909 5086
1910 5086
1911 5086
1912 5086
1913 5086
1914 5086
1915 5085
1916 5085
1917 5085
1918 5085
1919 5084
1920 5084
1921 5083
1922 5083
1923 5082
1924 5081
1925 5081
1926 5080
1927 5079
1928 5079
1929 5078
1930 5078
1931 5078
1932 5078
1933 5078
1934 5078
1935 5078
1936 5078
1937 5078
1938 5078
1939 5078
1940 5078
1941 5078
1942 5078
1943 5078
1944 5078
1945 5079
1946 5079
1947 5079
1948 5080
1949 5080
1950 5080
1951 5080
1952 5080
1953 5080
1954 5080
1955 5080
1956 5080
1957 5080
1958 5080
1959 5080
1960 5080
1961 5080
1962 5080
1963 5080
1964 5080
1965 5080
1966 5080
1967 5080
1968 5080
1969 5080
1970 5080
1971 5080
1972 5080
1973 5080
1974 5080
1975 5080
1976 5080
1977 5079
1978 5079
1979 5079
1980 5079
1981 5078
1982 5078
1983 5078
1984 5078
1985 5078
1986 5078
1987 5077
1988 5077
1989 5077
1990 5077
1991 5076
1992 5076
1993 5076
1994 5076
1995 5075
1996 5075
1997 5075
1998 5075
1999 5074
2000 5074
2001 5074
2002 5074
2003 5074
2004 5074
2005 5074
2006 5074
2007 5074
2008 5074
2009 5074
2010 5074
2011 5073
2012 5073
2013 5073
2014 5073
2015 5072
2016 5072
2017 5071
2018 5071
2019 5071
2020 5071
2021 5070
2022 5070
2023 5070
2024 5070
2025 5069
2026 5069
2027 5069
2028 5068
2029 5068
2030 5067
2031 5067
2032 5067
2032 5066
2033 5065
2034 5065
2035 5064
2036 5063
2037 5062
2038 5062
2038 5061
2039 5060
2040 5059
2041 5058
2042 5058
2043 5057
2044 5056
2045 5056
2046 5055
2047 5055
2048 5055
2049 5054
2050 5054
2051 5053
2052 5053
2053 5052
2054 5052
2055 5051
2056 5051
2057 5050
2058 5050
2059 5050
2060 5050
2061 5050
2062 5049
2063 5048
2064 5048
2065 5047
2066 5046
2067 5045
2068 5044
2069 5044
2070 5043
2071 5042
2072 5041
2073 5040
2074 5040
2075 5039
2076 5038
2077 5038
2078 5037
2079 5036
2080 5035
2081 5034
2082 5034
2083 5033
2084 5032
2085 5032
2086 5031
2087 5031
2088 5031
2089 5030
2090 5029
2091 5028
2092 5027
2093 5026
2094 5026
2095 5025
2096 5024
2097 5023
2098 5023
2099 5023
2100 5023
2101 5022
2102 5021
2103 5020
2104 5020
2105 5019
2106 5019
2107 5018
2108 5018
2109 5017
2110 5017
2111 5017
2112 5017
2113 5016
2114 5016
2115 5015
2116 5015
2117 5014
2118 5013
2119 5012
2120 5012
2121 5011
2122 5010
2123 5010
2124 5009
2125 5008
2126 5007
2127 5006
2128 5006
2129 5005
2130 5004
2130 5003
2131 5002
2132 5002
2133 5001
2133 5000
2134 4999
2135 4998
2136 4998
2137 4997
2138 4996
2139 4996
2140 4995
2141 4994
2142 4994
2142 4993
2143 4992
2144 4992
2145 4991
2146 4991
2147 4990
2148 4990
2149 4989
2150 4989
2151 4989
2152 4989
2153 4988
2154 4988
2155 4987
2156 4987
2157 4987
2158 4987
2159 4986
2160 4986
2161 4985
2162 4985
2163 4985
2164 4984
2165 4984
2166 4983
2167 4982
2168 4982
2169 4981
2170 4980
2170 4979
2171 4978
2172 4978
2173 4977
2174 4976
2174 4975
2175 4974
2176 4973
2176 4972
2176 4971
2177 4970
2177 4969
2177 4968
2178 4967
2179 4966
2180 4965
2180 4964
2181 4963
2182 4962
2183 4961
2184 4960
2184 4959
2185 4958
2186 4958
2187 4957
2188 4956
2189 4955
2190 4955
2191 4954
2192 4954
2193 4954
2194 4954
2195 4953
2196 4953
2197 4952
2198 4952
2199 4951
2200 4951
2201 4950
2202 4950
2203 4950
2204 4950
2205 4950
2206 4950
2207 4949
2208 4949
2209 4948
2210 4948
2211 4947
2212 4947
2213 4946
2214 4945
2215 4944
2216 4944
2217 4943
2218 4942
2218 4941
2219 4940
2220 4939
2221 4938
2222 4938
2223 4937
2224 4936
2224 4935
2225 4934
2226 4933
2227 4932
2227 4931
2228 4930
2228 4929
2229 4928
2230 4927
2231 4926
2231 4925
2232 4924
2233 4923
2234 4922
2235 4921
2235 4920
2236 4919
2237 4918
2238 4918
2238 4917
2239 4916
2240 4915
2241 4915
2242 4914
2243 4913
2243 4912
2244 4911
2245 4910
2246 4910
2246 4909
2247 4908
2248 4907
2249 4906
2250 4906
2251 4905
2252 4904
2253 4904
2254 4904
2255 4903
2256 4903
2257 4903
2258 4902
2259 4902
2260 4902
2261 4902
2262 4902
2263 4902
2264 4902
2265 4902
2266 4902
2267 4901
2268 4901
2269 4901
2270 4900
2271 4900
2272 4899
2273 4898
2274 4898
2275 4897
2276 4896
2277 4896
2278 4895
2279 4894
2280 4894
2281 4893
2282 4892
2282 4891
2283 4890
2284 4889
2285 4888
2285 4887
2286 4886
2286 4885
2287 4884
2288 4883
2288 4882
2289 4881
2289 4880
2290 4879
2291 4878
2291 4877
2291 4876
2292 4875
2293 4874
2293 4873
2293 4872
2294 4871
2294 4870
2294 4869
2294 4868
2294 4867
2294 4866
2294 4865
2294 4864
2294 4863
2294 4862
2294 4861
2295 4860
2295 4859
2295 4858
2295 4857
2296 4856
2297 4856
2297 4855
2298 4854
2298 4853
2299 4852
2300 4851
2300 4850
2301 4849
2302 4848
2302 4847
2303 4846
2304 4845
2304 4844
2305 4843
2306 4842
2306 4841
2307 4840
2308 4839
2309 4838
2310 4838
2310 4837
2311 4836
2312 4835
2313 4835
2314 4834
2314 4833
2315 4832
2316 4831
2316 4830
2317 4829
2317 4828
2317 4827
2318 4826
2318 4825
2319 4824
2319 4823
2319 4822
2320 4821
2320 4820
2320 4819
2320 4818
2320 4817
2320 4816
2320 4815
2320 4814
2320 4813
2320 4812
2320 4811
2320 4810
2320 4809
2320 4808
2320 4807
2320 4806
2320 4805
2320 4804
2320 4803
2321 4802
2321 4801
2321 4800
2321 4799
2322 4798
2322 4797
2323 4796
2323 4795
2323 4794
2323 4793
2324 4792
2325 4792
2325 4791
2326 4790
2326 4789
2327 4788
2327 4787
2328 4786
2328 4785
2329 4784
2329 4783
2329 4782
2329 4781
2330 4780
2330 4779
2331 4778
2331 4777
2331 4776
2332 4775
2332 4774
2332 4773
2332 4772
2332 4771
2332 4770
2332 4769
2332 4768
2332 4767
2332 4766
2332 4765
2332 4764
2332 4763
2332 4762
2332 4761
2333 4760
2333 4759
2333 4758
2333 4757
2334 4756
2334 4755
2334 4754
2334 4753
2335 4752
2335 4751
2335 4750
2336 4749
2336 4748
2337 4747
2337 4746
2337 4745
2337 4744
2337 4743
2337 4742
2337 4741
2336 4740
2336 4739
2335 4738
2335 4737
2335 4736
2335 4735
2334 4734
2334 4733
2333 4732
2333 4731
2333 4730
2333 4729
2332 4728
2332 4727
2332 4726
2332 4725
2332 4724
2331 4723
2331 4722
2331 4721
2330 4720
2329 4719
2329 4718
2328 4717
2328 4716
2327 4715
2327 4714
2327 4713
2326 4712
2326 4711
2325 4710
2325 4709
2324 4708
2324 4707
2323 4706
2323 4705
2322 4705
2321 4704
2321 4703
2320 4702
2319 4701
2318 4700
2317 4699
2316 4698
2316 4697
2315 4696
2315 4695
2314 4694
2313 4693
2313 4692
2313 4691
2312 4690
2311 4689
2311 4688
2311 4687
2310 4686
2310 4685
2309 4684
2309 4683
2309 4682
2309 4681
2308 4681
2307 4680
2307 4679
2307 4678
2307 4677
2306 4676
2306 4675
2305 4674
2305 4673
2305 4672
2304 4671
2304 4670
2303 4669
2302 4668
2301 4667
2300 4666
2300 4665
2299 4664
2298 4663
2298 4662
2297 4661
2296 4660
2296 4659
2295 4658
2295 4657
2294 4657
2293 4656
2293 4655
2292 4654
2292 4653
2291 4653
2290 4652
2290 4651
2289 4650
2288 4649
2287 4648
2286 4647
2286 4646
2285 4645
2284 4644
2284 4643
2283 4642
2283 4641
2282 4640
2282 4639
2282 4638
2282 4637
2282 4636
2281 4635
2280 4634
2280 4633
2279 4632
2278 4631
2278 4630
2278 4629
2278 4628
2278 4627
2277 4626
2277 4625
2277 4624
2277 4623
2276 4622
2275 4621
2275 4620
2275 4619
2274 4618
2273 4617
2273 4616
2272 4615
2272 4614
2271 4613
2271 4612
2270 4611
2270 4610
2269 4609
2268 4608
2268 4607
2267 4606
2266 4605
2265 4604
2264 4603
2263 4603
2262 4602
2262 4601
2261 4600
2260 4599
2259 4599
2258 4598
2258 4597
2257 4596
2256 4595
2255 4595
2254 4594
2254 4593
2253 4592
2252 4591
2251 4590
2250 4589
2250 4588
2249 4587
2248 4586
2248 4585
2247 4584
2246 4583
2246 4582
2245 4581
2245 4580
2244 4579
2243 4579
2242 4578
2242 4577
2241 4576
2240 4575
2240 4574
2239 4573
2238 4572
2237 4571
2236 4570
2236 4569
2235 4568
2234 4567
2233 4566
2232 4566
2231 4565
2230 4564
2230 4563
2229 4562
2229 4561
2228 4560
2227 4559
2226 4558
2226 4557
2225 4556
2224 4555
2224 4554
2223 4553
2223 4552
2222 4551
2221 4550
2220 4549
2220 4548
2219 4547
2218 4546
2217 4545
2216 4544
2216 4543
2215 4542
2215 4541
2214 4541
2213 4540
2213 4539
2212 4538
2212 4537
2211 4536
2210 4535
2210 4534
2209 4533
2208 4532
2208 4531
2207 4531
2206 4530
2206 4529
2205 4528
2204 4527
2203 4527
2202 4526
2201 4525
2200 4524
2199 4524
2198 4523
2197 4523
2196 4522
2195 4521
2195 4520
2194 4519
2193 4518
2192 4518
2191 4517
2190 4516
2190 4515
2189 4515
2188 4514
2187 4513
2186 4512
2186 4511
2185 4510
2184 4509
2184 4508
2183 4507
2182 4506
2182 4505
2181 4504
2180 4503
2180 4502
2179 4501
2178 4500
2178 4499
2177 4499
2176 4498
2176 4497
2175 4497
2174 4496
2174 4495
2173 4495
2172 4494
2171 4493
2170 4493
2169 4492
2168 4492
2167 4491
2166 4490
2165 4490
2164 4490
2163 4489
2162 4489
2161 4488
2160 4488
2159 4487
2158 4486
2157 4486
2156 4486
2155 4486
2154 4485
2153 4485
2152 4484
2151 4484
2150 4484
2149 4483
2148 4482
2147 4482
2146 4482
2145 4482
2144 4481
2143 4481
2142 4480
2141 4480
2140 4479
2139 4479
2138 4478
2137 4478
2136 4477
2135 4477
2134 4476
2133 4476
2132 4476
2131 4476
2130 4475
2129 4475
2128 4474
2127 4474
2126 4473
2125 4473
2124 4472
2123 4472
2122 4471
2121 4471
2120 4470
2119 4470
2118 4469
2117 4469
2116 4468
2115 4468
2114 4467
2113 4467
2112 4467
2111 4467
2110 4466
2109 4466
2108 4466
2107 4465
2106 4465
2105 4464
2104 4464
2103 4463
2102 4462
2101 4461
2100 4461
2099 4460
2098 4459
2097 4458
2096 4457
2095 4456
2094 4455
2093 4455
2092 4454
2091 4453
2090 4452
2090 4451
2089 4450
2088 4449
2087 4449
2086 4448
2086 4447
2085 4447
2084 4446
2083 4445
2083 4444
2082 4443
2081 4442
2080 4441
2079 4440
2078 4439
2077 4438
2076 4437
2075 4436
2074 4435
2073 4435
2072 4434
2071 4434
2070 4433
2069 4433
2068 4433
2067 4433
2066 4433
2065 4433
2064 4433
2063 4433
2062 4433
2061 4433
2060 4433
