2454 646
2453 647
2452 647
2451 647
2450 647
2449 648
2448 648
2447 648
2446 648
2445 648
2444 648
2443 648
2442 648
2441 648
2440 648
2439 648
2438 648
2437 648
2436 648
2435 648
2434 648
2433 648
2432 648
2431 648
2430 648
2429 648
2428 648
2427 648
2426 649
2425 650
2424 651
2423 651
2422 651
2421 652
2420 652
2419 652
2418 652
2417 652
2416 652
2415 652
2414 652
2413 653
2412 653
2411 653
2410 653
2409 654
2408 654
2407 654
2406 654
2405 655
2404 655
2403 655
2402 656
2401 657
2400 657
2400 658
2399 659
2398 659
2397 659
2396 659
2395 660
2394 661
2393 661
2392 661
2391 662
2390 662
2389 663
2388 663
2387 663
2386 663
2386 664
2385 665
2384 665
2383 665
2382 665
2381 666
2380 667
2379 667
2378 667
2377 668
2376 668
2375 669
2374 669
2373 669
2372 669
2371 670
2370 670
2369 670
2368 671
2367 671
2366 671
2365 672
2364 672
2363 673
2362 673
2361 674
2360 674
2359 675
2358 676
2357 676
2356 677
2355 678
2354 679
2353 679
2352 680
2351 681
2350 681
2350 682
2349 683
2348 683
2347 684
2346 684
2345 685
2344 686
2343 686
2342 687
2341 688
2340 688
2339 689
2338 690
2337 691
2336 692
2335 692
2334 693
2333 694
2332 694
2331 695
2331 696
2331 697
2330 698
2330 699
2329 700
2329 701
2329 702
2328 703
2328 704
2327 705
2326 706
2325 707
2324 708
2323 709
2323 710
2322 711
2321 711
2321 712
2320 713
2319 713
2319 714
2318 715
2317 715
2316 716
2315 717
2315 718
2314 719
2313 720
2312 721
2312 722
2312 723
2312 724
2312 725
2311 726
2311 727
2311 728
2311 729
2310 730
2309 730
2309 731
2308 732
2307 733
2307 734
2307 735
2306 736
2306 737
2306 738
2306 739
2306 740
2306 741
2306 742
2306 743
2306 744
2306 745
2306 746
2306 747
2306 748
2306 749
2306 750
2305 751
2305 752
2305 753
2304 754
2304 755
2303 756
2303 757
2303 758
2303 759
2302 760
2302 761
2302 762
2302 763
2301 764
2301 765
2301 766
2300 767
2299 768
2299 769
2299 770
2298 771
2297 772
2297 773
2296 774
2295 775
2295 776
2295 777
2294 778
2294 779
2294 780
2294 781
2294 782
2294 783
2294 784
2294 785
2294 786
2294 787
2294 788
2294 789
2294 790
2294 791
2294 792
2294 793
2294 794
2294 795
2294 796
2294 797
2294 798
2294 799
2295 800
2295 801
2295 802
2295 803
2296 804
2296 805
2297 806
2297 807
2297 808
2297 809
2298 810
2298 811
2298 812
2298 813
2298 814
2298 815
2298 816
2299 817
2299 818
2299 819
2300 820
2300 821
2300 822
2300 823
2300 824
2300 825
2300 826
2300 827
2300 828
2300 829
2300 830
2300 831
2299 832
2299 833
2298 834
2297 835
2297 836
2297 837
2296 838
2296 839
2296 840
2297 841
2297 842
2297 843
2298 844
2299 845
2299 846
2299 847
2300 848
2300 849
2301 850
2301 851
2301 852
2302 853
2303 854
2304 855
2304 856
2305 857
2305 858
2306 859
2307 860
2307 861
2308 862
2309 863
2309 864
2309 865
2310 866
2310 867
2310 868
2310 869
2310 870
2311 871
2311 872
2312 872
2313 873
2313 874
2314 875
2315 876
2315 877
2316 878
2317 879
2318 880
2318 881
2319 882
2319 883
2320 884
2320 885
2321 886
2321 887
2322 888
2323 889
2323 890
2324 891
2324 892
2325 893
2326 894
2326 895
2327 896
2327 897
2328 898
2328 899
2329 900
2329 901
2329 902
2329 903
2330 904
2330 905
2330 906
2330 907
2331 908
2331 909
2332 910
2332 911
2333 912
2334 913
2335 914
2336 915
2337 915
2338 916
2339 917
2339 918
2340 918
2341 919
2342 920
2342 921
2343 922
2344 923
2345 924
2346 924
2347 925
2347 926
2348 926
2349 927
2350 928
2351 929
2352 929
2353 930
2354 930
2355 931
2356 932
2357 933
2358 933
2359 934
2360 934
2361 935
2362 935
2363 936
2364 936
2365 936
2366 937
2367 937
2368 938
2369 938
2370 938
2371 939
2372 940
2373 940
2374 940
2375 941
2376 942
2377 942
2378 942
2379 943
2380 943
2381 944
2382 944
2383 944
2384 945
2385 945
2386 946
2387 946
2388 946
2389 946
2390 947
2391 947
2392 947
2393 948
2394 948
2395 949
2396 950
2397 950
2398 951
2399 952
2400 952
2401 952
2402 953
2402 954
2403 954
2404 954
2405 954
2406 955
2407 956
2408 956
2409 957
2410 957
2411 958
2412 959
2413 959
2414 960
2415 961
2416 961
2417 962
2418 962
2419 962
2420 963
2420 964
2421 964
2422 964
2423 964
2424 965
2425 965
2426 965
2427 965
2428 966
2429 966
2430 966
2431 967
2432 968
2433 968
2434 968
2435 969
2436 969
2437 970
2438 970
2439 970
2440 971
2441 971
2442 971
2443 971
2444 971
2445 971
2446 971
2447 971
2448 971
2449 971
2450 972
2451 972
2452 972
2453 972
2454 973
2455 973
2456 974
2457 974
2458 974
2459 974
2460 975
2461 975
2462 975
2463 975
2464 975
2465 975
2466 975
2467 975
2468 975
2469 975
2470 974
2471 974
2472 973
2473 973
2474 972
2475 972
2476 971
2477 971
2478 971
2479 971
2480 971
2481 971
2482 971
2483 971
2484 971
2485 971
2486 971
2487 971
2488 971
2489 971
2490 971
2491 971
2492 971
2493 971
2494 970
2495 970
2496 970
2497 969
2498 969
2499 968
2500 968
2501 967
2502 967
2503 966
2504 966
2505 965
2506 964
2507 963
2508 963
2509 962
2510 962
2511 962
2512 961
2513 961
2514 960
2515 960
2516 960
2517 960
2518 959
2519 959
2520 958
2521 958
2522 957
2523 956
2524 955
2525 955
2526 954
2527 954
2528 953
2529 952
2530 952
2531 952
2531 951
2532 950
2533 950
2534 949
2535 949
2536 948
2537 947
2538 947
2539 946
2540 945
2541 945
2542 944
2542 943
2543 942
2544 942
2545 941
2546 940
2546 939
2547 938
2548 938
2549 937
2550 936
2551 935
2552 935
2553 934
2554 934
2555 933
2556 932
2557 931
2558 930
2559 929
2560 928
2561 928
2561 927
2562 926
2563 926
2564 925
2565 924
2566 924
2567 924
2568 923
2569 922
2570 922
2571 921
2572 920
2573 920
2574 919
2575 918
2576 918
2577 917
2578 917
2579 916
2580 916
2581 915
2582 914
2583 913
2584 912
2585 912
2586 911
2587 910
2588 909
2589 909
2589 908
2590 907
2591 906
2592 906
2592 905
2593 904
2594 904
2594 903
2595 902
2596 901
2597 900
2597 899
2598 898
2599 897
2600 896
2601 895
2601 894
2602 893
2603 892
2603 891
2604 890
2605 889
2606 888
2606 887
2607 886
2608 886
2609 885
2609 884
2610 883
2611 882
2611 881
2612 880
2613 879
2614 878
2614 877
2615 876
2616 875
2617 874
2617 873
2618 872
2618 871
2618 870
2619 869
2620 869
2620 868
2620 867
2620 866
2621 865
2621 864
2621 863
2621 862
2622 861
2622 860
2623 859
2623 858
2624 857
2624 856
2625 855
2626 854
2626 853
2626 852
2627 851
2627 850
2627 849
2627 848
2628 847
2628 846
2628 845
2628 844
2629 843
2629 842
2629 841
2629 840
2629 839
2629 838
2629 837
2629 836
2629 835
2629 834
2629 833
2629 832
2629 831
2629 830
2629 829
2629 828
2629 827
2629 826
2629 825
2629 824
2629 823
2629 822
2629 821
2629 820
2629 819
2629 818
2629 817
2629 816
2629 815
2629 814
2628 813
2628 812
2628 811
2628 810
2627 809
2627 808
2627 807
2627 806
2626 805
2626 804
2626 803
2626 802
2625 801
2625 800
2625 799
2625 798
2625 797
2625 796
2625 795
2625 794
2625 793
2625 792
2625 791
2625 790
2624 789
2624 788
2624 787
2624 786
2623 785
2623 784
2623 783
2623 782
2622 781
2622 780
2622 779
2622 778
2621 777
2621 776
2620 775
2620 774
2620 773
2620 772
2619 771
2619 770
2619 769
2618 768
2618 767
2618 766
2617 765
2617 764
2617 763
2617 762
2617 761
2616 760
2616 759
2616 758
2615 757
2614 756
2614 755
2614 754
2613 753
2613 752
2612 751
2612 750
2612 749
2612 748
2611 747
2610 746
2610 745
2609 745
2608 744
2608 743
2607 742
2606 741
2606 740
2605 740
2604 739
2604 738
2604 737
2603 736
2603 735
2602 734
2602 733
2601 732
2601 731
2600 730
2600 729
2600 728
2599 728
2598 727
2598 726
2598 725
2598 724
2597 723
2596 722
2596 721
2595 720
2595 719
2594 718
2594 717
2593 716
2592 715
2591 714
2591 713
2590 712
2590 711
2589 710
2588 709
2587 708
2586 707
2585 706
2584 705
2584 704
2583 704
2582 703
2582 702
2582 701
2582 700
2581 699
2580 698
2580 697
2579 696
2578 695
2578 694
2577 693
2577 692
2576 691
2576 690
2575 689
2574 688
2574 687
2573 686
2572 686
2571 685
2570 684
2569 684
2568 683
2567 683
2566 682
2565 681
2564 681
2563 680
2562 679
2561 679
2560 678
2559 678
2558 677
2557 677
2556 677
2555 676
2555 675
2554 675
2553 674
2552 674
2551 673
2550 672
2549 672
2548 671
2547 671
2546 670
2545 669
2544 669
2543 669
2542 668
2541 667
2540 667
2539 667
2538 667
2537 666
2536 666
2535 665
2534 665
2533 665
2532 665
2531 664
2530 664
2529 663
2528 663
2527 663
2526 663
2525 662
2524 662
2523 662
2522 662
2521 661
2520 661
2519 661
2518 660
2517 659
2516 659
2515 659
2514 659
2513 658
2512 658
2511 658
2510 658
2509 657
2508 657
2507 657
2506 657
2505 656
2504 656
2503 655
2502 655
2501 655
2500 654
2499 654
2498 653
2497 653
2496 652
2495 652
2494 651
2493 651
2492 651
2491 650
2490 650
2489 650
2488 650
2487 649
2486 649
2485 649
2484 649
2483 648
2482 648
2481 648
2480 648
2479 647
2478 647
2477 647
2476 647
2475 646
2474 646
2473 646
2472 646
2471 646
2470 646
2469 646
2468 646
2467 646
2466 646
2465 646
2464 646
2463 646
2462 646
2461 646
2460 646
2459 646
2458 646
2457 646
2456 646
2455 646
2454 646
