511 5738
510 5739
509 5739
508 5739
507 5739
506 5740
505 5740
504 5741
503 5741
502 5741
501 5742
500 5742
499 5743
498 5743
497 5743
497 5744
496 5745
495 5745
494 5745
493 5746
492 5746
491 5747
490 5748
489 5749
488 5750
487 5751
486 5752
485 5753
484 5753
483 5753
482 5754
481 5754
480 5754
479 5754
478 5754
477 5755
476 5755
475 5756
474 5757
473 5757
473 5758
472 5759
471 5759
470 5760
469 5760
468 5761
467 5761
466 5762
465 5762
464 5762
463 5762
462 5762
461 5763
460 5763
459 5764
458 5765
457 5765
457 5766
456 5767
455 5767
454 5768
453 5769
452 5770
451 5770
451 5771
450 5772
449 5772
449 5773
448 5774
447 5774
446 5775
445 5776
444 5777
443 5777
442 5778
441 5779
440 5779
439 5779
438 5780
437 5780
436 5781
435 5781
434 5781
433 5781
432 5782
431 5782
430 5782
429 5782
428 5783
427 5783
426 5783
425 5783
425 5784
424 5785
423 5785
422 5785
421 5785
420 5786
419 5787
418 5787
417 5787
416 5788
415 5788
414 5788
413 5788
412 5788
411 5788
410 5788
409 5789
408 5789
407 5789
406 5790
405 5790
404 5790
403 5790
402 5790
401 5790
400 5790
399 5790
398 5791
397 5791
396 5791
395 5791
394 5792
393 5792
392 5793
391 5793
390 5794
389 5794
389 5795
388 5796
387 5796
386 5797
385 5797
384 5798
383 5799
382 5799
381 5799
380 5800
379 5800
378 5800
377 5800
376 5800
375 5800
374 5800
373 5800
372 5800
371 5800
370 5800
369 5800
368 5800
367 5800
366 5801
365 5801
364 5802
363 5802
362 5803
361 5803
361 5804
360 5805
359 5805
358 5805
357 5805
356 5806
355 5807
354 5807
354 5808
353 5809
352 5809
351 5809
350 5810
349 5811
348 5811
347 5811
346 5812
345 5812
344 5812
343 5812
342 5813
341 5813
340 5813
339 5814
339 5815
338 5816
337 5816
336 5817
335 5818
334 5819
333 5820
332 5820
331 5821
330 5822
329 5823
328 5823
327 5824
327 5825
326 5826
325 5827
324 5828
324 5829
324 5830
324 5831
323 5832
323 5833
323 5834
323 5835
322 5836
322 5837
321 5838
320 5839
319 5840
318 5841
317 5842
316 5843
315 5844
315 5845
314 5846
314 5847
314 5848
314 5849
313 5850
313 5851
313 5852
313 5853
313 5854
313 5855
313 5856
313 5857
312 5858
312 5859
311 5860
311 5861
310 5862
309 5862
309 5863
308 5864
307 5865
307 5866
306 5867
305 5868
304 5869
303 5870
303 5871
302 5872
301 5873
300 5874
299 5874
299 5875
298 5876
297 5876
296 5877
295 5878
295 5879
294 5880
293 5880
293 5881
292 5882
291 5883
290 5883
290 5884
290 5885
289 5886
289 5887
289 5888
288 5889
287 5890
286 5891
286 5892
286 5893
285 5894
285 5895
284 5896
284 5897
283 5898
283 5899
282 5900
281 5901
281 5902
280 5903
280 5904
279 5905
279 5906
279 5907
278 5908
278 5909
278 5910
278 5911
277 5912
277 5913
276 5914
276 5915
276 5916
276 5917
275 5918
275 5919
275 5920
274 5921
273 5922
272 5923
272 5924
271 5925
270 5926
269 5927
269 5928
269 5929
269 5930
269 5931
268 5932
268 5933
268 5934
268 5935
267 5936
267 5937
266 5938
266 5939
266 5940
265 5941
265 5942
264 5943
263 5944
263 5945
262 5946
261 5947
260 5948
260 5949
259 5950
259 5951
258 5952
257 5953
257 5954
257 5955
256 5956
256 5957
255 5958
254 5959
254 5960
253 5961
253 5962
252 5963
251 5964
250 5965
249 5965
248 5966
247 5967
246 5968
245 5968
244 5969
243 5970
242 5971
241 5971
241 5972
240 5973
239 5973
238 5973
237 5973
236 5974
235 5974
234 5974
233 5974
232 5975
231 5975
230 5976
230 5977
229 5978
229 5979
228 5980
228 5981
228 5982
228 5983
227 5984
226 5984
226 5985
226 5986
226 5987
225 5988
225 5989
224 5990
224 5991
223 5992
222 5993
222 5994
221 5995
220 5995
219 5996
219 5997
218 5998
217 5999
217 6000
216 6001
215 6002
215 6003
214 6004
214 6005
213 6006
212 6006
212 6007
212 6008
211 6009
211 6010
210 6011
209 6012
208 6013
207 6014
207 6015
206 6016
205 6017
204 6018
203 6019
203 6020
202 6021
202 6022
201 6023
200 6023
200 6024
199 6025
199 6026
198 6027
197 6028
196 6029
196 6030
195 6031
194 6031
194 6032
193 6033
192 6034
192 6035
191 6036
191 6037
190 6038
190 6039
190 6040
190 6041
189 6042
188 6043
188 6044
188 6045
187 6046
186 6047
186 6048
185 6049
185 6050
184 6051
183 6052
183 6053
182 6054
181 6055
180 6055
180 6056
179 6057
179 6058
178 6059
177 6060
176 6061
175 6062
175 6063
174 6064
173 6065
172 6066
171 6066
171 6067
170 6068
169 6069
169 6070
168 6071
168 6072
167 6073
166 6074
166 6075
165 6076
165 6077
164 6078
164 6079
163 6080
162 6081
162 6082
161 6083
161 6084
160 6085
159 6086
159 6087
158 6088
157 6088
157 6089
156 6090
155 6091
155 6092
154 6093
154 6094
153 6095
152 6096
151 6097
151 6098
150 6099
150 6100
149 6101
148 6102
148 6103
148 6104
147 6105
146 6106
145 6107
145 6108
144 6109
143 6110
143 6111
142 6112
141 6113
141 6114
140 6115
140 6116
140 6117
139 6118
139 6119
139 6120
139 6121
139 6122
139 6123
139 6124
139 6125
139 6126
139 6127
139 6128
139 6129
140 6130
140 6131
140 6132
140 6133
141 6134
141 6135
141 6136
141 6137
142 6138
142 6139
142 6140
142 6141
143 6142
143 6143
143 6144
143 6145
144 6146
144 6147
144 6148
145 6149
146 6150
147 6151
147 6152
148 6153
148 6154
149 6155
149 6156
150 6157
151 6158
151 6159
152 6160
153 6161
154 6162
155 6163
156 6164
156 6165
156 6166
157 6166
158 6167
159 6168
160 6169
160 6170
161 6171
162 6172
163 6173
163 6174
164 6175
164 6176
164 6177
165 6178
166 6179
167 6180
167 6181
168 6182
169 6183
170 6184
171 6185
172 6186
172 6187
173 6188
173 6189
174 6190
174 6191
175 6192
176 6193
176 6194
177 6195
177 6196
178 6197
178 6198
179 6199
179 6200
180 6201
181 6202
182 6203
183 6204
184 6204
185 6205
186 6205
187 6206
188 6207
188 6208
189 6209
190 6210
191 6211
191 6212
192 6213
192 6214
193 6214
194 6215
194 6216
195 6217
196 6218
197 6219
197 6220
198 6221
199 6222
199 6223
200 6224
201 6225
201 6226
202 6227
203 6228
203 6229
204 6230
204 6231
205 6231
206 6232
206 6233
206 6234
207 6235
207 6236
208 6237
209 6238
210 6239
210 6240
211 6241
212 6242
213 6243
213 6244
214 6245
215 6246
215 6247
216 6248
217 6249
217 6250
218 6251
219 6252
219 6253
220 6254
220 6255
221 6255
222 6256
222 6257
222 6258
222 6259
223 6260
224 6261
224 6262
225 6263
225 6264
226 6265
227 6266
227 6267
228 6268
229 6269
230 6270
231 6271
231 6272
232 6273
233 6274
234 6275
235 6276
235 6277
236 6277
237 6278
238 6279
238 6280
238 6281
239 6282
240 6283
240 6284
241 6285
241 6286
242 6287
242 6288
243 6289
243 6290
244 6291
244 6292
244 6293
245 6294
246 6295
246 6296
247 6297
248 6298
249 6299
249 6300
250 6301
250 6302
251 6303
251 6304
252 6305
252 6306
252 6307
253 6307
254 6308
254 6309
255 6310
255 6311
256 6312
257 6313
257 6314
258 6315
258 6316
258 6317
259 6318
260 6319
261 6320
261 6321
262 6321
263 6322
263 6323
264 6324
265 6325
266 6326
267 6327
267 6328
268 6328
269 6329
270 6330
271 6331
272 6331
273 6332
273 6333
274 6334
275 6335
276 6335
277 6336
278 6336
279 6337
280 6337
281 6338
282 6338
283 6339
284 6340
285 6340
286 6341
287 6342
288 6343
289 6344
290 6344
291 6345
292 6345
293 6346
294 6346
295 6347
296 6347
297 6348
297 6349
298 6349
299 6350
299 6351
300 6352
300 6353
301 6354
301 6355
302 6356
302 6357
302 6358
303 6358
304 6359
304 6360
305 6361
306 6362
307 6363
308 6364
308 6365
308 6366
309 6366
310 6367
311 6368
311 6369
312 6370
313 6371
314 6371
315 6372
315 6373
316 6373
317 6374
317 6375
318 6376
319 6377
319 6378
319 6379
320 6380
320 6381
320 6382
321 6383
321 6384
322 6385
322 6386
322 6387
323 6388
323 6389
324 6390
324 6391
324 6392
324 6393
325 6394
325 6395
325 6396
325 6397
325 6398
325 6399
325 6400
325 6401
325 6402
325 6403
326 6403
327 6403
328 6403
329 6403
330 6403
331 6403
332 6403
333 6403
334 6403
335 6404
336 6404
337 6404
338 6404
339 6404
340 6404
341 6404
342 6404
343 6403
344 6403
345 6403
346 6403
347 6403
348 6403
349 6403
350 6403
351 6403
352 6403
353 6403
354 6403
355 6402
356 6402
357 6402
358 6402
359 6401
360 6401
361 6401
362 6401
363 6400
364 6400
365 6399
366 6399
367 6398
368 6397
369 6396
370 6396
371 6395
372 6395
373 6395
374 6395
375 6394
376 6394
377 6393
378 6393
379 6392
380 6392
381 6391
382 6391
383 6391
384 6391
385 6391
386 6391
387 6391
388 6391
388 6390
388 6389
388 6388
388 6387
388 6386
388 6385
388 6384
389 6383
389 6382
389 6381
390 6380
390 6379
391 6378
391 6377
392 6376
393 6375
393 6374
394 6373
395 6372
396 6371
397 6370
398 6370
399 6369
400 6368
401 6368
401 6367
402 6366
403 6366
404 6365
404 6364
405 6363
406 6363
407 6362
408 6362
408 6361
409 6360
410 6360
411 6360
412 6359
413 6359
414 6358
415 6357
416 6357
417 6356
418 6356
419 6355
420 6354
421 6353
422 6353
423 6352
423 6351
424 6350
425 6350
426 6349
427 6348
428 6348
429 6347
430 6347
431 6346
432 6346
433 6345
434 6345
435 6344
435 6343
436 6342
437 6342
438 6341
438 6340
439 6339
440 6338
441 6338
442 6337
443 6336
443 6335
444 6334
445 6333
445 6332
445 6331
446 6330
446 6329
447 6328
448 6327
449 6326
450 6325
450 6324
451 6323
452 6322
453 6322
454 6321
455 6320
455 6319
456 6318
457 6318
457 6317
457 6316
458 6315
458 6314
459 6313
459 6312
460 6311
460 6310
461 6309
462 6309
462 6308
463 6307
464 6307
465 6306
466 6305
467 6304
467 6303
468 6302
469 6302
470 6301
470 6300
471 6299
472 6298
473 6297
474 6297
475 6296
476 6296
476 6295
477 6294
478 6294
479 6294
480 6293
481 6293
482 6292
483 6291
484 6291
485 6290
486 6289
487 6288
487 6287
488 6286
489 6286
490 6285
491 6284
492 6283
493 6283
494 6282
495 6282
495 6281
496 6280
497 6280
497 6279
498 6278
499 6278
500 6277
500 6276
501 6275
502 6274
502 6273
503 6272
503 6271
503 6270
504 6269
504 6268
505 6267
505 6266
506 6265
506 6264
507 6263
508 6262
509 6262
510 6261
511 6260
512 6259
513 6258
514 6257
515 6257
516 6256
517 6256
518 6256
519 6255
520 6255
521 6254
522 6254
523 6254
523 6253
524 6252
525 6252
525 6251
525 6250
526 6249
527 6249
527 6248
527 6247
527 6246
528 6245
528 6244
529 6243
529 6242
529 6241
529 6240
530 6239
530 6238
530 6237
530 6236
530 6235
530 6234
529 6233
529 6232
529 6231
529 6230
528 6229
528 6228
528 6227
528 6226
528 6225
528 6224
527 6223
527 6222
527 6221
527 6220
526 6219
526 6218
526 6217
526 6216
526 6215
526 6214
526 6213
526 6212
526 6211
526 6210
526 6209
527 6208
527 6207
528 6206
528 6205
529 6204
529 6203
529 6202
530 6201
530 6200
530 6199
530 6198
530 6197
530 6196
531 6195
531 6194
531 6193
531 6192
532 6191
532 6190
532 6189
532 6188
532 6187
532 6186
533 6185
533 6184
532 6183
532 6182
533 6181
533 6180
532 6179
532 6178
532 6177
532 6176
532 6175
532 6174
532 6173
532 6172
532 6171
532 6170
532 6169
532 6168
532 6167
532 6166
532 6165
532 6164
532 6163
532 6162
533 6161
533 6160
533 6159
533 6158
534 6157
534 6156
535 6155
535 6154
535 6153
535 6152
536 6151
536 6150
536 6149
536 6148
536 6147
536 6146
537 6145
537 6144
537 6143
537 6142
538 6141
538 6140
538 6139
538 6138
538 6137
538 6136
538 6135
538 6134
538 6133
538 6132
538 6131
538 6130
538 6129
538 6128
538 6127
538 6126
538 6125
538 6124
538 6123
538 6122
538 6121
538 6120
538 6119
538 6118
538 6117
538 6116
538 6115
538 6114
538 6113
538 6112
538 6111
538 6110
538 6109
538 6108
538 6107
538 6106
538 6105
538 6104
538 6103
538 6102
538 6101
538 6100
538 6099
538 6098
538 6097
538 6096
538 6095
538 6094
538 6093
538 6092
538 6091
538 6090
538 6089
538 6088
537 6087
537 6086
536 6085
536 6084
535 6083
535 6082
535 6081
535 6080
535 6079
535 6078
536 6077
536 6076
536 6075
536 6074
536 6073
536 6072
536 6071
536 6070
536 6069
536 6068
535 6067
535 6066
535 6065
534 6064
534 6063
534 6062
534 6061
534 6060
534 6059
534 6058
534 6057
534 6056
534 6055
534 6054
534 6053
534 6052
534 6051
534 6050
533 6049
533 6048
533 6047
533 6046
532 6045
532 6044
532 6043
532 6042
532 6041
532 6040
532 6039
532 6038
532 6037
532 6036
533 6035
533 6034
533 6033
533 6032
534 6031
534 6030
534 6029
534 6028
535 6027
535 6026
535 6025
536 6024
536 6023
537 6022
537 6021
537 6020
538 6019
538 6018
538 6017
538 6016
539 6015
539 6014
539 6013
539 6012
540 6011
541 6011
541 6010
541 6009
541 6008
542 6007
542 6006
542 6005
542 6004
542 6003
542 6002
542 6001
542 6000
542 5999
542 5998
542 5997
542 5996
542 5995
542 5994
542 5993
542 5992
542 5991
542 5990
542 5989
542 5988
542 5987
542 5986
542 5985
542 5984
542 5983
542 5982
542 5981
542 5980
543 5979
543 5978
544 5977
544 5976
545 5975
545 5974
546 5973
546 5972
545 5971
545 5970
544 5969
544 5968
543 5967
542 5966
541 5965
541 5964
540 5963
540 5962
539 5961
539 5960
539 5959
539 5958
538 5958
537 5957
537 5956
537 5955
537 5954
536 5953
536 5952
535 5951
535 5950
535 5949
535 5948
534 5947
534 5946
534 5945
533 5944
533 5943
533 5942
532 5941
532 5940
531 5939
531 5938
531 5937
531 5936
530 5935
530 5934
530 5933
530 5932
530 5931
530 5930
530 5929
530 5928
530 5927
530 5926
530 5925
530 5924
530 5923
530 5922
530 5921
530 5920
530 5919
530 5918
530 5917
530 5916
530 5915
530 5914
530 5913
530 5912
530 5911
530 5910
530 5909
530 5908
529 5907
529 5906
529 5905
529 5904
528 5903
528 5902
528 5901
528 5900
528 5899
528 5898
527 5897
527 5896
527 5895
527 5894
526 5893
526 5892
526 5891
526 5890
526 5889
526 5888
526 5887
526 5886
527 5885
527 5884
527 5883
527 5882
528 5881
528 5880
529 5879
529 5878
530 5877
530 5876
531 5875
532 5874
532 5873
533 5872
533 5871
534 5870
535 5869
535 5868
535 5867
536 5866
536 5865
537 5864
537 5863
538 5862
539 5861
539 5860
539 5859
540 5858
540 5857
541 5856
542 5855
542 5854
543 5853
544 5853
545 5852
546 5851
547 5850
548 5849
549 5848
550 5847
550 5846
551 5845
552 5844
552 5843
552 5842
552 5841
552 5840
552 5839
552 5838
553 5837
553 5836
554 5835
555 5834
556 5833
556 5832
557 5831
558 5830
558 5829
558 5828
559 5827
559 5826
559 5825
560 5824
560 5823
560 5822
561 5821
561 5820
561 5819
562 5818
562 5817
563 5816
563 5815
563 5814
564 5813
564 5812
564 5811
564 5810
564 5809
564 5808
564 5807
564 5806
564 5805
564 5804
564 5803
564 5802
564 5801
564 5800
564 5799
564 5798
564 5797
564 5796
564 5795
564 5794
564 5793
564 5792
564 5791
564 5790
564 5789
564 5788
564 5787
564 5786
564 5785
564 5784
564 5783
564 5782
564 5781
564 5780
565 5779
565 5778
564 5777
564 5776
565 5775
565 5774
564 5773
564 5772
564 5771
564 5770
564 5769
564 5768
564 5767
564 5766
563 5765
563 5764
563 5763
562 5762
562 5761
561 5760
560 5759
559 5758
558 5757
558 5756
557 5755
556 5754
555 5753
555 5752
554 5751
553 5751
552 5750
552 5749
551 5749
550 5748
549 5748
548 5747
547 5747
546 5746
546 5745
545 5745
544 5745
543 5744
542 5743
541 5743
540 5743
539 5743
538 5742
537 5742
536 5742
535 5742
534 5741
533 5741
532 5741
531 5741
530 5740
529 5740
528 5740
527 5740
526 5740
525 5740
524 5740
523 5740
522 5740
521 5740
520 5740
519 5740
518 5739
517 5739
516 5739
515 5739
514 5738
513 5738
512 5738
511 5738
