1227 4613
1226 4614
1225 4614
1224 4614
1223 4614
1222 4615
1221 4615
1220 4615
1219 4615
1218 4615
1217 4615
1216 4615
1215 4615
1214 4615
1213 4615
1212 4615
1211 4615
1210 4615
1209 4615
1208 4615
1207 4615
1206 4616
1205 4616
1204 4617
1203 4617
1202 4618
1201 4618
1200 4619
1199 4620
1198 4620
1197 4620
1196 4621
1195 4621
1194 4620
1193 4620
1192 4620
1191 4620
1190 4619
1189 4619
1188 4619
1187 4619
1186 4620
1185 4620
1184 4620
1183 4620
1182 4621
1181 4621
1180 4621
1179 4621
1178 4621
1177 4621
1176 4621
1175 4621
1174 4621
1173 4621
1172 4621
1171 4621
1170 4621
1169 4621
1168 4622
1167 4622
1166 4622
1165 4622
1164 4622
1163 4622
1162 4622
1161 4622
1160 4621
1159 4621
1158 4621
1157 4622
1156 4623
1155 4623
1154 4624
1153 4624
1153 4625
1152 4626
1151 4626
1150 4627
1149 4627
1148 4628
1147 4628
1146 4629
1145 4629
1144 4629
1143 4629
1142 4630
1141 4630
1140 4630
1139 4630
1138 4631
1137 4631
1136 4631
1135 4631
1134 4630
1133 4630
1132 4630
1131 4630
1130 4629
1129 4629
1128 4629
1127 4629
1126 4630
1125 4630
1124 4630
1123 4630
1122 4631
1121 4631
1120 4631
1119 4631
1118 4631
1117 4631
1116 4631
1115 4631
1114 4630
1113 4630
1112 4630
1111 4629
1110 4628
1109 4628
1108 4628
1107 4628
1106 4627
1105 4627
1104 4626
1103 4626
1102 4625
1101 4625
1100 4625
1099 4625
1098 4624
1097 4624
1097 4625
1096 4626
1095 4626
1094 4626
1093 4626
1092 4627
1091 4628
1090 4628
1089 4628
1089 4629
1088 4630
1087 4630
1086 4630
1085 4630
1084 4631
1083 4631
1082 4632
1081 4632
1080 4633
1079 4633
1079 4634
1078 4635
1077 4635
1077 4636
1076 4637
1076 4638
1075 4639
1075 4640
1075 4641
1075 4642
1074 4643
1074 4644
1073 4645
1072 4646
1071 4647
1070 4648
1069 4649
1068 4650
1067 4650
1066 4651
1065 4652
1064 4653
1064 4654
1063 4655
1063 4656
1063 4657
1063 4658
1062 4659
1062 4660
1062 4661
1061 4662
1061 4663
1060 4664
1059 4665
1059 4666
1058 4667
1057 4668
1056 4668
1055 4669
1055 4670
1054 4671
1053 4672
1052 4673
1052 4674
1052 4675
1052 4676
1051 4677
1051 4678
1050 4679
1050 4680
1050 4681
1049 4682
1048 4683
1048 4684
1048 4685
1047 4686
1047 4687
1046 4688
1046 4689
1045 4690
1044 4691
1044 4692
1044 4693
1044 4694
1043 4695
1043 4696
1043 4697
1043 4698
1043 4699
1043 4700
1043 4701
1043 4702
1043 4703
1043 4704
1043 4705
1043 4706
1043 4707
1043 4708
1043 4709
1043 4710
1043 4711
1043 4712
1043 4713
1043 4714
1043 4715
1043 4716
1043 4717
1043 4718
1043 4719
1043 4720
1043 4721
1043 4722
1043 4723
1043 4724
1042 4725
1042 4726
1042 4727
1042 4728
1041 4729
1041 4730
1041 4731
1041 4732
1041 4733
1041 4734
1040 4735
1040 4736
1040 4737
1040 4738
1039 4739
1039 4740
1038 4741
1038 4742
1037 4743
1037 4744
1036 4745
1035 4746
1035 4747
1034 4748
1034 4749
1033 4750
1033 4751
1032 4752
1032 4753
1031 4754
1031 4755
1031 4756
1031 4757
1031 4758
1031 4759
1031 4760
1031 4761
1031 4762
1031 4763
1031 4764
1030 4765
1030 4766
1030 4767
1030 4768
1029 4769
1029 4770
1029 4771
1029 4772
1029 4773
1029 4774
1029 4775
1029 4776
1029 4777
1029 4778
1028 4779
1028 4780
1027 4781
1027 4782
1026 4783
1026 4784
1025 4785
1024 4785
1024 4786
1023 4787
1023 4788
1022 4789
1021 4790
1021 4791
1020 4792
1019 4793
1019 4794
1018 4795
1017 4795
1017 4796
1016 4797
1016 4798
1015 4799
1015 4800
1015 4801
1015 4802
1014 4803
1014 4804
1013 4805
1012 4806
1011 4807
1011 4808
1010 4809
1010 4810
1009 4811
1009 4812
1009 4813
1009 4814
1008 4815
1008 4816
1008 4817
1007 4818
1007 4819
1007 4820
1007 4821
1007 4822
1007 4823
1007 4824
1007 4825
1007 4826
1007 4827
1007 4828
1007 4829
1007 4830
1006 4831
1006 4832
1006 4833
1005 4834
1005 4835
1005 4836
1005 4837
1005 4838
1005 4839
1005 4840
1004 4841
1004 4842
1004 4843
1004 4844
1003 4845
1003 4846
1002 4847
1002 4848
1002 4849
1002 4850
1001 4851
1001 4852
1001 4853
1001 4854
1000 4855
1000 4856
999 4857
999 4858
998 4859
997 4860
997 4861
996 4862
996 4863
996 4864
995 4865
995 4866
995 4867
995 4868
995 4869
995 4870
995 4871
995 4872
995 4873
995 4874
994 4875
994 4876
993 4877
993 4878
992 4879
992 4880
991 4881
990 4881
990 4882
990 4883
990 4884
990 4885
990 4886
990 4887
990 4888
991 4889
991 4890
991 4891
991 4892
991 4893
991 4894
991 4895
992 4896
992 4897
992 4898
993 4899
993 4900
993 4901
993 4902
993 4903
993 4904
994 4905
994 4906
994 4907
994 4908
995 4909
995 4910
995 4911
995 4912
995 4913
995 4914
995 4915
995 4916
995 4917
995 4918
996 4919
996 4920
997 4921
997 4922
998 4923
999 4924
1000 4925
1001 4926
1002 4926
1003 4927
1003 4928
1004 4929
1005 4930
1006 4931
1007 4932
1007 4933
1008 4934
1009 4935
1009 4936
1010 4936
1011 4937
1011 4938
1012 4939
1013 4940
1014 4941
1014 4942
1014 4943
1014 4944
1015 4945
1015 4946
1015 4947
1015 4948
1015 4949
1015 4950
1015 4951
1015 4952
1015 4953
1015 4954
1015 4955
1015 4956
1015 4957
1015 4958
1015 4959
1015 4960
1015 4961
1015 4962
1015 4963
1015 4964
1015 4965
1015 4966
1015 4967
1015 4968
1015 4969
1015 4970
1016 4971
1017 4972
1017 4973
1018 4974
1019 4975
1019 4976
1019 4977
1019 4978
1019 4979
1019 4980
1020 4981
1020 4982
1020 4983
1020 4984
1021 4985
1021 4986
1021 4987
1021 4988
1021 4989
1021 4990
1021 4991
1021 4992
1021 4993
1021 4994
1021 4995
1021 4996
1022 4997
1022 4998
1022 4999
1022 5000
1023 5001
1023 5002
1023 5003
1023 5004
1024 5005
1024 5006
1024 5007
1024 5008
1025 5009
1025 5010
1025 5011
1025 5012
1026 5013
1026 5014
1026 5015
1026 5016
1026 5017
1026 5018
1026 5019
1026 5020
1025 5021
1025 5022
1025 5023
1025 5024
1025 5025
1025 5026
1025 5027
1025 5028
1025 5029
1025 5030
1025 5031
1025 5032
1025 5033
1025 5034
1025 5035
1025 5036
1025 5037
1025 5038
1025 5039
1025 5040
1026 5041
1026 5042
1026 5043
1026 5044
1027 5045
1027 5046
1027 5047
1027 5048
1027 5049
1027 5050
1027 5051
1027 5052
1027 5053
1027 5054
1027 5055
1027 5056
1028 5057
1028 5058
1028 5059
1028 5060
1029 5061
1029 5062
1029 5063
1029 5064
1029 5065
1029 5066
1030 5067
1030 5068
1030 5069
1030 5070
1031 5071
1031 5072
1032 5073
1032 5074
1033 5075
1033 5076
1034 5077
1034 5078
1035 5079
1035 5080
1035 5081
1035 5082
1036 5083
1036 5084
1036 5085
1037 5086
1037 5087
1038 5088
1039 5089
1039 5090
1040 5091
1041 5091
1042 5092
1043 5093
1043 5094
1044 5094
1045 5095
1046 5096
1046 5097
1047 5098
1048 5099
1049 5100
1050 5101
1050 5102
1051 5103
1051 5104
1051 5105
1051 5106
1052 5107
1052 5108
1052 5109
1052 5110
1053 5111
1054 5112
1054 5113
1054 5114
1055 5115
1056 5116
1056 5117
1056 5118
1057 5119
1057 5120
1057 5121
1057 5122
1057 5123
1057 5124
1057 5125
1058 5126
1058 5127
1058 5128
1059 5129
1059 5130
1059 5131
1059 5132
1060 5133
1061 5134
1062 5135
1063 5136
1064 5137
1065 5138
1065 5139
1066 5140
1067 5141
1067 5142
1068 5143
1068 5144
1069 5144
1070 5145
1070 5146
1070 5147
1070 5148
1071 5148
1072 5149
1072 5150
1072 5151
1072 5152
1073 5153
1073 5154
1073 5155
1073 5156
1073 5157
1074 5158
1074 5159
1074 5160
1075 5161
1075 5162
1075 5163
1075 5164
1075 5165
1075 5166
1075 5167
1075 5168
1075 5169
1075 5170
1075 5171
1075 5172
1075 5173
1075 5174
1075 5175
1075 5176
1075 5177
1075 5178
1075 5179
1076 5180
1077 5181
1077 5182
1078 5183
1078 5184
1079 5185
1080 5186
1081 5187
1082 5188
1083 5188
1084 5189
1085 5189
1086 5190
1087 5190
1088 5191
1089 5192
1090 5192
1091 5193
1092 5193
1093 5194
1094 5194
1095 5195
1096 5195
1097 5195
1098 5196
1099 5196
1100 5197
1101 5197
1102 5197
1103 5197
1104 5197
1105 5197
1106 5197
1107 5196
1108 5196
1109 5195
1110 5195
1111 5194
1112 5194
1113 5193
1114 5192
1115 5192
1116 5191
1117 5190
1118 5190
1118 5189
1119 5188
1120 5188
1120 5187
1121 5186
1121 5185
1122 5184
1123 5184
1123 5183
1124 5182
1124 5181
1125 5180
1126 5180
1126 5179
1127 5178
1128 5177
1129 5176
1130 5176
1130 5175
1131 5174
1132 5174
1133 5173
1134 5172
1135 5171
1136 5171
1137 5170
1138 5170
1139 5170
1140 5170
1141 5170
1142 5170
1143 5170
1144 5170
1145 5170
1146 5170
1147 5170
1148 5170
1149 5170
1150 5170
1151 5170
1152 5170
1153 5171
1154 5171
1155 5171
1156 5172
1157 5172
1158 5172
1159 5171
1160 5171
1161 5171
1162 5170
1163 5169
1164 5168
1165 5168
1165 5167
1166 5166
1167 5165
1168 5165
1169 5164
1170 5164
1171 5163
1172 5163
1173 5163
1174 5163
1175 5162
1176 5162
1177 5161
1178 5161
1179 5161
1180 5161
1181 5160
1182 5160
1183 5160
1184 5160
1185 5160
1186 5160
1187 5159
1188 5159
1189 5159
1190 5159
1191 5158
1192 5158
1193 5158
1194 5158
1194 5157
1195 5156
1195 5155
1194 5154
1194 5153
1194 5152
1194 5151
1195 5150
1196 5150
1197 5151
1198 5151
1199 5151
1200 5151
1201 5152
1202 5152
1203 5152
1204 5152
1204 5151
1204 5150
1204 5149
1205 5148
1205 5147
1205 5146
1205 5145
1206 5144
1207 5144
1207 5143
1208 5142
1208 5141
1209 5140
1209 5139
1210 5138
1210 5137
1211 5136
1211 5135
1211 5134
1212 5133
1213 5132
1214 5132
1214 5131
1215 5130
1216 5129
1217 5128
1217 5127
1218 5126
1219 5125
1220 5125
1221 5125
1222 5125
1223 5125
1224 5125
1225 5126
1226 5126
1227 5126
1228 5126
1229 5126
1230 5126
1231 5126
1232 5126
1233 5126
1234 5126
1235 5126
1236 5126
1237 5126
1238 5126
1239 5126
1240 5126
1241 5126
1242 5126
1243 5126
1244 5126
1245 5126
1246 5126
1247 5126
1248 5127
1249 5127
1250 5127
1251 5128
1252 5128
1253 5128
1254 5128
1255 5128
1256 5128
1257 5128
1258 5128
1259 5128
1260 5128
1261 5128
1262 5128
1263 5128
1264 5128
1265 5128
1266 5128
1267 5128
1268 5128
1269 5128
1270 5128
1271 5128
1272 5128
1273 5128
1274 5128
1275 5128
1276 5128
1277 5128
1278 5128
1279 5128
1280 5128
1281 5128
1282 5128
1283 5128
1284 5128
1285 5128
1286 5128
1287 5128
1288 5128
1289 5128
1290 5128
1291 5128
1292 5128
1293 5128
1294 5128
1295 5128
1296 5128
1297 5127
1298 5127
1299 5127
1300 5127
1301 5126
1302 5126
1303 5126
1304 5126
1305 5127
1306 5127
1307 5127
1308 5127
1309 5128
1310 5128
1311 5128
1312 5128
1313 5127
1314 5127
1315 5127
1316 5127
1317 5126
1318 5126
1319 5126
1320 5126
1321 5126
1322 5126
1323 5125
1324 5125
1325 5124
1326 5123
1327 5122
1328 5122
1328 5121
1329 5120
1330 5120
1331 5119
1332 5118
1333 5117
1334 5117
1335 5117
1336 5117
1336 5116
1337 5115
1338 5115
1339 5115
1340 5115
1341 5114
1342 5113
1343 5112
1344 5112
1345 5111
1346 5110
1347 5109
1348 5108
1349 5108
1350 5107
1351 5106
1352 5105
1353 5104
1354 5103
1355 5102
1355 5101
1356 5100
1357 5099
1358 5098
1358 5097
1359 5096
1360 5096
1360 5095
1361 5094
1362 5093
1362 5092
1363 5091
1364 5090
1365 5089
1366 5088
1366 5087
1367 5086
1368 5086
1369 5085
1370 5084
1370 5083
1371 5082
1372 5082
1373 5081
1374 5080
1375 5079
1376 5079
1376 5078
1377 5077
1378 5077
1379 5076
1380 5075
1381 5075
1381 5074
1381 5073
1382 5072
1382 5071
1383 5070
1383 5069
1384 5068
1384 5067
1385 5066
1385 5065
1386 5064
1387 5064
1387 5063
1387 5062
1388 5061
1389 5060
1389 5059
1390 5058
1391 5057
1392 5057
1392 5056
1393 5055
1394 5055
1395 5054
1396 5053
1397 5052
1398 5051
1399 5050
1400 5050
1401 5049
1402 5049
1403 5048
1404 5047
1405 5046
1406 5046
1406 5045
1407 5044
1408 5043
1409 5043
1410 5042
1410 5041
1411 5040
1412 5039
1412 5038
1413 5037
1413 5036
1413 5035
1414 5034
1414 5033
1415 5032
1415 5031
1416 5030
1417 5029
1418 5028
1418 5027
1419 5026
1420 5026
1421 5025
1422 5024
1422 5023
1423 5022
1424 5022
1425 5021
1426 5020
1426 5019
1427 5018
1428 5018
1429 5017
1430 5016
1430 5015
1431 5014
1432 5014
1433 5013
1434 5012
1435 5011
1436 5010
1436 5009
1437 5008
1437 5007
1438 5006
1438 5005
1439 5004
1439 5003
1439 5002
1439 5001
1440 5000
1441 5000
1441 4999
1441 4998
1442 4997
1443 4996
1443 4995
1443 4994
1443 4993
1444 4992
1444 4991
1445 4990
1445 4989
1445 4988
1445 4987
1446 4986
1446 4985
1446 4984
1446 4983
1446 4982
1446 4981
1447 4980
1447 4979
1447 4978
1447 4977
1448 4976
1449 4976
1449 4975
1450 4974
1451 4973
1451 4972
1452 4971
1453 4971
1454 4970
1455 4969
1456 4969
1457 4968
1458 4967
1459 4966
1460 4966
1461 4965
1462 4964
1463 4964
1464 4963
1465 4962
1465 4961
1466 4960
1466 4959
1465 4958
1464 4957
1464 4956
1463 4955
1463 4954
1463 4953
1464 4952
1465 4951
1466 4951
1466 4950
1467 4949
1468 4948
1469 4948
1469 4947
1470 4946
1470 4945
1471 4944
1472 4944
1472 4943
1473 4942
1474 4941
1474 4940
1474 4939
1474 4938
1474 4937
1475 4936
1475 4935
1475 4934
1476 4933
1476 4932
1477 4931
1477 4930
1477 4929
1478 4928
1479 4928
1479 4927
1480 4926
1480 4925
1481 4924
1482 4923
1482 4922
1483 4921
1483 4920
1484 4919
1485 4918
1485 4917
1485 4916
1485 4915
1486 4914
1486 4913
1486 4912
1486 4911
1486 4910
1486 4909
1486 4908
1486 4907
1486 4906
1486 4905
1486 4904
1486 4903
1486 4902
1486 4901
1485 4900
1485 4899
1485 4898
1485 4897
1484 4896
1484 4895
1484 4894
1484 4893
1484 4892
1484 4891
1484 4890
1484 4889
1484 4888
1484 4887
1483 4886
1483 4885
1482 4884
1482 4883
1481 4882
1481 4881
1480 4881
1479 4880
1479 4879
1479 4878
1479 4877
1478 4876
1477 4875
1477 4874
1477 4873
1476 4872
1476 4871
1476 4870
1476 4869
1475 4868
1475 4867
1475 4866
1475 4865
1474 4864
1474 4863
1473 4862
1473 4861
1473 4860
1473 4859
1472 4858
1472 4857
1471 4856
1471 4855
1470 4854
1470 4853
1469 4852
1469 4851
1468 4850
1467 4849
1467 4848
1466 4847
1466 4846
1465 4845
1464 4844
1464 4843
1463 4843
1462 4842
1462 4841
1461 4840
1460 4839
1460 4838
1459 4837
1458 4836
1458 4835
1457 4834
1457 4833
1456 4832
1456 4831
1455 4830
1455 4829
1455 4828
1455 4827
1454 4827
1453 4826
1452 4825
1451 4824
1450 4824
1449 4824
1448 4823
1447 4823
1446 4822
1445 4822
1444 4822
1443 4821
1442 4821
1441 4820
1440 4819
1439 4819
1438 4818
1437 4817
1437 4816
1436 4815
1435 4814
1434 4813
1433 4813
1432 4812
1431 4811
1430 4810
1429 4810
1428 4809
1427 4808
1426 4807
1425 4806
1424 4806
1423 4805
1422 4804
1422 4803
1421 4802
1421 4801
1420 4800
1419 4799
1418 4798
1418 4797
1417 4796
1416 4795
1416 4794
1415 4793
1415 4792
1415 4791
1414 4790
1414 4789
1413 4788
1413 4787
1413 4786
1413 4785
1412 4784
1412 4783
1412 4782
1412 4781
1412 4780
1412 4779
1411 4778
1411 4777
1410 4776
1410 4775
1409 4774
1408 4773
1408 4772
1408 4771
1407 4770
1407 4769
1407 4768
1406 4767
1405 4766
1404 4765
1404 4764
1403 4763
1402 4762
1401 4761
1400 4760
1399 4759
1398 4759
1397 4758
1396 4757
1395 4756
1394 4755
1394 4754
1393 4753
1393 4752
1392 4751
1392 4750
1391 4749
1390 4748
1390 4747
1389 4747
1388 4746
1387 4745
1386 4745
1385 4745
1384 4744
1383 4744
1382 4743
1381 4743
1380 4742
1379 4741
1379 4740
1378 4739
1377 4739
1376 4738
1376 4737
1375 4736
1374 4735
1374 4734
1373 4733
1372 4732
1372 4731
1371 4731
1370 4730
1370 4729
1369 4729
1368 4728
1368 4727
1367 4727
1366 4726
1366 4725
1365 4725
1364 4724
1363 4723
1362 4723
1361 4722
1360 4721
1359 4720
1358 4719
1357 4718
1356 4718
1355 4717
1354 4716
1354 4715
1353 4714
1353 4713
1352 4713
1351 4712
1350 4711
1349 4710
1348 4709
1347 4708
1346 4707
1345 4707
1344 4706
1343 4706
1342 4705
1341 4705
1340 4705
1339 4705
1338 4705
1337 4705
1336 4704
1336 4703
1336 4702
1336 4701
1335 4700
1335 4699
1334 4698
1333 4697
1332 4697
1331 4696
1330 4695
1329 4695
1328 4694
1328 4693
1327 4693
1326 4692
1325 4691
1324 4690
1323 4689
1322 4689
1321 4688
1320 4687
1319 4686
1318 4685
1318 4684
1317 4683
1317 4682
1317 4681
1316 4680
1316 4679
1315 4678
1315 4677
1315 4676
1315 4675
1314 4674
1313 4673
1313 4672
1312 4671
1312 4670
1311 4669
1311 4668
1310 4667
1310 4666
1309 4665
1308 4664
1308 4663
1307 4662
1307 4661
1306 4661
1305 4660
1305 4659
1305 4658
1305 4657
1304 4657
1303 4656
1303 4655
1303 4654
1303 4653
1302 4652
1301 4651
1301 4650
1301 4649
1300 4648
1300 4647
1299 4646
1299 4645
1298 4644
1298 4643
1297 4643
1296 4642
1295 4641
1294 4641
1293 4640
1292 4639
1291 4639
1290 4638
1289 4637
1288 4636
1287 4636
1286 4635
1285 4635
1284 4634
1283 4633
1283 4632
1282 4631
1281 4631
1280 4630
1279 4629
1278 4629
1277 4628
1276 4628
1275 4628
1274 4627
1273 4627
1272 4626
1271 4626
1270 4626
1269 4625
1268 4625
1267 4625
1266 4624
1265 4624
1264 4623
1263 4622
1262 4621
1261 4621
1260 4620
1259 4620
1258 4619
1257 4619
1256 4619
1255 4619
1254 4619
1253 4619
1252 4618
1251 4618
1250 4618
1249 4618
1248 4617
1248 4616
1247 4616
1246 4615
1245 4615
1244 4614
1243 4613
1242 4613
1241 4613
1240 4614
1239 4614
1238 4614
1237 4614
1236 4614
1235 4614
1234 4614
1233 4614
1232 4613
1231 4613
1230 4613
1229 4613
1228 4613
1227 4613
