1237 1302
1237 1303
1238 1304
1238 1305
1237 1306
1237 1307
1237 1308
1236 1309
1235 1309
1234 1310
1233 1310
1232 1310
1231 1310
1230 1310
1229 1310
1228 1310
1227 1310
1226 1310
1225 1310
1224 1311
1223 1311
1222 1311
1222 1312
1221 1313
1220 1313
1219 1314
1218 1315
1218 1316
1217 1317
1216 1318
1216 1319
1215 1320
1215 1321
1214 1322
1214 1323
1213 1324
1212 1325
1212 1326
1211 1327
1210 1327
1209 1327
1208 1328
1207 1328
1206 1328
1205 1328
1204 1329
1203 1329
1202 1329
1201 1329
1201 1330
1200 1331
1199 1331
1198 1331
1197 1331
1196 1332
1195 1332
1194 1333
1193 1333
1192 1333
1191 1333
1190 1334
1189 1334
1188 1334
1187 1334
1186 1334
1185 1334
1184 1335
1183 1335
1182 1335
1181 1335
1180 1336
1179 1336
1178 1336
1177 1336
1176 1336
1175 1336
1174 1337
1173 1337
1172 1338
1171 1338
1170 1339
1169 1340
1168 1341
1167 1342
1166 1343
1165 1344
1164 1344
1163 1345
1163 1346
1162 1347
1161 1347
1160 1347
1159 1348
1158 1349
1157 1350
1156 1350
1155 1351
1154 1352
1153 1352
1152 1353
1151 1354
1151 1355
1150 1356
1149 1357
1148 1358
1147 1359
1146 1360
1145 1360
1144 1361
1143 1361
1142 1362
1141 1362
1140 1363
1139 1363
1138 1364
1137 1364
1136 1364
1135 1364
1134 1365
1133 1365
1132 1366
1132 1367
1131 1368
1130 1369
1129 1370
1129 1371
1128 1372
1127 1372
1127 1373
1126 1374
1125 1374
1124 1375
1123 1375
1122 1376
1121 1377
1120 1377
1119 1378
1118 1378
1117 1379
1116 1379
1115 1379
1114 1380
1113 1381
1112 1381
1111 1382
1110 1383
1109 1384
1108 1384
1107 1385
1106 1386
1105 1387
1104 1387
1103 1388
1102 1389
1101 1389
1101 1390
1100 1391
1099 1391
1098 1391
1097 1391
1096 1392
1095 1392
1094 1393
1093 1393
1092 1394
1091 1394
1090 1395
1089 1396
1089 1397
1088 1398
1087 1399
1087 1400
1086 1401
1086 1402
1086 1403
1085 1404
1085 1405
1084 1406
1084 1407
1084 1408
1083 1409
1083 1410
1082 1411
1081 1412
1080 1413
1079 1414
1079 1415
1078 1416
1078 1417
1077 1418
1077 1419
1076 1420
1076 1421
1075 1422
1074 1423
1073 1424
1072 1425
1071 1426
1071 1427
1070 1428
1070 1429
1069 1430
1069 1431
1069 1432
1069 1433
1068 1434
1068 1435
1068 1436
1068 1437
1067 1438
1067 1439
1067 1440
1066 1441
1066 1442
1065 1443
1065 1444
1064 1445
1064 1446
1064 1447
1063 1448
1063 1449
1063 1450
1063 1451
1063 1452
1063 1453
1063 1454
1063 1455
1063 1456
1063 1457
1063 1458
1063 1459
1063 1460
1063 1461
1063 1462
1063 1463
1062 1464
1062 1465
1062 1466
1061 1467
1061 1468
1060 1469
1060 1470
1059 1471
1059 1472
1058 1473
1057 1474
1056 1475
1055 1476
1055 1477
1054 1478
1053 1479
1052 1479
1051 1480
1051 1481
1050 1482
1049 1483
1049 1484
1048 1485
1047 1486
1047 1487
1046 1488
1045 1488
1045 1489
1044 1490
1043 1490
1043 1491
1042 1492
1041 1492
1040 1493
1039 1494
1038 1495
1037 1496
1037 1497
1036 1498
1035 1498
1035 1499
1034 1500
1033 1500
1032 1501
1031 1502
1030 1503
1029 1504
1028 1505
1028 1506
1028 1507
1027 1508
1027 1509
1027 1510
1027 1511
1026 1512
1026 1513
1025 1514
1024 1515
1023 1516
1023 1517
1022 1518
1021 1519
1020 1519
1019 1520
1019 1521
1018 1522
1018 1523
1017 1524
1017 1525
1017 1526
1017 1527
1016 1528
1016 1529
1016 1530
1015 1531
1015 1532
1014 1533
1014 1534
1014 1535
1013 1536
1013 1537
1013 1538
1013 1539
1013 1540
1013 1541
1013 1542
1013 1543
1013 1544
1013 1545
1013 1546
1013 1547
1014 1548
1014 1549
1014 1550
1014 1551
1015 1552
1015 1553
1016 1554
1016 1555
1016 1556
1016 1557
1017 1558
1017 1559
1017 1560
1017 1561
1017 1562
1017 1563
1018 1564
1018 1565
1019 1566
1020 1567
1020 1568
1020 1569
1021 1570
1021 1571
1021 1572
1021 1573
1021 1574
1021 1575
1021 1576
1021 1577
1022 1578
1022 1579
1022 1580
1023 1581
1023 1582
1024 1583
1024 1584
1025 1585
1025 1586
1026 1587
1027 1588
1027 1589
1028 1590
1028 1591
1029 1592
1029 1593
1030 1594
1030 1595
1030 1596
1030 1597
1031 1598
1031 1599
1031 1600
1031 1601
1032 1602
1032 1603
1032 1604
1032 1605
1033 1606
1033 1607
1033 1608
1034 1609
1034 1610
1034 1611
1035 1612
1035 1613
1035 1614
1036 1615
1037 1616
1037 1617
1038 1618
1038 1619
1039 1620
1039 1621
1040 1622
1040 1623
1040 1624
1041 1625
1041 1626
1042 1627
1043 1628
1043 1629
1044 1630
1045 1630
1046 1631
1046 1632
1047 1633
1048 1634
1048 1635
1049 1636
1049 1637
1049 1638
1050 1639
1050 1640
1051 1641
1052 1641
1053 1642
1053 1643
1054 1644
1055 1645
1056 1646
1056 1647
1056 1648
1057 1649
1057 1650
1058 1651
1058 1652
1058 1653
1059 1654
1059 1655
1059 1656
1059 1657
1060 1658
1060 1659
1061 1660
1061 1661
1062 1662
1063 1663
1064 1664
1064 1665
1065 1666
1065 1667
1065 1668
1065 1669
1066 1670
1066 1671
1067 1672
1067 1673
1068 1673
1069 1674
1070 1675
1071 1676
1072 1676
1073 1677
1074 1677
1075 1678
1076 1679
1076 1680
1077 1681
1078 1682
1079 1683
1080 1684
1081 1685
1082 1685
1083 1686
1084 1687
1085 1688
1086 1688
1087 1688
1088 1688
1089 1689
1089 1690
1090 1690
1091 1690
1092 1690
1093 1691
1093 1692
1094 1692
1095 1693
1096 1693
1097 1694
1098 1694
1099 1695
1100 1695
1101 1696
1102 1696
1103 1696
1104 1696
1105 1697
1105 1698
1106 1698
1107 1698
1108 1698
1109 1699
1109 1700
1110 1700
1111 1701
1112 1702
1113 1702
1114 1703
1115 1704
1116 1705
1117 1705
1118 1706
1119 1707
1120 1708
1121 1708
1122 1708
1123 1709
1123 1710
1124 1710
1125 1710
1126 1711
1127 1712
1128 1712
1129 1713
1130 1713
1131 1714
1132 1714
1133 1715
1134 1715
1135 1716
1136 1716
1137 1716
1138 1717
1139 1718
1140 1719
1141 1719
1142 1720
1143 1721
1144 1721
1145 1722
1146 1723
1147 1724
1148 1725
1149 1725
1150 1726
1151 1727
1152 1728
1153 1728
1154 1729
1155 1729
1156 1730
1157 1731
1158 1732
1159 1733
1160 1733
1161 1734
1162 1734
1163 1735
1164 1735
1165 1736
1166 1736
1167 1737
1168 1737
1169 1738
1169 1739
1170 1739
1171 1740
1171 1741
1172 1741
1173 1742
1173 1743
1174 1744
1175 1745
1175 1746
1176 1747
1177 1748
1178 1749
1179 1749
1180 1750
1181 1751
1182 1751
1183 1752
1183 1753
1184 1754
1185 1755
1185 1756
1186 1757
1187 1758
1187 1759
1188 1759
1189 1760
1189 1761
1190 1762
1191 1763
1192 1764
1192 1765
1193 1766
1193 1767
1193 1768
1194 1769
1195 1770
1196 1771
1196 1772
1197 1772
1198 1773
1198 1774
1199 1774
1200 1775
1200 1776
1201 1776
1202 1776
1203 1777
1203 1778
1204 1778
1205 1778
1206 1779
1207 1780
1208 1780
1209 1781
1210 1781
1211 1782
1212 1783
1212 1784
1213 1785
1214 1785
1215 1786
1216 1787
1217 1788
1218 1788
1219 1788
1220 1789
1221 1790
1222 1790
1223 1790
1224 1791
1224 1792
1225 1792
1226 1793
1227 1794
1228 1794
1229 1795
1230 1795
1231 1796
1232 1796
1233 1797
1234 1797
1235 1798
1236 1798
1237 1799
1238 1800
1239 1800
1240 1800
1241 1801
1241 1802
1242 1802
1243 1802
1244 1802
1245 1803
1246 1803
1247 1803
1248 1803
1249 1804
1250 1804
1251 1804
1252 1804
1253 1805
1254 1805
1255 1806
1256 1806
1257 1806
1258 1806
1259 1807
1260 1807
1261 1808
1262 1808
1263 1808
1264 1808
1265 1809
1265 1810
1266 1810
1267 1810
1268 1810
1269 1811
1270 1812
1271 1812
1272 1812
1273 1813
1273 1814
1274 1814
1275 1814
1276 1814
1277 1815
1278 1815
1279 1815
1280 1815
1281 1815
1282 1815
1283 1815
1284 1815
1285 1815
1286 1815
1287 1815
1288 1815
1289 1815
1290 1815
1291 1815
1292 1815
1293 1815
1294 1815
1295 1815
1296 1815
1297 1815
1298 1815
1299 1815
1300 1815
1301 1815
1302 1815
1303 1815
1304 1815
1305 1815
1306 1815
1307 1815
1308 1815
1309 1815
1310 1815
1311 1815
1312 1815
1313 1815
1314 1815
1315 1815
1316 1815
1317 1815
1318 1815
1319 1815
1320 1815
1321 1815
1322 1815
1323 1815
1324 1815
1325 1815
1326 1815
1327 1815
1328 1815
1329 1815
1330 1815
1331 1815
1332 1815
1333 1815
1334 1815
1335 1815
1336 1815
1337 1815
1338 1815
1339 1815
1340 1815
1341 1815
1342 1815
1343 1815
1344 1815
1345 1815
1346 1815
1347 1815
1348 1815
1349 1815
1350 1815
1351 1815
1352 1815
1353 1814
1354 1814
1355 1814
1356 1814
1357 1813
1358 1812
1359 1812
1360 1812
1361 1811
1362 1811
1363 1811
1364 1811
1365 1811
1366 1811
1367 1811
1368 1811
1369 1811
1370 1811
1371 1811
1372 1811
1373 1811
1374 1810
1375 1809
1376 1809
1377 1808
1378 1808
1379 1807
1380 1807
1381 1807
1382 1807
1383 1807
1384 1807
1385 1807
1386 1807
1387 1807
1388 1807
1389 1807
1390 1807
1391 1807
1392 1807
1393 1807
1394 1807
1395 1807
1396 1807
1397 1807
1398 1807
1399 1807
1400 1807
1401 1807
1402 1807
1403 1807
1404 1807
1405 1807
1406 1807
1407 1807
1408 1807
1409 1807
1410 1807
1411 1807
1412 1807
1413 1807
1414 1807
1415 1807
1416 1807
1417 1807
1418 1807
1419 1807
1420 1807
1421 1807
1422 1807
1423 1807
1424 1807
1425 1807
1426 1807
1427 1807
1428 1807
1429 1807
1430 1807
1431 1807
1432 1807
1433 1806
1434 1806
1435 1805
1436 1805
1437 1804
1438 1804
1439 1803
1440 1803
1441 1802
1442 1802
1443 1802
1444 1802
1445 1801
1446 1800
1447 1799
1448 1798
1449 1798
1450 1797
1451 1796
1452 1795
1452 1794
1453 1793
1454 1792
1454 1791
1455 1790
1456 1789
1457 1788
1458 1787
1459 1786
1460 1786
1461 1785
1462 1784
1463 1783
1464 1783
1465 1782
1466 1781
1467 1780
1468 1780
1469 1779
1470 1779
1471 1778
1471 1777
1472 1776
1473 1775
1474 1775
1475 1774
1476 1773
1477 1772
1478 1772
1479 1771
1480 1771
1481 1771
1482 1771
1483 1771
1484 1771
1485 1770
1486 1770
1487 1770
1488 1770
1488 1769
1489 1768
1490 1768
1491 1768
1492 1768
1493 1767
1494 1766
1495 1765
1496 1765
1496 1764
1497 1763
1498 1763
1498 1762
1499 1761
1500 1760
1500 1759
1501 1758
1502 1757
1502 1756
1503 1755
1504 1754
1505 1754
1506 1753
1507 1752
1507 1751
1508 1750
1509 1750
1510 1749
1510 1748
1511 1747
1512 1746
1513 1745
1514 1744
1514 1743
1514 1742
1515 1741
1515 1740
1516 1739
1517 1738
1517 1737
1518 1736
1519 1736
1519 1735
1520 1734
1521 1733
1522 1733
1522 1732
1523 1731
1524 1730
1524 1729
1525 1728
1526 1727
1526 1726
1527 1725
1527 1724
1528 1723
1528 1722
1528 1721
1529 1720
1529 1719
1530 1718
1531 1717
1531 1716
1531 1715
1532 1714
1532 1713
1533 1712
1533 1711
1534 1710
1535 1709
1535 1708
1535 1707
1536 1706
1536 1705
1537 1704
1537 1703
1537 1702
1538 1701
1538 1700
1539 1699
1539 1698
1540 1697
1540 1696
1541 1695
1542 1694
1542 1693
1543 1692
1544 1691
1545 1690
1545 1689
1546 1688
1547 1688
1547 1687
1548 1686
1549 1686
1550 1685
1550 1684
1551 1683
1552 1682
1553 1682
1554 1681
1555 1680
1555 1679
1556 1678
1557 1678
1558 1677
1558 1676
1559 1675
1560 1674
1561 1674
1562 1673
1563 1672
1563 1671
1564 1670
1565 1670
1566 1669
1566 1668
1567 1667
1568 1666
1569 1666
1570 1665
1571 1664
1571 1663
1572 1662
1572 1661
1573 1660
1574 1659
1575 1658
1576 1657
1577 1656
1577 1655
1578 1654
1579 1654
1579 1653
1580 1652
1581 1652
1581 1651
1582 1650
1583 1650
1583 1649
1584 1648
1585 1648
1586 1647
1587 1646
1588 1645
1589 1645
1590 1644
1591 1643
1592 1642
1593 1642
1594 1641
1594 1640
1595 1639
1596 1639
1597 1638
1598 1638
1599 1637
1600 1636
1601 1636
1602 1635
1603 1634
1604 1633
1605 1633
1606 1632
1607 1631
1608 1630
1609 1630
1610 1629
1611 1628
1612 1627
1612 1626
1613 1625
1614 1624
1614 1623
1615 1622
1616 1621
1617 1620
1618 1619
1618 1618
1619 1617
1620 1616
1621 1615
1622 1615
1622 1614
1623 1613
1624 1612
1624 1611
1625 1610
1625 1609
1626 1608
1626 1607
1626 1606
1627 1605
1627 1604
1628 1603
1629 1602
1629 1601
1630 1600
1631 1600
1631 1599
1632 1598
1633 1598
1634 1597
1634 1596
1635 1595
1636 1594
1636 1593
1636 1592
1636 1591
1636 1590
1636 1589
1636 1588
1637 1587
1637 1586
1637 1585
1638 1584
1638 1583
1639 1582
1639 1581
1639 1580
1640 1579
1640 1578
1640 1577
1640 1576
1640 1575
1640 1574
1641 1573
1641 1572
1641 1571
1641 1570
1642 1569
1642 1568
1643 1567
1643 1566
1643 1565
1643 1564
1644 1563
1644 1562
1644 1561
1644 1560
1644 1559
1644 1558
1643 1557
1643 1556
1643 1555
1643 1554
1642 1553
1642 1552
1642 1551
1642 1550
1642 1549
1642 1548
1642 1547
1642 1546
1642 1545
1642 1544
1642 1543
1642 1542
1642 1541
1642 1540
1642 1539
1642 1538
1642 1537
1642 1536
1642 1535
1642 1534
1641 1533
1641 1532
1641 1531
1640 1530
1640 1529
1639 1528
1639 1527
1639 1526
1638 1525
1638 1524
1637 1523
1637 1522
1637 1521
1637 1520
1636 1519
1636 1518
1636 1517
1636 1516
1636 1515
1636 1514
1635 1513
1635 1512
1634 1511
1634 1510
1633 1509
1632 1508
1631 1507
1630 1506
1630 1505
1629 1504
1628 1503
1627 1502
1626 1501
1626 1500
1625 1500
1624 1499
1623 1498
1622 1498
1621 1497
1620 1497
1619 1496
1618 1496
1617 1495
1616 1494
1615 1493
1614 1492
1613 1491
1612 1491
1611 1490
1610 1489
1610 1488
1609 1487
1608 1487
1607 1486
1606 1485
1606 1484
1605 1483
1604 1483
1603 1482
1603 1481
1602 1480
1601 1479
1600 1479
1599 1478
1598 1477
1598 1476
1597 1475
1596 1475
1595 1474
1595 1473
1594 1472
1593 1471
1592 1471
1591 1470
1590 1469
1590 1468
1589 1467
1588 1466
1588 1465
1587 1464
1586 1463
1586 1462
1585 1461
1584 1460
1584 1459
1583 1458
1583 1457
1582 1456
1582 1455
1581 1454
1580 1453
1580 1452
1579 1451
1578 1451
1577 1450
1577 1449
1576 1449
1575 1448
1575 1447
1574 1447
1573 1446
1573 1445
1572 1445
1571 1444
1571 1443
1570 1443
1569 1442
1569 1441
1568 1441
1567 1440
1567 1439
1566 1439
1565 1438
1565 1437
1564 1437
1563 1436
1563 1435
1562 1435
1561 1434
1561 1433
1560 1432
1559 1431
1558 1430
1557 1429
1557 1428
1557 1427
1556 1427
1555 1426
1554 1425
1554 1424
1553 1423
1552 1423
1551 1422
1550 1421
1550 1420
1549 1419
1548 1418
1548 1417
1547 1416
1546 1415
1546 1414
1545 1413
1544 1412
1544 1411
1543 1410
1542 1409
1542 1408
1541 1407
1540 1407
1539 1406
1538 1405
1538 1404
1537 1403
1536 1403
1535 1402
1535 1401
1534 1400
1533 1399
1532 1398
1531 1398
1530 1397
1529 1396
1528 1395
1527 1395
1526 1394
1525 1393
1524 1393
1523 1392
1522 1391
1522 1390
1521 1389
1520 1388
1519 1387
1519 1386
1518 1385
1518 1384
1517 1383
1517 1382
1516 1381
1516 1380
1515 1379
1514 1378
1514 1377
1513 1376
1512 1375
1512 1374
1511 1374
1510 1373
1510 1372
1509 1372
1508 1371
1507 1370
1506 1369
1505 1369
1504 1369
1503 1368
1503 1367
1502 1366
1501 1366
1500 1365
1500 1364
1499 1364
1498 1363
1497 1362
1497 1361
1496 1360
1495 1359
1494 1358
1493 1357
1493 1356
1492 1355
1492 1354
1491 1353
1491 1352
1490 1351
1490 1350
1489 1349
1488 1348
1488 1347
1487 1346
1486 1345
1485 1344
1484 1343
1483 1342
1482 1342
1481 1341
1480 1341
1479 1341
1478 1340
1477 1340
1476 1339
1475 1339
1474 1338
1473 1338
1472 1338
1472 1339
1472 1340
1473 1341
1473 1342
1474 1343
1475 1344
1476 1345
1476 1346
1475 1347
1474 1348
1473 1348
1472 1347
1471 1346
1471 1345
1470 1344
1469 1343
1469 1342
1468 1341
1467 1340
1467 1339
1467 1338
1466 1337
1466 1336
1465 1335
1465 1334
1464 1333
1464 1332
1463 1331
1462 1330
1461 1330
1460 1329
1459 1328
1458 1328
1457 1327
1456 1327
1455 1326
1454 1326
1453 1325
1452 1325
1451 1325
1450 1324
1449 1324
1448 1323
1447 1323
1446 1323
1445 1323
1444 1322
1443 1322
1442 1322
1441 1322
1440 1321
1439 1321
1438 1320
1437 1320
1436 1319
1435 1318
1434 1318
1433 1317
1432 1317
1431 1317
1430 1316
1429 1316
1428 1315
1427 1315
1426 1315
1425 1315
1424 1314
1423 1314
1422 1313
1421 1313
1420 1313
1419 1313
1418 1312
1417 1312
1416 1312
1415 1312
1414 1311
1413 1311
1412 1310
1411 1310
1410 1309
1409 1309
1408 1308
1407 1308
1406 1308
1405 1308
1404 1308
1403 1308
1402 1308
1401 1308
1400 1308
1399 1308
1398 1308
1397 1308
1396 1309
1395 1309
1394 1309
1393 1309
1392 1310
1391 1310
1390 1310
1389 1310
1388 1310
1387 1310
1386 1310
1385 1310
1384 1309
1383 1309
1382 1309
1381 1309
1380 1308
1379 1308
1378 1308
1377 1308
1376 1308
1375 1308
1374 1308
1373 1308
1372 1308
1371 1308
1370 1308
1369 1308
1368 1308
1367 1308
1366 1308
1365 1308
1364 1308
1363 1308
1362 1308
1361 1308
1360 1307
1359 1307
1358 1307
1357 1306
1357 1305
1356 1305
1355 1304
1355 1303
1354 1303
1353 1303
1352 1302
1351 1302
1350 1302
1349 1302
1348 1302
1347 1302
1346 1302
1345 1302
1344 1302
1343 1302
1342 1302
1341 1302
1340 1302
1339 1302
1338 1302
1337 1302
1336 1302
1335 1302
1334 1302
1333 1302
1332 1303
1331 1303
1330 1303
1329 1303
1328 1304
1327 1304
1326 1304
1325 1304
1324 1304
1323 1304
1322 1304
1321 1304
1320 1304
1319 1304
1318 1304
1317 1304
1316 1304
1315 1304
1314 1304
1313 1304
1312 1304
1311 1304
1310 1305
1309 1305
1308 1305
1307 1306
1306 1306
1305 1307
1304 1307
1303 1307
1302 1308
1301 1308
1300 1308
1299 1308
1298 1308
1297 1308
1296 1308
1295 1308
1294 1308
1293 1308
1292 1308
1291 1308
1290 1308
1289 1308
1288 1308
1287 1308
1286 1308
1285 1308
1284 1307
1283 1307
1282 1307
1281 1307
1280 1306
1279 1306
1278 1306
1277 1306
1276 1306
1275 1306
1274 1306
1273 1306
1272 1306
1271 1306
1270 1306
1269 1306
1268 1306
1267 1306
1266 1306
1265 1306
1264 1306
1263 1306
1262 1306
1261 1306
1260 1306
1259 1306
1258 1306
1257 1306
1256 1305
1255 1305
1254 1304
1253 1303
1252 1303
1251 1303
1250 1302
1249 1302
1248 1302
1247 1302
1246 1302
1245 1302
1244 1302
1243 1302
1242 1302
1241 1302
1240 1302
1239 1302
1238 1302
1237 1302
