3941 1139
3940 1140
3939 1140
3938 1140
3937 1140
3936 1141
3935 1141
3934 1141
3933 1141
3932 1141
3931 1141
3930 1141
3929 1141
3928 1141
3927 1141
3926 1141
3925 1141
3924 1141
3923 1141
3922 1141
3921 1141
3920 1141
3919 1141
3918 1141
3917 1141
3916 1141
3915 1141
3914 1141
3913 1142
3912 1142
3911 1142
3910 1143
3909 1143
3908 1143
3907 1143
3906 1143
3905 1143
3904 1144
3903 1144
3902 1144
3901 1144
3900 1145
3899 1145
3898 1145
3897 1145
3896 1145
3895 1145
3894 1146
3893 1146
3892 1146
3891 1147
3890 1148
3889 1148
3888 1148
3887 1148
3886 1149
3885 1149
3884 1149
3883 1149
3882 1149
3881 1149
3880 1149
3879 1149
3878 1150
3877 1150
3876 1150
3875 1150
3874 1151
3873 1152
3872 1152
3871 1152
3870 1153
3869 1153
3868 1153
3867 1153
3866 1154
3865 1154
3864 1155
3863 1155
3862 1156
3861 1157
3860 1157
3859 1158
3858 1158
3857 1158
3856 1159
3855 1159
3854 1159
3853 1159
3852 1159
3851 1159
3850 1159
3849 1159
3848 1159
3847 1159
3846 1160
3845 1160
3844 1160
3843 1160
3842 1161
3841 1161
3840 1162
3839 1162
3838 1162
3837 1162
3836 1163
3835 1163
3834 1164
3833 1164
3832 1164
3831 1164
3830 1165
3829 1165
3828 1165
3827 1166
3826 1166
3825 1166
3824 1167
3823 1167
3822 1167
3821 1167
3820 1167
3819 1167
3818 1167
3817 1167
3816 1168
3815 1168
3814 1169
3813 1169
3812 1170
3811 1170
3810 1171
3809 1171
3808 1171
3807 1171
3806 1171
3805 1171
3804 1172
3803 1172
3802 1172
3801 1172
3800 1173
3799 1173
3798 1173
3797 1173
3796 1173
3795 1174
3794 1174
3793 1174
3792 1175
3791 1176
3790 1176
3789 1177
3788 1177
3787 1178
3786 1179
3785 1179
3785 1180
3784 1181
3783 1181
3782 1182
3781 1183
3780 1184
3779 1184
3778 1184
3777 1185
3776 1186
3775 1186
3774 1186
3773 1186
3772 1187
3771 1187
3770 1188
3769 1188
3768 1189
3767 1189
3766 1190
3765 1190
3764 1191
3763 1192
3762 1193
3761 1193
3760 1194
3759 1194
3758 1195
3757 1195
3756 1196
3755 1196
3754 1196
3753 1196
3752 1197
3751 1197
3750 1197
3749 1197
3748 1198
3747 1198
3746 1198
3745 1198
3744 1199
3743 1199
3742 1199
3741 1199
3740 1199
3739 1200
3738 1201
3737 1201
3736 1202
3735 1203
3734 1204
3733 1205
3732 1205
3731 1206
3730 1207
3729 1208
3728 1209
3727 1209
3727 1210
3726 1211
3725 1211
3724 1212
3723 1213
3723 1214
3722 1215
3721 1215
3721 1216
3720 1217
3719 1217
3719 1218
3718 1219
3717 1219
3716 1220
3715 1221
3715 1222
3714 1223
3713 1223
3713 1224
3712 1225
3711 1225
3710 1226
3709 1226
3709 1227
3708 1228
3707 1229
3706 1229
3706 1230
3706 1231
3706 1232
3705 1233
3705 1234
3705 1235
3705 1236
3705 1237
3705 1238
3704 1239
3704 1240
3703 1241
3703 1242
3702 1243
3701 1244
3701 1245
3700 1246
3699 1247
3699 1248
3698 1249
3697 1250
3697 1251
3696 1252
3695 1253
3695 1254
3694 1255
3693 1255
3692 1256
3691 1257
3690 1257
3689 1258
3688 1259
3687 1259
3687 1260
3686 1261
3685 1262
3684 1263
3683 1263
3683 1264
3682 1265
3681 1265
3681 1266
3680 1267
3679 1268
3678 1269
3678 1270
3677 1271
3677 1272
3676 1273
3676 1274
3675 1275
3675 1276
3674 1277
3674 1278
3674 1279
3674 1280
3673 1281
3673 1282
3672 1283
3672 1284
3672 1285
3671 1286
3670 1287
3670 1288
3669 1289
3669 1290
3668 1291
3667 1292
3666 1293
3666 1294
3665 1295
3665 1296
3664 1297
3663 1298
3663 1299
3662 1300
3661 1301
3660 1302
3659 1303
3658 1303
3657 1304
3656 1305
3655 1306
3654 1307
3654 1308
3654 1309
3653 1310
3652 1311
3652 1312
3652 1313
3651 1314
3651 1315
3651 1316
3651 1317
3651 1318
3651 1319
3651 1320
3651 1321
3651 1322
3651 1323
3651 1324
3651 1325
3651 1326
3651 1327
3651 1328
3651 1329
3651 1330
3651 1331
3651 1332
3651 1333
3651 1334
3651 1335
3650 1336
3650 1337
3650 1338
3649 1339
3649 1340
3648 1341
3648 1342
3648 1343
3648 1344
3647 1345
3647 1346
3647 1347
3647 1348
3647 1349
3647 1350
3646 1351
3646 1352
3646 1353
3645 1354
3645 1355
3645 1356
3645 1357
3645 1358
3645 1359
3645 1360
3645 1361
3645 1362
3645 1363
3645 1364
3645 1365
3645 1366
3644 1367
3644 1368
3644 1369
3644 1370
3643 1371
3643 1372
3643 1373
3643 1374
3643 1375
3643 1376
3642 1377
3642 1378
3642 1379
3641 1380
3641 1381
3641 1382
3641 1383
3641 1384
3641 1385
3641 1386
3641 1387
3641 1388
3641 1389
3641 1390
3641 1391
3641 1392
3642 1393
3642 1394
3643 1395
3643 1396
3644 1397
3644 1398
3645 1399
3646 1400
3647 1401
3647 1402
3648 1403
3649 1403
3650 1404
3651 1405
3651 1406
3652 1407
3652 1408
3653 1409
3653 1410
3653 1411
3653 1412
3653 1413
3653 1414
3653 1415
3653 1416
3653 1417
3653 1418
3653 1419
3653 1420
3653 1421
3653 1422
3653 1423
3653 1424
3653 1425
3653 1426
3653 1427
3653 1428
3652 1429
3652 1430
3652 1431
3652 1432
3651 1433
3651 1434
3650 1435
3650 1436
3650 1437
3649 1438
3649 1439
3648 1440
3647 1441
3647 1442
3646 1443
3645 1444
3645 1445
3644 1446
3644 1447
3644 1448
3643 1449
3643 1450
3643 1451
3643 1452
3644 1453
3644 1454
3644 1455
3644 1456
3645 1457
3645 1458
3645 1459
3645 1460
3645 1461
3645 1462
3645 1463
3645 1464
3645 1465
3645 1466
3646 1467
3646 1468
3646 1469
3646 1470
3647 1471
3647 1472
3647 1473
3647 1474
3647 1475
3647 1476
3647 1477
3647 1478
3647 1479
3648 1480
3648 1481
3648 1482
3649 1483
3649 1484
3649 1485
3649 1486
3650 1487
3650 1488
3651 1489
3651 1490
3652 1491
3652 1492
3653 1493
3653 1494
3653 1495
3653 1496
3653 1497
3653 1498
3653 1499
3653 1500
3653 1501
3653 1502
3653 1503
3653 1504
3653 1505
3653 1506
3653 1507
3653 1508
3653 1509
3653 1510
3653 1511
3653 1512
3653 1513
3653 1514
3653 1515
3653 1516
3653 1517
3653 1518
3653 1519
3653 1520
3653 1521
3653 1522
3653 1523
3653 1524
3653 1525
3653 1526
3654 1527
3654 1528
3655 1529
3655 1530
3656 1531
3656 1532
3657 1533
3657 1534
3657 1535
3657 1536
3657 1537
3657 1538
3657 1539
3658 1540
3658 1541
3659 1542
3659 1543
3660 1544
3661 1545
3661 1546
3662 1547
3663 1548
3664 1549
3665 1550
3666 1551
3666 1552
3667 1553
3667 1554
3668 1555
3668 1556
3669 1557
3670 1558
3670 1559
3671 1560
3672 1561
3673 1562
3673 1563
3674 1564
3675 1565
3675 1566
3676 1567
3676 1568
3677 1568
3678 1569
3678 1570
3678 1571
3678 1572
3679 1573
3680 1574
3681 1575
3681 1576
3682 1576
3683 1577
3683 1578
3684 1579
3684 1580
3685 1581
3686 1582
3686 1583
3686 1584
3687 1584
3688 1585
3688 1586
3689 1587
3689 1588
3690 1589
3691 1590
3691 1591
3692 1592
3692 1593
3692 1594
3693 1595
3694 1596
3694 1597
3694 1598
3695 1599
3696 1600
3697 1601
3697 1602
3698 1602
3699 1603
3699 1604
3700 1605
3700 1606
3701 1607
3702 1608
3703 1609
3703 1610
3704 1611
3705 1612
3705 1613
3706 1614
3706 1615
3706 1616
3707 1616
3708 1617
3708 1618
3708 1619
3709 1620
3709 1621
3710 1622
3711 1623
3711 1624
3712 1624
3713 1625
3713 1626
3714 1627
3714 1628
3715 1629
3715 1630
3716 1631
3716 1632
3717 1633
3717 1634
3718 1635
3719 1636
3720 1637
3721 1638
3722 1639
3722 1640
3723 1640
3724 1641
3724 1642
3724 1643
3725 1644
3725 1645
3726 1646
3727 1647
3727 1648
3728 1648
3729 1649
3730 1650
3731 1651
3731 1652
3732 1652
3733 1653
3733 1654
3734 1655
3734 1656
3735 1657
3736 1658
3736 1659
3737 1660
3737 1661
3738 1662
3738 1663
3738 1664
3739 1665
3740 1666
3741 1667
3742 1668
3743 1669
3743 1670
3744 1671
3745 1672
3746 1673
3746 1674
3747 1675
3747 1676
3748 1677
3749 1678
3749 1679
3750 1680
3750 1681
3751 1682
3751 1683
3752 1684
3752 1685
3753 1686
3753 1687
3754 1688
3755 1689
3755 1690
3756 1690
3757 1691
3757 1692
3758 1693
3759 1694
3759 1695
3760 1696
3761 1697
3762 1698
3763 1699
3764 1700
3764 1701
3765 1702
3766 1702
3767 1703
3768 1703
3769 1704
3769 1705
3770 1705
3771 1706
3772 1706
3773 1707
3774 1708
3775 1708
3776 1709
3777 1709
3778 1710
3779 1711
3780 1711
3781 1711
3782 1712
3783 1712
3784 1713
3785 1713
3786 1713
3787 1714
3788 1714
3789 1715
3790 1715
3791 1715
3792 1715
3793 1716
3793 1717
3794 1717
3795 1717
3796 1717
3797 1718
3798 1718
3799 1719
3800 1719
3801 1719
3802 1720
3803 1720
3804 1721
3805 1722
3806 1722
3807 1723
3808 1723
3809 1724
3810 1724
3811 1725
3812 1725
3813 1725
3814 1725
3815 1726
3816 1727
3817 1727
3818 1728
3819 1729
3820 1729
3821 1729
3822 1730
3823 1730
3824 1731
3825 1731
3826 1732
3827 1732
3828 1732
3829 1732
3830 1732
3831 1732
3832 1732
3833 1732
3834 1732
3835 1732
3836 1732
3837 1732
3838 1732
3839 1732
3840 1732
3841 1732
3842 1732
3843 1732
3844 1732
3845 1732
3846 1732
3847 1732
3848 1732
3849 1733
3850 1733
3851 1733
3852 1733
3853 1734
3854 1734
3855 1734
3856 1734
3857 1734
3858 1734
3859 1734
3860 1734
3861 1734
3862 1734
3863 1734
3864 1734
3865 1734
3866 1734
3867 1734
3868 1734
3869 1734
3870 1734
3871 1734
3872 1734
3873 1735
3874 1735
3875 1735
3876 1735
3877 1736
3878 1736
3879 1737
3880 1737
3881 1737
3882 1738
3883 1738
3884 1738
3885 1738
3886 1738
3887 1738
3888 1738
3889 1738
3890 1738
3891 1738
3892 1738
3893 1738
3894 1738
3895 1738
3896 1738
3897 1738
3898 1738
3899 1738
3900 1738
3901 1738
3902 1738
3903 1738
3904 1738
3905 1738
3906 1738
3907 1738
3908 1738
3909 1738
3910 1738
3911 1738
3912 1738
3913 1738
3914 1738
3915 1738
3916 1738
3917 1738
3918 1738
3919 1738
3920 1738
3921 1738
3922 1738
3923 1738
3924 1738
3925 1738
3926 1738
3927 1738
3928 1738
3929 1738
3930 1738
3931 1739
3932 1739
3933 1739
3934 1739
3935 1740
3936 1740
3937 1740
3938 1740
3939 1740
3940 1740
3941 1740
3942 1740
3943 1741
3944 1741
3945 1741
3946 1742
3947 1742
3948 1742
3949 1742
3950 1742
3951 1742
3952 1742
3953 1742
3954 1742
3955 1742
3956 1742
3957 1742
3958 1742
3959 1742
3960 1742
3961 1742
3962 1742
3963 1742
3964 1742
3965 1742
3966 1742
3967 1742
3968 1742
3969 1742
3970 1742
3971 1742
3972 1742
3973 1742
3974 1742
3975 1742
3976 1742
3977 1742
3978 1742
3979 1742
3980 1742
3981 1742
3982 1742
3983 1742
3984 1742
3985 1742
3986 1742
3987 1742
3988 1742
3989 1741
3990 1741
3991 1741
3992 1741
3992 1740
3993 1739
3994 1739
3995 1739
3996 1739
3997 1738
3998 1737
3999 1736
4000 1736
4000 1735
4001 1734
4002 1734
4003 1733
4004 1732
4005 1731
4006 1731
4007 1730
4008 1729
4009 1728
4010 1728
4011 1727
4012 1727
4013 1726
4014 1726
4015 1725
4016 1725
4017 1725
4018 1725
4019 1724
4020 1724
4021 1724
4022 1723
4023 1722
4024 1722
4024 1721
4025 1720
4026 1720
4027 1719
4028 1718
4029 1717
4030 1717
4031 1717
4032 1717
4032 1716
4033 1715
4034 1715
4035 1715
4036 1715
4037 1714
4038 1713
4039 1712
4040 1712
4041 1711
4042 1711
4043 1710
4044 1710
4045 1710
4046 1710
4047 1709
4048 1709
4049 1708
4050 1708
4051 1707
4052 1706
4053 1705
4054 1704
4055 1704
4056 1703
4057 1703
4058 1703
4059 1702
4060 1702
4061 1701
4062 1701
4063 1700
4064 1700
4065 1699
4066 1698
4067 1697
4067 1696
4068 1695
4069 1694
4070 1693
4070 1692
4071 1691
4072 1690
4072 1689
4073 1688
4074 1687
4075 1686
4076 1685
4076 1684
4077 1683
4078 1682
4079 1681
4079 1680
4080 1679
4080 1678
4081 1677
4081 1676
4082 1675
4082 1674
4083 1673
4083 1672
4084 1671
4085 1670
4085 1669
4085 1668
4085 1667
4086 1666
4087 1665
4087 1664
4088 1663
4089 1662
4089 1661
4089 1660
4090 1659
4090 1658
4091 1657
4091 1656
4092 1655
4093 1654
4093 1653
4093 1652
4093 1651
4094 1650
4095 1649
4095 1648
4096 1647
4097 1646
4097 1645
4097 1644
4098 1643
4098 1642
4099 1641
4099 1640
4100 1639
4100 1638
4101 1637
4102 1636
4102 1635
4103 1634
4103 1633
4104 1632
4105 1632
4105 1631
4105 1630
4105 1629
4106 1628
4107 1628
4107 1627
4107 1626
4107 1625
4108 1624
4109 1624
4109 1623
4109 1622
4109 1621
4110 1620
4110 1619
4111 1618
4111 1617
4111 1616
4112 1615
4112 1614
4113 1613
4113 1612
4113 1611
4114 1610
4114 1609
4114 1608
4114 1607
4114 1606
4114 1605
4114 1604
4114 1603
4114 1602
4114 1601
4114 1600
4114 1599
4115 1598
4115 1597
4115 1596
4115 1595
4116 1594
4116 1593
4116 1592
4116 1591
4117 1590
4117 1589
4117 1588
4117 1587
4118 1586
4119 1585
4120 1584
4120 1583
4121 1582
4122 1582
4122 1581
4123 1580
4124 1579
4124 1578
4125 1577
4125 1576
4126 1575
4126 1574
4126 1573
4126 1572
4126 1571
4126 1570
4126 1569
4126 1568
4126 1567
4126 1566
4126 1565
4126 1564
4126 1563
4126 1562
4126 1561
4126 1560
4126 1559
4127 1558
4127 1557
4127 1556
4127 1555
4128 1554
4128 1553
4128 1552
4128 1551
4128 1550
4128 1549
4128 1548
4128 1547
4128 1546
4128 1545
4128 1544
4128 1543
4129 1542
4129 1541
4129 1540
4129 1539
4130 1538
4130 1537
4131 1536
4131 1535
4131 1534
4131 1533
4132 1532
4132 1531
4132 1530
4132 1529
4132 1528
4132 1527
4132 1526
4132 1525
4132 1524
4132 1523
4132 1522
4132 1521
4132 1520
4132 1519
4132 1518
4132 1517
4132 1516
4132 1515
4132 1514
4132 1513
4132 1512
4132 1511
4132 1510
4132 1509
4132 1508
4132 1507
4132 1506
4132 1505
4132 1504
4132 1503
4132 1502
4132 1501
4132 1500
4132 1499
4132 1498
4132 1497
4132 1496
4132 1495
4132 1494
4132 1493
4132 1492
4132 1491
4132 1490
4132 1489
4132 1488
4132 1487
4132 1486
4132 1485
4132 1484
4132 1483
4132 1482
4132 1481
4132 1480
4132 1479
4132 1478
4132 1477
4132 1476
4132 1475
4132 1474
4131 1473
4131 1472
4131 1471
4130 1470
4130 1469
4130 1468
4130 1467
4130 1466
4130 1465
4130 1464
4130 1463
4130 1462
4130 1461
4130 1460
4129 1459
4129 1458
4129 1457
4128 1456
4128 1455
4128 1454
4128 1453
4128 1452
4128 1451
4128 1450
4128 1449
4128 1448
4128 1447
4128 1446
4128 1445
4128 1444
4128 1443
4128 1442
4128 1441
4128 1440
4128 1439
4128 1438
4128 1437
4128 1436
4128 1435
4128 1434
4128 1433
4128 1432
4128 1431
4128 1430
4128 1429
4129 1428
4129 1427
4129 1426
4129 1425
4130 1424
4130 1423
4130 1422
4130 1421
4130 1420
4130 1419
4131 1418
4131 1417
4131 1416
4132 1415
4133 1414
4133 1413
4133 1412
4133 1411
4134 1410
4134 1409
4134 1408
4134 1407
4135 1406
4135 1405
4136 1404
4136 1403
4137 1402
4137 1401
4138 1400
4138 1399
4138 1398
4138 1397
4138 1396
4138 1395
4138 1394
4138 1393
4139 1392
4139 1391
4139 1390
4139 1389
4140 1388
4140 1387
4141 1386
4141 1385
4142 1384
4142 1383
4143 1382
4144 1381
4144 1380
4145 1379
4145 1378
4146 1377
4147 1376
4147 1375
4147 1374
4147 1373
4148 1372
4148 1371
4148 1370
4148 1369
4148 1368
4148 1367
4148 1366
4148 1365
4149 1364
4149 1363
4149 1362
4149 1361
4150 1360
4151 1360
4151 1359
4151 1358
4151 1357
4152 1356
4152 1355
4152 1354
4152 1353
4152 1352
4152 1351
4152 1350
4152 1349
4152 1348
4152 1347
4152 1346
4152 1345
4152 1344
4152 1343
4152 1342
4152 1341
4152 1340
4152 1339
4152 1338
4152 1337
4152 1336
4152 1335
4152 1334
4152 1333
4152 1332
4152 1331
4152 1330
4152 1329
4151 1328
4151 1327
4151 1326
4151 1325
4150 1324
4150 1323
4150 1322
4150 1321
4149 1320
4149 1319
4149 1318
4149 1317
4148 1316
4148 1315
4148 1314
4148 1313
4148 1312
4148 1311
4148 1310
4148 1309
4148 1308
4148 1307
4148 1306
4147 1305
4147 1304
4146 1303
4146 1302
4145 1301
4144 1300
4144 1299
4143 1298
4143 1297
4142 1296
4142 1295
4142 1294
4142 1293
4142 1292
4142 1291
4141 1290
4141 1289
4141 1288
4141 1287
4140 1286
4140 1285
4139 1284
4139 1283
4139 1282
4139 1281
4138 1281
4137 1280
4137 1279
4137 1278
4137 1277
4136 1276
4136 1275
4136 1274
4136 1273
4135 1272
4135 1271
4135 1270
4135 1269
4134 1268
4133 1267
4133 1266
4133 1265
4132 1264
4132 1263
4132 1262
4131 1261
4130 1260
4130 1259
4129 1258
4129 1257
4128 1256
4128 1255
4128 1254
4128 1253
4128 1252
4128 1251
4127 1250
4127 1249
4127 1248
4127 1247
4126 1246
4126 1245
4125 1244
4125 1243
4125 1242
4125 1241
4124 1241
4123 1240
4123 1239
4123 1238
4123 1237
4122 1236
4122 1235
4121 1234
4121 1233
4121 1232
4120 1231
4120 1230
4119 1229
4118 1228
4118 1227
4117 1226
4117 1225
4116 1224
4115 1223
4114 1222
4114 1221
4113 1220
4112 1220
4111 1219
4110 1218
4110 1217
4109 1216
4108 1215
4108 1214
4107 1213
4106 1212
4106 1211
4105 1211
4104 1210
4104 1209
4103 1208
4102 1207
4101 1206
4100 1205
4099 1204
4098 1203
4097 1202
4096 1201
4096 1200
4095 1199
4094 1198
4093 1197
4092 1196
4092 1195
4091 1194
4091 1193
4090 1192
4090 1191
4090 1190
4090 1189
4090 1188
4090 1187
4090 1186
4090 1185
4090 1184
4090 1183
4090 1182
4090 1181
4090 1180
4090 1179
4090 1178
4090 1177
4090 1176
4090 1175
4090 1174
4090 1173
4090 1172
4090 1171
4090 1170
4090 1169
4090 1168
4090 1167
4089 1166
4089 1165
4089 1164
4089 1163
4088 1162
4088 1161
4088 1160
4088 1159
4088 1158
4088 1157
4088 1156
4087 1155
4086 1154
4086 1153
4085 1152
4084 1151
4084 1150
4083 1149
4082 1148
4082 1147
4081 1147
4080 1146
4080 1145
4079 1145
4078 1144
4077 1143
4076 1143
4075 1143
4074 1143
4073 1143
4072 1142
4071 1142
4070 1142
4069 1142
4068 1141
4067 1141
4066 1141
4065 1141
4064 1141
4063 1141
4062 1141
4061 1141
4060 1141
4059 1141
4058 1141
4057 1142
4056 1142
4055 1142
4054 1143
4053 1143
4052 1143
4051 1143
4050 1143
4049 1143
4048 1143
4047 1143
4046 1143
4045 1143
4044 1143
4043 1144
4042 1144
4041 1144
4040 1145
4039 1145
4038 1145
4037 1145
4036 1145
4035 1145
4034 1145
4033 1145
4032 1145
4031 1145
4030 1146
4029 1146
4028 1146
4027 1146
4026 1147
4025 1147
4024 1147
4023 1147
4022 1147
4021 1147
4020 1147
4019 1147
4018 1147
4017 1147
4016 1147
4015 1147
4014 1147
4013 1147
4012 1147
4011 1147
4010 1147
4009 1147
4008 1147
4007 1147
4006 1147
4005 1147
4004 1147
4003 1147
4002 1147
4001 1147
4000 1147
3999 1147
3998 1146
3997 1146
3996 1146
3995 1146
3994 1145
3993 1145
3992 1145
3991 1145
3990 1145
3989 1145
3988 1145
3987 1145
3986 1145
3985 1145
3984 1144
3983 1144
3982 1144
3981 1143
3980 1143
3979 1143
3978 1143
3977 1143
3976 1143
3975 1143
3974 1143
3973 1143
3972 1142
3971 1142
3970 1142
3969 1142
3968 1141
3967 1141
3966 1141
3965 1141
3964 1141
3963 1141
3962 1141
3961 1141
3960 1141
3959 1141
3958 1141
3957 1141
3956 1141
3955 1141
3954 1140
3953 1140
3952 1140
3951 1139
3950 1139
3949 1139
3948 1139
3947 1139
3946 1139
3945 1139
3944 1139
3943 1139
3942 1139
3941 1139
