2561 5188
2560 5189
2559 5189
2558 5190
2557 5191
2556 5191
2555 5192
2554 5193
2553 5193
2552 5194
2551 5194
2550 5194
2549 5194
2548 5194
2547 5194
2546 5194
2545 5194
2544 5194
2543 5194
2542 5194
2541 5194
2540 5194
2539 5194
2538 5194
2537 5194
2536 5194
2535 5194
2534 5195
2533 5195
2532 5195
2531 5195
2531 5196
2530 5197
2529 5197
2528 5197
2527 5197
2526 5198
2525 5198
2524 5198
2523 5198
2522 5198
2521 5198
2520 5198
2519 5198
2518 5198
2517 5198
2516 5198
2515 5198
2514 5198
2513 5198
2512 5198
2511 5198
2510 5198
2509 5198
2508 5198
2507 5198
2506 5198
2505 5198
2504 5198
2503 5198
2502 5198
2501 5198
2500 5198
2499 5198
2498 5198
2497 5198
2496 5198
2495 5198
2494 5198
2493 5198
2492 5198
2491 5198
2490 5198
2489 5198
2488 5199
2487 5199
2486 5199
2485 5199
2484 5200
2483 5200
2482 5201
2481 5201
2480 5201
2479 5201
2478 5202
2477 5202
2476 5203
2475 5203
2474 5203
2473 5203
2472 5204
2471 5205
2470 5205
2469 5205
2468 5206
2467 5206
2466 5206
2465 5206
2464 5206
2463 5206
2462 5207
2461 5207
2460 5207
2459 5207
2458 5208
2457 5208
2456 5208
2455 5208
2454 5208
2453 5208
2452 5209
2451 5209
2450 5209
2449 5209
2449 5210
2448 5211
2447 5211
2446 5211
2445 5211
2444 5212
2443 5212
2442 5212
2441 5212
2440 5213
2439 5213
2438 5213
2437 5214
2436 5214
2435 5215
2434 5216
2433 5216
2432 5217
2431 5217
2430 5218
2429 5218
2428 5219
2427 5219
2426 5219
2425 5219
2425 5220
2424 5221
2423 5221
2422 5221
2421 5222
2420 5223
2419 5223
2418 5223
2417 5223
2417 5224
2416 5225
2415 5225
2414 5225
2413 5226
2412 5227
2411 5227
2410 5228
2409 5228
2408 5229
2407 5229
2406 5230
2405 5231
2404 5231
2403 5232
2403 5233
2402 5234
2401 5235
2401 5236
2400 5237
2399 5238
2399 5239
2398 5240
2397 5240
2397 5241
2396 5242
2395 5242
2395 5243
2394 5244
2393 5245
2393 5246
2392 5247
2392 5248
2392 5249
2391 5250
2391 5251
2390 5252
2390 5253
2390 5254
2390 5255
2389 5256
2388 5256
2388 5257
2387 5258
2387 5259
2386 5260
2385 5260
2384 5261
2383 5262
2382 5263
2381 5264
2381 5265
2380 5266
2379 5266
2379 5267
2378 5268
2377 5268
2376 5269
2375 5270
2374 5271
2373 5272
2373 5273
2372 5274
2371 5274
2371 5275
2370 5276
2369 5276
2368 5277
2367 5278
2366 5279
2365 5280
2365 5281
2364 5282
2363 5282
2363 5283
2362 5284
2361 5284
2360 5285
2359 5286
2358 5287
2357 5288
2357 5289
2356 5290
2355 5290
2355 5291
2354 5292
2353 5292
2352 5293
2351 5294
2350 5295
2349 5296
2349 5297
2348 5298
2347 5298
2347 5299
2346 5300
2345 5300
2344 5301
2343 5302
2342 5303
2341 5304
2341 5305
2340 5306
2339 5306
2339 5307
2338 5308
2337 5308
2337 5309
2336 5310
2335 5310
2334 5311
2333 5312
2332 5313
2331 5314
2330 5314
2329 5315
2328 5316
2327 5316
2327 5317
2326 5318
2325 5318
2324 5319
2323 5320
2322 5321
2322 5322
2321 5323
2320 5323
2319 5324
2319 5325
2318 5326
2317 5327
2316 5327
2315 5328
2314 5329
2314 5330
2313 5331
2312 5331
2312 5332
2312 5333
2311 5334
2311 5335
2310 5336
2310 5337
2309 5338
2309 5339
2308 5340
2308 5341
2307 5342
2306 5343
2305 5344
2305 5345
2304 5346
2303 5347
2302 5348
2302 5349
2302 5350
2302 5351
2301 5352
2301 5353
2300 5354
2300 5355
2300 5356
2300 5357
2299 5358
2299 5359
2299 5360
2298 5361
2298 5362
2297 5363
2297 5364
2296 5365
2295 5366
2295 5367
2294 5368
2293 5368
2293 5369
2292 5370
2291 5371
2291 5372
2290 5373
2290 5374
2289 5375
2288 5376
2288 5377
2287 5378
2287 5379
2286 5380
2286 5381
2285 5382
2285 5383
2284 5384
2283 5385
2283 5386
2282 5387
2282 5388
2281 5389
2281 5390
2280 5391
2280 5392
2280 5393
2279 5394
2278 5394
2278 5395
2278 5396
2278 5397
2277 5398
2277 5399
2276 5400
2276 5401
2275 5402
2275 5403
2274 5404
2273 5405
2273 5406
2272 5407
2271 5408
2270 5409
2270 5410
2269 5411
2268 5412
2267 5412
2266 5413
2265 5413
2265 5414
2264 5415
2263 5415
2262 5416
2261 5417
2261 5418
2260 5419
2259 5420
2259 5421
2258 5422
2258 5423
2257 5424
2257 5425
2256 5426
2256 5427
2256 5428
2256 5429
2255 5430
2254 5430
2254 5431
2254 5432
2254 5433
2253 5434
2253 5435
2253 5436
2253 5437
2252 5438
2252 5439
2252 5440
2251 5441
2251 5442
2250 5443
2249 5444
2248 5445
2247 5446
2247 5447
2246 5448
2245 5449
2244 5449
2244 5450
2244 5451
2243 5452
2242 5453
2242 5454
2242 5455
2241 5456
2241 5457
2241 5458
2241 5459
2240 5460
2240 5461
2240 5462
2240 5463
2239 5464
2239 5465
2239 5466
2239 5467
2239 5468
2239 5469
2238 5470
2238 5471
2238 5472
2238 5473
2237 5474
2237 5475
2237 5476
2237 5477
2237 5478
2237 5479
2237 5480
2237 5481
2237 5482
2237 5483
2237 5484
2237 5485
2237 5486
2237 5487
2237 5488
2237 5489
2237 5490
2237 5491
2237 5492
2237 5493
2237 5494
2237 5495
2237 5496
2237 5497
2237 5498
2237 5499
2237 5500
2237 5501
2237 5502
2237 5503
2237 5504
2237 5505
2237 5506
2237 5507
2237 5508
2237 5509
2237 5510
2237 5511
2237 5512
2237 5513
2237 5514
2237 5515
2237 5516
2237 5517
2237 5518
2237 5519
2237 5520
2237 5521
2237 5522
2237 5523
2237 5524
2237 5525
2237 5526
2237 5527
2237 5528
2237 5529
2237 5530
2237 5531
2237 5532
2237 5533
2237 5534
2237 5535
2237 5536
2237 5537
2237 5538
2237 5539
2237 5540
2237 5541
2238 5542
2238 5543
2239 5544
2239 5545
2240 5546
2241 5547
2241 5548
2242 5549
2243 5550
2243 5551
2244 5551
2245 5552
2245 5553
2246 5554
2246 5555
2247 5556
2248 5557
2248 5558
2248 5559
2249 5560
2249 5561
2250 5562
2250 5563
2250 5564
2250 5565
2251 5566
2251 5567
2251 5568
2251 5569
2252 5570
2252 5571
2252 5572
2252 5573
2253 5573
2254 5574
2254 5575
2254 5576
2254 5577
2255 5578
2255 5579
2255 5580
2255 5581
2255 5582
2255 5583
2255 5584
2255 5585
2256 5586
2256 5587
2256 5588
2256 5589
2257 5590
2257 5591
2257 5592
2257 5593
2257 5594
2257 5595
2257 5596
2257 5597
2257 5598
2257 5599
2257 5600
2257 5601
2257 5602
2257 5603
2258 5604
2258 5605
2258 5606
2258 5607
2259 5608
2259 5609
2260 5610
2260 5611
2261 5612
2261 5613
2262 5614
2263 5615
2263 5616
2264 5617
2265 5618
2266 5619
2266 5620
2267 5621
2268 5622
2269 5623
2269 5624
2269 5625
2269 5626
2269 5627
2269 5628
2269 5629
2269 5630
2269 5631
2269 5632
2269 5633
2269 5634
2269 5635
2270 5636
2270 5637
2271 5638
2271 5639
2272 5640
2272 5641
2273 5642
2273 5643
2273 5644
2273 5645
2273 5646
2273 5647
2274 5648
2274 5649
2274 5650
2274 5651
2275 5652
2275 5653
2275 5654
2275 5655
2276 5656
2276 5657
2277 5658
2277 5659
2278 5660
2279 5661
2280 5662
2281 5662
2282 5663
2282 5664
2283 5665
2284 5666
2285 5666
2286 5667
2287 5668
2287 5669
2288 5670
2289 5670
2290 5671
2290 5672
2291 5672
2292 5673
2293 5673
2294 5673
2294 5672
2294 5671
2294 5670
2294 5669
2294 5668
2295 5667
2296 5667
2297 5667
2298 5668
2299 5669
2299 5670
2299 5671
2299 5672
2299 5673
2299 5674
2299 5675
2299 5676
2299 5677
2299 5678
2299 5679
2300 5680
2300 5681
2300 5682
2301 5682
2302 5683
2303 5684
2303 5685
2304 5686
2305 5687
2305 5688
2306 5689
2306 5690
2307 5691
2307 5692
2308 5693
2308 5694
2308 5695
2309 5696
2309 5697
2309 5698
2309 5699
2310 5700
2310 5701
2310 5702
2311 5703
2311 5704
2312 5705
2312 5706
2313 5707
2313 5708
2314 5709
2315 5710
2315 5711
2316 5711
2317 5712
2317 5713
2318 5714
2319 5715
2319 5716
2320 5717
2320 5718
2321 5719
2322 5720
2322 5721
2323 5722
2324 5723
2324 5724
2325 5724
2326 5725
2327 5726
2328 5726
2329 5727
2329 5728
2330 5728
2331 5729
2332 5730
2333 5730
2334 5731
2334 5732
2334 5733
2335 5734
2336 5735
2336 5736
2337 5737
2338 5738
2339 5739
2340 5740
2340 5741
2340 5742
2341 5743
2341 5744
2342 5745
2342 5746
2343 5747
2344 5747
2345 5748
2346 5749
2347 5750
2348 5750
2349 5751
2350 5751
2351 5752
2352 5753
2352 5754
2353 5754
2354 5755
2355 5756
2355 5757
2356 5758
2357 5758
2358 5759
2358 5760
2359 5761
2360 5762
2361 5762
2362 5763
2363 5764
2363 5765
2364 5766
2365 5766
2366 5767
2366 5768
2367 5768
2368 5769
2368 5770
2369 5770
2370 5771
2371 5772
2371 5773
2372 5774
2373 5774
2374 5775
2374 5776
2375 5777
2376 5778
2377 5778
2378 5779
2379 5780
2379 5781
2380 5782
2381 5782
2382 5783
2382 5784
2383 5784
2384 5785
2384 5786
2385 5786
2386 5787
2387 5788
2387 5789
2388 5790
2389 5790
2390 5791
2390 5792
2391 5793
2392 5794
2393 5794
2394 5795
2395 5796
2395 5797
2396 5798
2397 5798
2398 5799
2398 5800
2399 5800
2400 5801
2400 5802
2401 5802
2402 5803
2403 5804
2403 5805
2404 5806
2405 5806
2406 5807
2406 5808
2407 5809
2408 5810
2409 5810
2410 5811
2411 5812
2411 5813
2412 5813
2413 5814
2414 5815
2415 5816
2416 5816
2417 5816
2418 5817
2419 5818
2420 5818
2421 5819
2422 5819
2423 5820
2424 5820
2425 5821
2426 5821
2427 5821
2428 5821
2429 5822
2430 5822
2431 5823
2432 5823
2433 5824
2433 5825
2434 5826
2435 5827
2436 5828
2436 5829
2436 5830
2437 5830
2438 5831
2439 5832
2440 5832
2441 5833
2441 5834
2442 5834
2443 5834
2444 5834
2445 5835
2445 5836
2446 5836
2447 5837
2448 5838
2449 5838
2450 5839
2450 5840
2451 5841
2452 5841
2453 5842
2454 5843
2455 5844
2456 5844
2457 5845
2458 5845
2459 5846
2460 5847
2460 5848
2461 5849
2462 5850
2463 5851
2464 5852
2465 5852
2466 5853
2467 5854
2468 5854
2469 5855
2470 5856
2471 5857
2472 5857
2473 5858
2474 5859
2475 5860
2476 5861
2477 5861
2478 5862
2479 5863
2480 5864
2481 5864
2482 5864
2483 5865
2484 5865
2485 5865
2486 5865
2487 5865
2488 5865
2489 5865
2490 5865
2491 5865
2492 5865
2493 5865
2494 5865
2495 5865
2496 5865
2497 5865
2498 5865
2499 5865
2500 5865
2501 5865
2502 5865
2503 5865
2504 5865
2505 5865
2506 5865
2507 5865
2508 5865
2509 5865
2510 5865
2511 5866
2512 5866
2513 5867
2514 5867
2515 5868
2516 5869
2517 5869
2518 5869
2519 5869
2520 5869
2521 5869
2522 5869
2523 5870
2524 5870
2525 5870
2526 5870
2527 5871
2528 5871
2529 5872
2530 5872
2531 5872
2532 5872
2533 5873
2534 5873
2535 5873
2536 5873
2537 5873
2538 5873
2539 5873
2540 5873
2541 5873
2542 5873
2543 5873
2544 5873
2545 5873
2546 5873
2547 5873
2548 5873
2549 5873
2550 5873
2551 5873
2552 5873
2553 5873
2554 5873
2555 5873
2556 5873
2557 5874
2558 5874
2559 5874
2560 5874
2561 5875
2562 5875
2563 5875
2564 5875
2565 5875
2566 5875
2567 5876
2568 5876
2569 5876
2570 5877
2571 5877
2572 5877
2573 5877
2574 5877
2575 5877
2576 5877
2577 5877
2578 5877
2579 5877
2580 5877
2581 5877
2582 5877
2583 5878
2584 5878
2585 5879
2586 5879
2587 5880
2588 5880
2589 5881
2590 5881
2591 5881
2592 5881
2593 5881
2594 5881
2595 5881
2596 5881
2597 5881
2598 5881
2599 5881
2600 5881
2601 5881
2602 5881
2603 5881
2604 5881
2605 5881
2606 5881
2607 5881
2608 5881
2609 5881
2610 5881
2611 5881
2612 5881
2613 5881
2614 5881
2615 5881
2616 5881
2617 5881
2618 5881
2619 5881
2620 5881
2621 5881
2622 5881
2623 5881
2624 5881
2625 5881
2626 5881
2627 5882
2628 5882
2629 5882
2630 5882
2631 5883
2632 5883
2633 5884
2634 5884
2635 5884
2636 5884
2637 5885
2638 5885
2639 5886
2640 5886
2641 5886
2642 5886
2643 5887
2644 5887
2645 5888
2646 5889
2647 5890
2648 5890
2649 5891
2650 5891
2651 5891
2652 5891
2653 5891
2654 5891
2655 5891
2656 5891
2657 5891
2658 5891
2659 5891
2660 5891
2661 5891
2662 5891
2663 5891
2664 5891
2665 5891
2666 5891
2667 5891
2668 5891
2669 5891
2670 5891
2671 5891
2672 5891
2673 5890
2674 5890
2675 5890
2676 5889
2677 5888
2678 5888
2679 5887
2680 5887
2681 5887
2682 5887
2683 5887
2684 5887
2685 5887
2686 5887
2687 5887
2688 5887
2689 5887
2690 5887
2691 5886
2692 5886
2693 5886
2694 5886
2695 5885
2696 5885
2697 5885
2698 5885
2699 5885
2700 5885
2701 5885
2702 5885
2703 5885
2704 5885
2705 5885
2706 5885
2707 5885
2708 5885
2709 5885
2710 5885
2711 5885
2712 5885
2713 5885
2714 5885
2715 5885
2716 5885
2717 5885
2718 5885
2719 5885
2720 5885
2721 5885
2722 5885
2723 5885
2724 5885
2725 5885
2726 5885
2727 5885
2728 5885
2729 5885
2730 5885
2731 5886
2732 5886
2733 5886
2734 5887
2735 5887
2736 5887
2737 5886
2738 5886
2739 5886
2739 5885
2740 5884
2741 5884
2741 5883
2741 5882
2742 5881
2743 5881
2743 5880
2743 5879
2744 5878
2744 5877
2745 5876
2746 5875
2746 5874
2747 5873
2748 5873
2748 5872
2749 5871
2750 5871
2750 5870
2751 5869
2752 5869
2752 5868
2753 5867
2754 5867
2755 5866
2756 5866
2757 5865
2758 5865
2759 5865
2760 5865
2761 5865
2762 5865
2763 5865
2764 5865
2765 5865
2766 5865
2767 5865
2768 5865
2769 5865
2770 5865
2771 5864
2772 5864
2773 5864
2774 5864
2775 5863
2776 5863
2777 5862
2778 5862
2779 5862
2780 5861
2781 5861
2782 5860
2783 5859
2783 5858
2784 5857
2784 5856
2785 5855
2786 5854
2786 5853
2787 5852
2788 5851
2789 5851
2789 5850
2789 5849
2790 5848
2790 5847
2791 5846
2792 5845
2793 5844
2794 5843
2794 5842
2795 5841
2796 5840
2797 5840
2798 5839
2799 5838
2800 5838
2800 5837
2801 5836
2802 5836
2803 5835
2804 5835
2805 5834
2805 5833
2806 5832
2806 5831
2807 5830
2807 5829
2808 5828
2809 5827
2810 5826
2811 5825
2812 5824
2813 5824
2814 5823
2815 5823
2816 5822
2817 5821
2818 5821
2819 5820
2820 5820
2820 5819
2821 5818
2822 5818
2823 5818
2824 5818
2824 5817
2825 5816
2826 5816
2827 5815
2828 5814
2829 5814
2830 5813
2831 5812
2832 5812
2833 5811
2834 5811
2835 5810
2836 5810
2837 5809
2837 5808
2838 5807
2838 5806
2838 5805
2838 5804
2838 5803
2838 5802
2838 5801
2838 5800
2838 5799
2838 5798
2837 5797
2837 5796
2836 5795
2835 5794
2835 5793
2834 5792
2833 5791
2832 5790
2832 5789
2831 5788
2831 5787
2831 5786
2830 5785
2830 5784
2829 5783
2829 5782
2829 5781
2829 5780
2828 5779
2827 5778
2826 5777
2826 5776
2825 5775
2824 5775
2823 5774
2822 5773
2822 5772
2821 5771
2820 5771
2819 5770
2819 5769
2818 5769
2817 5768
2817 5767
2816 5766
2815 5765
2814 5764
2814 5763
2813 5762
2812 5761
2812 5760
2811 5759
2810 5758
2810 5757
2809 5756
2809 5755
2808 5755
2807 5754
2807 5753
2806 5752
2805 5751
2805 5750
2804 5749
2804 5748
2804 5747
2804 5746
2804 5745
2804 5744
2804 5743
2804 5742
2804 5741
2804 5740
2804 5739
2804 5738
2804 5737
2804 5736
2804 5735
2804 5734
2804 5733
2804 5732
2804 5731
2804 5730
2804 5729
2804 5728
2804 5727
2804 5726
2804 5725
2804 5724
2805 5723
2805 5722
2806 5721
2806 5720
2807 5719
2807 5718
2808 5717
2808 5716
2809 5715
2809 5714
2809 5713
2809 5712
2810 5711
2810 5710
2810 5709
2810 5708
2811 5707
2811 5706
2811 5705
2811 5704
2812 5703
2812 5702
2812 5701
2812 5700
2813 5699
2813 5698
2813 5697
2814 5696
2814 5695
2815 5694
2816 5693
2817 5692
2817 5691
2817 5690
2818 5689
2818 5688
2818 5687
2818 5686
2819 5685
2819 5684
2819 5683
2819 5682
2820 5681
2820 5680
2820 5679
2820 5678
2820 5677
2820 5676
2820 5675
2820 5674
2820 5673
2820 5672
2820 5671
2820 5670
2821 5669
2821 5668
2821 5667
2821 5666
2822 5665
2822 5664
2822 5663
2822 5662
2822 5661
2822 5660
2823 5659
2823 5658
2823 5657
2824 5656
2824 5655
2825 5654
2825 5653
2825 5652
2826 5651
2826 5650
2826 5649
2826 5648
2826 5647
2826 5646
2826 5645
2826 5644
2827 5643
2827 5642
2827 5641
2827 5640
2828 5639
2828 5638
2828 5637
2828 5636
2828 5635
2828 5634
2828 5633
2828 5632
2828 5631
2828 5630
2828 5629
2828 5628
2828 5627
2828 5626
2828 5625
2828 5624
2828 5623
2828 5622
2828 5621
2828 5620
2828 5619
2828 5618
2828 5617
2828 5616
2828 5615
2828 5614
2828 5613
2828 5612
2828 5611
2828 5610
2828 5609
2828 5608
2828 5607
2828 5606
2828 5605
2828 5604
2828 5603
2828 5602
2829 5601
2829 5600
2829 5599
2829 5598
2830 5597
2830 5596
2831 5595
2831 5594
2831 5593
2831 5592
2832 5591
2832 5590
2832 5589
2832 5588
2832 5587
2832 5586
2833 5585
2833 5584
2833 5583
2833 5582
2834 5581
2834 5580
2834 5579
2834 5578
2834 5577
2834 5576
2834 5575
2834 5574
2834 5573
2834 5572
2834 5571
2834 5570
2834 5569
2834 5568
2834 5567
2834 5566
2834 5565
2834 5564
2834 5563
2834 5562
2834 5561
2834 5560
2834 5559
2834 5558
2834 5557
2834 5556
2834 5555
2834 5554
2834 5553
2833 5552
2833 5551
2833 5550
2832 5549
2832 5548
2832 5547
2832 5546
2832 5545
2832 5544
2832 5543
2832 5542
2832 5541
2832 5540
2832 5539
2832 5538
2832 5537
2832 5536
2832 5535
2832 5534
2832 5533
2832 5532
2832 5531
2832 5530
2832 5529
2832 5528
2832 5527
2832 5526
2832 5525
2832 5524
2832 5523
2832 5522
2832 5521
2832 5520
2832 5519
2832 5518
2832 5517
2832 5516
2832 5515
2832 5514
2832 5513
2832 5512
2832 5511
2832 5510
2832 5509
2832 5508
2832 5507
2832 5506
2832 5505
2832 5504
2832 5503
2832 5502
2832 5501
2832 5500
2832 5499
2832 5498
2832 5497
2832 5496
2832 5495
2832 5494
2832 5493
2832 5492
2831 5491
2831 5490
2831 5489
2830 5488
2830 5487
2830 5486
2830 5485
2830 5484
2830 5483
2830 5482
2830 5481
2830 5480
2830 5479
2830 5478
2830 5477
2830 5476
2830 5475
2830 5474
2830 5473
2830 5472
2830 5471
2830 5470
2830 5469
2830 5468
2830 5467
2830 5466
2830 5465
2830 5464
2830 5463
2830 5462
2830 5461
2830 5460
2830 5459
2830 5458
2830 5457
2831 5456
2831 5455
2831 5454
2832 5453
2832 5452
2832 5451
2832 5450
2832 5449
2832 5448
2833 5447
2833 5446
2833 5445
2833 5444
2834 5443
2834 5442
2834 5441
2834 5440
2834 5439
2834 5438
2834 5437
2834 5436
2834 5435
2834 5434
2834 5433
2834 5432
2834 5431
2834 5430
2834 5429
2834 5428
2834 5427
2834 5426
2834 5425
2833 5424
2833 5423
2833 5422
2832 5421
2832 5420
2831 5419
2831 5418
2830 5417
2829 5416
2829 5415
2829 5414
2828 5413
2828 5412
2827 5411
2827 5410
2827 5409
2827 5408
2826 5407
2826 5406
2826 5405
2826 5404
2826 5403
2825 5402
2825 5401
2824 5400
2824 5399
2823 5398
2823 5397
2823 5396
2822 5395
2822 5394
2822 5393
2821 5392
2820 5391
2820 5390
2819 5389
2819 5388
2818 5387
2818 5386
2817 5385
2817 5384
2817 5383
2817 5382
2816 5381
2816 5380
2816 5379
2816 5378
2815 5377
2815 5376
2815 5375
2815 5374
2814 5373
2814 5372
2813 5371
2813 5370
2813 5369
2812 5368
2812 5367
2811 5366
2810 5365
2810 5364
2809 5364
2808 5363
2807 5362
2807 5361
2806 5361
2805 5360
2805 5359
2805 5358
2804 5357
2803 5356
2803 5355
2802 5354
2802 5353
2801 5352
2801 5351
2800 5350
2800 5349
2799 5348
2798 5347
2798 5346
2797 5346
2796 5345
2795 5344
2794 5343
2794 5342
2793 5341
2792 5340
2791 5339
2790 5338
2790 5337
2789 5336
2788 5335
2788 5334
2787 5333
2787 5332
2786 5331
2785 5330
2784 5329
2783 5328
2782 5327
2782 5326
2781 5325
2780 5324
2780 5323
2779 5322
2779 5321
2778 5320
2778 5319
2777 5318
2776 5317
2775 5316
2775 5315
2774 5314
2773 5313
2772 5313
2771 5312
2771 5311
2770 5310
2769 5310
2768 5309
2767 5308
2766 5307
2765 5307
2764 5306
2763 5306
2762 5305
2762 5304
2761 5303
2760 5303
2759 5302
2758 5301
2758 5300
2757 5299
2756 5299
2755 5298
2755 5297
2754 5296
2753 5295
2752 5295
2751 5294
2750 5293
2750 5292
2749 5291
2748 5291
2747 5290
2747 5289
2746 5288
2745 5287
2744 5286
2744 5285
2743 5284
2742 5283
2742 5282
2741 5282
2740 5281
2740 5280
2739 5279
2738 5278
2738 5277
2737 5276
2737 5275
2736 5275
2735 5274
2735 5273
2734 5272
2733 5271
2732 5271
2731 5270
2730 5269
2730 5268
2729 5267
2728 5267
2727 5266
2726 5265
2725 5264
2724 5264
2723 5263
2722 5262
2721 5261
2720 5260
2719 5260
2718 5259
2717 5259
2716 5258
2715 5258
2714 5257
2713 5257
2712 5257
2711 5256
2711 5255
2710 5254
2709 5254
2708 5253
2708 5252
2707 5252
2706 5251
2705 5250
2705 5249
2704 5249
2703 5248
2703 5247
2702 5247
2701 5246
2701 5245
2700 5245
2699 5244
2699 5243
2698 5243
2697 5242
2697 5241
2696 5241
2695 5240
2695 5239
2694 5238
2693 5238
2692 5237
2692 5236
2691 5236
2690 5235
2689 5234
2689 5233
2688 5233
2687 5232
2686 5231
2685 5231
2684 5230
2683 5230
2682 5229
2681 5229
2680 5228
2680 5227
2679 5227
2678 5226
2677 5226
2676 5225
2675 5225
2674 5224
2673 5224
2672 5223
2671 5223
2670 5222
2669 5222
2668 5221
2667 5220
2666 5220
2665 5219
2664 5219
2663 5219
2662 5218
2661 5218
2660 5217
2659 5217
2658 5217
2657 5217
2656 5216
2656 5215
2655 5215
2654 5215
2653 5215
2652 5214
2651 5214
2650 5213
2649 5213
2648 5212
2647 5211
2646 5210
2645 5210
2644 5209
2643 5208
2642 5207
2641 5207
2640 5207
2639 5206
2638 5205
2637 5205
2636 5204
2635 5204
2634 5203
2633 5203
2632 5203
2631 5203
2630 5202
2629 5202
2628 5201
2627 5201
2626 5201
2625 5201
2624 5200
2624 5199
2623 5199
2622 5199
2621 5199
2620 5198
2619 5198
2618 5197
2617 5197
2616 5196
2615 5196
2614 5195
2613 5195
2612 5194
2611 5194
2610 5194
2609 5194
2608 5193
2607 5193
2606 5192
2605 5191
2604 5191
2603 5191
2602 5190
2601 5190
2600 5190
2599 5190
2598 5189
2597 5189
2596 5189
2595 5189
2594 5188
2593 5188
2592 5188
2591 5188
2590 5188
2589 5188
2588 5188
2587 5188
2586 5188
2585 5188
2584 5188
2583 5188
2582 5188
2581 5188
2580 5188
2579 5188
2578 5188
2577 5188
2576 5188
2575 5188
2574 5188
2573 5188
2572 5188
2571 5188
2570 5188
2569 5188
2568 5188
2567 5188
2566 5188
2565 5188
2564 5188
2563 5188
2562 5188
2561 5188
