1257 3271
1256 3272
1255 3272
1254 3272
1253 3273
1252 3273
1251 3274
1250 3274
1249 3274
1248 3275
1247 3275
1246 3276
1245 3276
1244 3276
1243 3276
1242 3277
1241 3278
1240 3278
1239 3279
1238 3279
1237 3280
1236 3280
1235 3281
1234 3281
1233 3282
1232 3283
1231 3283
1230 3284
1229 3285
1228 3285
1227 3286
1226 3287
1225 3287
1224 3288
1223 3289
1222 3289
1221 3290
1220 3290
1219 3290
1218 3291
1217 3291
1216 3291
1215 3291
1214 3291
1213 3291
1212 3291
1211 3291
1210 3291
1209 3291
1208 3291
1207 3291
1206 3291
1205 3291
1204 3291
1203 3291
1202 3291
1201 3291
1200 3291
1199 3291
1198 3292
1197 3292
1196 3292
1195 3292
1194 3293
1193 3293
1192 3293
1191 3293
1190 3294
1189 3294
1188 3294
1187 3294
1186 3295
1185 3295
1184 3295
1183 3295
1182 3295
1181 3295
1180 3295
1179 3295
1178 3295
1177 3296
1176 3296
1175 3297
1174 3297
1173 3298
1172 3298
1171 3299
1170 3299
1169 3300
1168 3301
1167 3301
1166 3302
1165 3302
1164 3303
1163 3304
1162 3304
1161 3304
1160 3305
1159 3305
1158 3305
1157 3305
1156 3305
1155 3305
1154 3305
1153 3305
1152 3306
1151 3306
1150 3307
1149 3307
1148 3308
1148 3309
1147 3310
1146 3311
1145 3311
1145 3312
1144 3313
1143 3313
1142 3314
1141 3315
1140 3315
1139 3316
1138 3316
1137 3316
1136 3317
1135 3317
1134 3317
1133 3317
1132 3317
1131 3317
1130 3318
1129 3318
1128 3319
1127 3319
1126 3320
1126 3321
1125 3322
1124 3323
1123 3323
1122 3324
1121 3324
1121 3325
1120 3326
1119 3326
1118 3327
1117 3327
1117 3328
1116 3329
1115 3330
1115 3331
1114 3332
1114 3333
1113 3334
1113 3335
1112 3336
1112 3337
1112 3338
1111 3339
1111 3340
1110 3341
1110 3342
1109 3343
1109 3344
1108 3345
1107 3346
1107 3347
1106 3348
1106 3349
1106 3350
1105 3351
1105 3352
1104 3353
1104 3354
1103 3355
1103 3356
1102 3357
1101 3357
1100 3358
1099 3359
1098 3359
1097 3360
1096 3360
1095 3361
1094 3361
1093 3362
1092 3362
1091 3362
1090 3363
1089 3364
1088 3364
1087 3364
1086 3365
1085 3365
1084 3366
1083 3366
1082 3366
1081 3366
1081 3367
1080 3368
1079 3368
1078 3369
1077 3369
1077 3370
1076 3371
1075 3371
1075 3372
1074 3373
1073 3374
1073 3375
1072 3376
1072 3377
1072 3378
1071 3379
1071 3380
1070 3381
1070 3382
1070 3383
1070 3384
1069 3385
1068 3385
1068 3386
1068 3387
1067 3388
1066 3389
1066 3390
1066 3391
1066 3392
1065 3393
1065 3394
1065 3395
1065 3396
1065 3397
1065 3398
1064 3399
1064 3400
1064 3401
1063 3402
1062 3403
1062 3404
1062 3405
1062 3406
1061 3407
1061 3408
1060 3409
1060 3410
1060 3411
1060 3412
1059 3413
1059 3414
1059 3415
1059 3416
1059 3417
1059 3418
1059 3419
1059 3420
1059 3421
1059 3422
1058 3423
1058 3424
1057 3425
1057 3426
1056 3427
1055 3427
1054 3428
1054 3429
1053 3430
1052 3431
1052 3432
1051 3433
1051 3434
1051 3435
1051 3436
1050 3437
1050 3438
1049 3439
1049 3440
1048 3441
1047 3442
1047 3443
1047 3444
1047 3445
1047 3446
1047 3447
1047 3448
1047 3449
1047 3450
1046 3451
1046 3452
1045 3453
1044 3454
1043 3455
1043 3456
1042 3457
1041 3457
1040 3458
1039 3459
1038 3459
1037 3460
1036 3461
1036 3462
1035 3463
1035 3464
1035 3465
1035 3466
1036 3467
1036 3468
1036 3469
1036 3470
1037 3471
1037 3472
1037 3473
1037 3474
1037 3475
1037 3476
1037 3477
1037 3478
1037 3479
1037 3480
1037 3481
1037 3482
1037 3483
1037 3484
1037 3485
1037 3486
1037 3487
1037 3488
1037 3489
1037 3490
1037 3491
1037 3492
1037 3493
1037 3494
1036 3495
1036 3496
1036 3497
1036 3498
1035 3499
1035 3500
1034 3501
1034 3502
1034 3503
1034 3504
1033 3505
1032 3505
1032 3506
1032 3507
1032 3508
1031 3509
1031 3510
1030 3511
1030 3512
1030 3513
1029 3514
1028 3515
1028 3516
1028 3517
1028 3518
1027 3519
1027 3520
1027 3521
1027 3522
1027 3523
1027 3524
1027 3525
1027 3526
1027 3527
1027 3528
1027 3529
1027 3530
1027 3531
1027 3532
1027 3533
1027 3534
1026 3535
1026 3536
1025 3537
1025 3538
1024 3539
1024 3540
1023 3541
1023 3542
1024 3543
1024 3544
1025 3545
1025 3546
1026 3547
1027 3548
1027 3549
1027 3550
1027 3551
1027 3552
1027 3553
1027 3554
1026 3555
1026 3556
1026 3557
1026 3558
1026 3559
1026 3560
1026 3561
1027 3562
1028 3563
1028 3564
1028 3565
1028 3566
1029 3567
1030 3568
1030 3569
1030 3570
1031 3571
1031 3572
1031 3573
1031 3574
1031 3575
1032 3576
1033 3577
1033 3578
1034 3578
1035 3579
1035 3580
1036 3581
1037 3582
1038 3582
1039 3583
1039 3584
1040 3584
1041 3585
1041 3586
1042 3586
1043 3587
1043 3588
1044 3588
1045 3589
1046 3590
1047 3590
1048 3591
1049 3592
1050 3593
1051 3594
1052 3595
1053 3595
1054 3596
1055 3597
1055 3598
1056 3598
1057 3599
1057 3600
1058 3601
1059 3602
1060 3603
1061 3604
1061 3605
1062 3606
1063 3607
1064 3608
1064 3609
1065 3610
1065 3611
1066 3612
1067 3613
1068 3614
1069 3615
1069 3616
1070 3617
1071 3618
1072 3619
1073 3620
1074 3621
1074 3622
1075 3623
1076 3624
1077 3625
1077 3626
1078 3627
1079 3628
1080 3628
1081 3629
1082 3630
1083 3630
1084 3631
1085 3631
1086 3632
1087 3632
1088 3633
1089 3633
1090 3634
1091 3635
1092 3635
1093 3636
1094 3637
1095 3638
1096 3638
1097 3639
1097 3640
1098 3641
1099 3642
1100 3642
1101 3643
1102 3644
1103 3645
1103 3646
1104 3647
1105 3648
1106 3648
1107 3649
1107 3650
1108 3650
1109 3651
1110 3652
1111 3652
1112 3653
1113 3654
1114 3654
1115 3655
1115 3656
1116 3656
1117 3657
1118 3657
1119 3658
1120 3658
1121 3659
1122 3659
1123 3659
1124 3659
1125 3660
1126 3661
1127 3662
1128 3662
1129 3663
1129 3664
1130 3664
1131 3665
1131 3666
1132 3666
1133 3667
1134 3667
1135 3668
1136 3668
1137 3668
1138 3668
1139 3668
1140 3668
1141 3668
1142 3668
1143 3668
1144 3668
1145 3668
1146 3668
1147 3668
1148 3668
1149 3668
1150 3668
1151 3668
1152 3668
1153 3668
1154 3668
1155 3668
1156 3668
1157 3668
1158 3668
1159 3668
1160 3668
1161 3668
1162 3668
1163 3668
1164 3668
1165 3669
1166 3669
1167 3669
1168 3669
1169 3670
1170 3670
1171 3670
1172 3670
1173 3670
1174 3670
1175 3670
1176 3670
1177 3670
1178 3670
1179 3671
1180 3671
1181 3671
1182 3671
1183 3672
1184 3672
1185 3672
1186 3672
1187 3672
1188 3672
1189 3672
1190 3672
1191 3672
1192 3672
1193 3672
1194 3672
1195 3672
1196 3672
1197 3672
1198 3672
1199 3672
1200 3672
1201 3672
1202 3672
1203 3672
1204 3672
1205 3672
1206 3672
1207 3672
1208 3672
1209 3671
1210 3671
1211 3671
1212 3671
1213 3670
1214 3670
1215 3670
1216 3670
1217 3669
1218 3669
1219 3668
1220 3668
1221 3667
1222 3667
1223 3666
1224 3666
1225 3666
1226 3666
1227 3665
1228 3665
1229 3665
1230 3665
1231 3664
1232 3664
1233 3663
1234 3663
1235 3663
1236 3663
1237 3662
1238 3662
1239 3662
1240 3662
1241 3661
1242 3661
1243 3661
1244 3661
1245 3660
1246 3660
1247 3660
1248 3660
1249 3660
1250 3660
1251 3660
1252 3660
1253 3659
1254 3659
1255 3659
1256 3659
1256 3658
1257 3657
1258 3657
1259 3656
1260 3656
1261 3655
1262 3655
1263 3654
1264 3654
1265 3653
1266 3653
1267 3653
1268 3653
1269 3652
1270 3652
1271 3652
1272 3652
1273 3652
1274 3652
1275 3651
1276 3651
1277 3650
1278 3650
1279 3649
1280 3649
1281 3648
1282 3648
1283 3647
1284 3647
1285 3646
1286 3645
1287 3644
1288 3644
1289 3643
1290 3642
1291 3642
1292 3641
1293 3640
1294 3640
1295 3639
1296 3639
1297 3638
1298 3638
1299 3637
1300 3637
1301 3636
1302 3636
1303 3635
1304 3634
1304 3633
1305 3632
1306 3631
1307 3630
1308 3630
1308 3629
1309 3628
1310 3628
1311 3627
1312 3627
1313 3626
1314 3625
1315 3625
1316 3624
1317 3624
1318 3623
1319 3622
1320 3622
1321 3621
1322 3620
1322 3619
1323 3618
1324 3618
1325 3617
1326 3616
1326 3615
1327 3614
1328 3614
1329 3613
1330 3612
1331 3611
1332 3610
1332 3609
1333 3608
1334 3607
1335 3606
1335 3605
1336 3604
1337 3603
1338 3602
1339 3601
1340 3600
1341 3599
1342 3599
1343 3598
1344 3597
1345 3596
1346 3596
1347 3595
1348 3594
1349 3593
1350 3592
1350 3591
1351 3590
1352 3590
1353 3589
1354 3588
1354 3587
1355 3586
1356 3586
1357 3585
1358 3584
1358 3583
1359 3582
1360 3582
1361 3581
1362 3580
1362 3579
1363 3578
1364 3577
1365 3576
1365 3575
1366 3574
1366 3573
1367 3572
1368 3571
1369 3571
1370 3570
1371 3569
1372 3568
1373 3567
1374 3567
1375 3566
1376 3565
1377 3564
1378 3564
1379 3563
1380 3562
1381 3561
1382 3560
1382 3559
1383 3558
1384 3558
1385 3557
1386 3556
1386 3555
1387 3554
1388 3554
1389 3553
1390 3552
1390 3551
1391 3550
1392 3550
1393 3549
1394 3548
1394 3547
1395 3546
1396 3546
1397 3545
1398 3544
1399 3543
1400 3543
1400 3542
1401 3541
1402 3541
1403 3540
1404 3540
1404 3539
1405 3538
1406 3538
1407 3537
1408 3536
1409 3535
1410 3534
1410 3533
1411 3532
1412 3531
1413 3530
1414 3530
1415 3529
1416 3528
1417 3527
1418 3526
1418 3525
1419 3524
1420 3523
1421 3522
1422 3522
1423 3521
1424 3520
1425 3519
1426 3518
1426 3517
1427 3516
1428 3515
1429 3514
1430 3514
1431 3513
1432 3512
1432 3511
1433 3510
1433 3509
1434 3508
1434 3507
1435 3506
1435 3505
1436 3504
1436 3503
1437 3502
1438 3502
1439 3501
1440 3501
1440 3500
1441 3499
1442 3499
1443 3498
1444 3498
1445 3497
1446 3496
1447 3495
1448 3495
1448 3494
1449 3493
1450 3493
1451 3492
1452 3492
1453 3491
1454 3491
1455 3490
1456 3490
1457 3489
1458 3489
1459 3488
1460 3487
1461 3486
1462 3486
1462 3485
1463 3484
1464 3483
1465 3483
1466 3482
1467 3481
1468 3480
1468 3479
1469 3478
1470 3478
1470 3477
1471 3476
1471 3475
1472 3474
1472 3473
1473 3472
1473 3471
1474 3470
1475 3469
1476 3469
1477 3468
1478 3468
1479 3468
1480 3468
1481 3468
1482 3468
1483 3468
1484 3468
1485 3467
1486 3467
1487 3466
1488 3466
1488 3465
1489 3464
1489 3463
1490 3462
1490 3461
1490 3460
1490 3459
1490 3458
1490 3457
1489 3456
1489 3455
1489 3454
1489 3453
1488 3452
1488 3451
1488 3450
1488 3449
1488 3448
1488 3447
1488 3446
1488 3445
1488 3444
1488 3443
1488 3442
1488 3441
1488 3440
1488 3439
1487 3438
1487 3437
1487 3436
1487 3435
1486 3434
1486 3433
1486 3432
1486 3431
1486 3430
1486 3429
1486 3428
1486 3427
1486 3426
1486 3425
1486 3424
1486 3423
1486 3422
1486 3421
1486 3420
1486 3419
1486 3418
1486 3417
1487 3416
1487 3415
1487 3414
1488 3413
1488 3412
1488 3411
1488 3410
1488 3409
1488 3408
1488 3407
1487 3406
1487 3405
1486 3404
1486 3403
1485 3402
1485 3401
1484 3400
1484 3399
1484 3398
1484 3397
1483 3396
1483 3395
1482 3394
1482 3393
1481 3392
1481 3391
1480 3390
1480 3389
1479 3388
1479 3387
1479 3386
1479 3385
1478 3385
1477 3384
1477 3383
1476 3382
1476 3381
1475 3381
1474 3380
1474 3379
1473 3378
1472 3377
1471 3376
1470 3375
1469 3375
1468 3374
1467 3373
1466 3372
1466 3371
1465 3370
1464 3369
1463 3369
1462 3368
1462 3367
1461 3367
1460 3366
1459 3365
1458 3365
1457 3364
1456 3363
1455 3363
1454 3362
1453 3361
1452 3361
1451 3360
1450 3359
1449 3359
1448 3358
1447 3357
1446 3356
1446 3355
1445 3355
1444 3354
1443 3353
1443 3352
1442 3351
1441 3350
1440 3350
1439 3349
1438 3348
1438 3347
1437 3347
1436 3346
1435 3345
1435 3344
1434 3343
1433 3342
1432 3342
1431 3341
1430 3340
1429 3339
1428 3339
1427 3338
1426 3337
1425 3337
1424 3336
1424 3335
1423 3335
1422 3334
1421 3334
1420 3333
1419 3333
1418 3333
1417 3333
1416 3332
1415 3332
1414 3331
1413 3330
1412 3330
1411 3329
1410 3328
1409 3328
1408 3327
1407 3327
1406 3326
1405 3326
1404 3325
1403 3325
1402 3324
1401 3324
1400 3323
1399 3323
1398 3322
1397 3322
1396 3321
1395 3320
1394 3319
1393 3318
1392 3318
1391 3317
1390 3316
1390 3315
1389 3315
1388 3314
1387 3313
1386 3313
1385 3312
1384 3312
1383 3311
1382 3310
1381 3310
1380 3310
1379 3309
1378 3308
1377 3308
1376 3308
1375 3307
1374 3307
1373 3306
1372 3305
1371 3305
1370 3304
1369 3304
1368 3303
1367 3303
1366 3302
1365 3302
1364 3302
1363 3301
1362 3301
1361 3300
1360 3300
1359 3300
1358 3299
1357 3299
1356 3298
1355 3298
1354 3298
1353 3298
1352 3297
1351 3297
1350 3296
1349 3296
1348 3295
1347 3295
1346 3294
1345 3294
1344 3293
1343 3293
1342 3292
1341 3292
1340 3292
1339 3292
1338 3291
1337 3290
1336 3290
1335 3290
1334 3289
1333 3289
1332 3288
1331 3288
1330 3288
1329 3288
1328 3287
1328 3286
1327 3286
1326 3285
1325 3285
1324 3284
1323 3283
1322 3283
1321 3282
1320 3282
1319 3281
1318 3281
1317 3280
1316 3280
1315 3280
1314 3279
1313 3279
1312 3279
1311 3279
1310 3278
1309 3278
1308 3278
1307 3278
1306 3277
1305 3277
1304 3277
1303 3277
1302 3277
1301 3277
1300 3277
1299 3277
1298 3276
1297 3276
1296 3276
1295 3276
1294 3275
1293 3275
1292 3274
1291 3274
1290 3273
1289 3273
1288 3272
1287 3271
1286 3271
1285 3271
1284 3271
1283 3271
1282 3271
1281 3271
1280 3271
1279 3271
1278 3271
1277 3271
1276 3271
1275 3271
1274 3271
1273 3271
1272 3271
1271 3271
1270 3271
1269 3271
1268 3271
1267 3271
1266 3271
1265 3271
1264 3271
1263 3271
1262 3271
1261 3271
1260 3271
1259 3271
1258 3271
1257 3271
