1975 3376
1974 3377
1973 3377
1972 3377
1971 3378
1970 3378
1969 3379
1968 3380
1967 3380
1966 3381
1965 3381
1964 3382
1963 3382
1962 3382
1961 3382
1960 3382
1959 3382
1958 3383
1957 3383
1956 3383
1955 3383
1954 3384
1953 3385
1952 3385
1951 3385
1950 3386
1949 3386
1948 3386
1947 3386
1946 3387
1945 3387
1944 3387
1943 3388
1942 3389
1941 3389
1940 3389
1939 3389
1939 3390
1938 3391
1937 3391
1936 3392
1935 3392
1935 3393
1934 3394
1933 3394
1932 3395
1931 3395
1930 3396
1929 3397
1928 3397
1927 3398
1926 3399
1925 3399
1924 3400
1923 3400
1922 3401
1921 3401
1920 3401
1920 3402
1919 3403
1918 3404
1917 3404
1917 3405
1916 3406
1915 3406
1914 3407
1914 3408
1913 3409
1912 3410
1911 3410
1910 3411
1909 3411
1908 3412
1907 3412
1906 3413
1905 3413
1904 3413
1903 3414
1902 3414
1901 3415
1900 3415
1899 3415
1898 3416
1897 3416
1896 3417
1895 3417
1894 3417
1893 3418
1892 3418
1891 3419
1890 3420
1889 3420
1888 3421
1887 3422
1886 3422
1885 3423
1884 3423
1883 3424
1882 3425
1881 3425
1881 3426
1880 3427
1879 3427
1878 3428
1877 3428
1877 3429
1876 3430
1875 3430
1874 3431
1873 3431
1873 3432
1872 3433
1871 3434
1870 3434
1870 3435
1869 3436
1869 3437
1868 3438
1868 3439
1867 3440
1866 3440
1866 3441
1866 3442
1865 3443
1865 3444
1864 3445
1864 3446
1864 3447
1863 3448
1863 3449
1862 3450
1862 3451
1862 3452
1862 3453
1861 3454
1861 3455
1861 3456
1861 3457
1861 3458
1861 3459
1861 3460
1861 3461
1860 3462
1860 3463
1860 3464
1859 3465
1859 3466
1858 3467
1858 3468
1857 3469
1857 3470
1856 3471
1856 3472
1856 3473
1855 3474
1855 3475
1855 3476
1855 3477
1854 3478
1854 3479
1854 3480
1853 3481
1853 3482
1852 3483
1852 3484
1852 3485
1851 3486
1851 3487
1851 3488
1851 3489
1851 3490
1851 3491
1851 3492
1851 3493
1851 3494
1851 3495
1851 3496
1850 3497
1850 3498
1850 3499
1849 3500
1849 3501
1849 3502
1849 3503
1849 3504
1849 3505
1849 3506
1849 3507
1849 3508
1849 3509
1849 3510
1849 3511
1848 3512
1848 3513
1848 3514
1848 3515
1847 3516
1847 3517
1847 3518
1847 3519
1847 3520
1847 3521
1847 3522
1847 3523
1847 3524
1847 3525
1847 3526
1847 3527
1847 3528
1847 3529
1847 3530
1847 3531
1847 3532
1847 3533
1847 3534
1847 3535
1847 3536
1847 3537
1847 3538
1847 3539
1847 3540
1847 3541
1847 3542
1847 3543
1847 3544
1847 3545
1847 3546
1847 3547
1847 3548
1847 3549
1847 3550
1847 3551
1847 3552
1847 3553
1847 3554
1847 3555
1847 3556
1847 3557
1848 3558
1848 3559
1848 3560
1849 3561
1849 3562
1850 3563
1850 3564
1850 3565
1851 3566
1851 3567
1851 3568
1851 3569
1851 3570
1851 3571
1851 3572
1851 3573
1851 3574
1851 3575
1852 3576
1852 3577
1852 3578
1852 3579
1853 3579
1854 3580
1854 3581
1854 3582
1854 3583
1855 3584
1855 3585
1856 3586
1856 3587
1856 3588
1857 3589
1858 3590
1859 3591
1859 3592
1860 3593
1860 3594
1861 3595
1862 3595
1863 3596
1863 3597
1864 3598
1865 3599
1866 3600
1866 3601
1867 3602
1867 3603
1867 3604
1867 3605
1868 3606
1868 3607
1868 3608
1869 3609
1870 3610
1871 3611
1871 3612
1872 3613
1872 3614
1873 3614
1874 3615
1874 3616
1875 3617
1876 3618
1877 3618
1878 3619
1879 3620
1879 3621
1880 3622
1881 3622
1882 3623
1882 3624
1883 3625
1884 3626
1885 3627
1886 3627
1887 3628
1887 3629
1888 3629
1889 3630
1890 3630
1891 3631
1892 3631
1893 3632
1894 3632
1895 3633
1896 3634
1896 3635
1897 3636
1898 3637
1899 3638
1899 3639
1900 3640
1900 3641
1901 3642
1901 3643
1902 3644
1902 3645
1902 3646
1903 3647
1904 3648
1905 3649
1905 3650
1906 3651
1907 3652
1908 3653
1909 3654
1910 3655
1911 3656
1912 3656
1913 3656
1914 3656
1915 3657
1916 3657
1917 3658
1918 3658
1919 3658
1920 3658
1921 3659
1921 3660
1922 3660
1923 3660
1924 3660
1925 3661
1926 3661
1927 3661
1928 3661
1929 3662
1930 3662
1931 3662
1932 3663
1932 3664
1933 3664
1934 3665
1935 3666
1935 3667
1936 3668
1937 3669
1938 3670
1939 3671
1939 3672
1940 3673
1941 3674
1942 3675
1943 3676
1943 3677
1944 3677
1945 3678
1946 3678
1947 3679
1948 3679
1949 3679
1950 3679
1951 3680
1952 3680
1953 3680
1954 3680
1955 3681
1956 3681
1957 3681
1958 3681
1959 3681
1960 3681
1961 3681
1962 3681
1963 3681
1964 3681
1965 3682
1966 3682
1967 3682
1968 3682
1969 3683
1970 3683
1971 3683
1972 3683
1973 3683
1974 3683
1975 3683
1976 3683
1977 3683
1978 3683
1979 3684
1980 3684
1981 3684
1982 3684
1983 3685
1984 3685
1985 3686
1986 3686
1987 3686
1988 3687
1989 3688
1990 3688
1991 3688
1992 3688
1993 3689
1993 3690
1994 3690
1995 3690
1996 3690
1997 3691
1998 3692
1999 3692
2000 3692
2001 3693
2001 3694
2002 3694
2003 3695
2004 3696
2005 3697
2006 3697
2007 3698
2008 3699
2009 3700
2010 3700
2011 3701
2012 3701
2013 3702
2013 3703
2014 3703
2015 3704
2016 3704
2017 3705
2018 3705
2019 3705
2020 3705
2021 3705
2022 3705
2023 3706
2024 3706
2025 3706
2026 3706
2027 3707
2028 3707
2029 3707
2030 3707
2031 3708
2032 3708
2033 3708
2034 3709
2035 3709
2036 3709
2037 3709
2038 3709
2039 3709
2040 3709
2041 3709
2042 3709
2043 3709
2044 3709
2045 3709
2046 3709
2047 3709
2048 3709
2049 3709
2050 3709
2051 3709
2052 3709
2053 3709
2054 3709
2055 3709
2056 3709
2057 3709
2058 3709
2059 3709
2060 3709
2061 3709
2062 3709
2063 3709
2064 3709
2065 3709
2066 3709
2067 3709
2068 3709
2069 3709
2070 3709
2071 3709
2072 3709
2073 3709
2074 3709
2075 3709
2076 3709
2077 3709
2078 3709
2079 3709
2080 3709
2081 3709
2082 3709
2083 3708
2084 3708
2085 3707
2086 3707
2087 3706
2088 3706
2089 3705
2090 3705
2091 3704
2092 3704
2093 3703
2094 3703
2095 3702
2096 3701
2097 3700
2098 3699
2099 3698
2100 3697
2101 3696
2101 3695
2102 3694
2103 3693
2104 3693
2105 3692
2106 3692
2107 3691
2108 3690
2109 3689
2110 3689
2111 3688
2111 3687
2112 3686
2113 3686
2114 3685
2114 3684
2115 3683
2116 3682
2117 3682
2118 3681
2119 3680
2119 3679
2120 3678
2121 3678
2121 3677
2121 3676
2122 3675
2122 3674
2123 3673
2123 3672
2123 3671
2123 3670
2124 3669
2124 3668
2124 3667
2124 3666
2124 3665
2124 3664
2124 3663
2124 3662
2125 3661
2125 3660
2126 3659
2126 3658
2127 3657
2127 3656
2128 3655
2128 3654
2128 3653
2128 3652
2128 3651
2128 3650
2128 3649
2128 3648
2128 3647
2128 3646
2128 3645
2128 3644
2128 3643
2128 3642
2128 3641
2128 3640
2128 3639
2128 3638
2129 3637
2129 3636
2129 3635
2129 3634
2130 3633
2130 3632
2130 3631
2130 3630
2131 3629
2131 3628
2131 3627
2131 3626
2132 3625
2132 3624
2132 3623
2132 3622
2132 3621
2132 3620
2133 3619
2133 3618
2134 3617
2135 3616
2135 3615
2135 3614
2136 3613
2136 3612
2136 3611
2136 3610
2136 3609
2136 3608
2136 3607
2136 3606
2136 3605
2136 3604
2136 3603
2136 3602
2136 3601
2136 3600
2136 3599
2136 3598
2136 3597
2136 3596
2136 3595
2136 3594
2136 3593
2136 3592
2136 3591
2136 3590
2136 3589
2136 3588
2136 3587
2136 3586
2136 3585
2136 3584
2136 3583
2136 3582
2136 3581
2136 3580
2136 3579
2136 3578
2136 3577
2136 3576
2136 3575
2136 3574
2136 3573
2136 3572
2136 3571
2136 3570
2136 3569
2136 3568
2136 3567
2136 3566
2136 3565
2136 3564
2136 3563
2136 3562
2136 3561
2136 3560
2136 3559
2136 3558
2135 3557
2135 3556
2135 3555
2134 3554
2134 3553
2133 3552
2133 3551
2133 3550
2132 3549
2132 3548
2132 3547
2132 3546
2132 3545
2132 3544
2132 3543
2132 3542
2131 3541
2131 3540
2131 3539
2131 3538
2130 3537
2130 3536
2130 3535
2130 3534
2130 3533
2130 3532
2130 3531
2130 3530
2130 3529
2130 3528
2129 3527
2129 3526
2129 3525
2129 3524
2128 3523
2128 3522
2128 3521
2128 3520
2128 3519
2128 3518
2127 3517
2127 3516
2127 3515
2127 3514
2126 3513
2126 3512
2126 3511
2126 3510
2126 3509
2126 3508
2126 3507
2126 3506
2126 3505
2126 3504
2127 3503
2127 3502
2128 3501
2129 3500
2130 3499
2130 3498
2131 3497
2131 3496
2132 3495
2132 3494
2132 3493
2132 3492
2132 3491
2132 3490
2132 3489
2132 3488
2132 3487
2132 3486
2132 3485
2132 3484
2132 3483
2132 3482
2132 3481
2132 3480
2132 3479
2132 3478
2131 3477
2131 3476
2131 3475
2131 3474
2130 3473
2130 3472
2129 3471
2129 3470
2129 3469
2129 3468
2128 3467
2128 3466
2128 3465
2128 3464
2128 3463
2128 3462
2128 3461
2128 3460
2127 3459
2127 3458
2127 3457
2126 3456
2125 3455
2124 3455
2123 3454
2122 3453
2122 3452
2121 3451
2120 3451
2119 3450
2119 3449
2118 3448
2117 3447
2116 3447
2115 3446
2114 3445
2114 3444
2113 3443
2112 3443
2111 3442
2111 3441
2110 3440
2109 3439
2108 3439
2107 3438
2106 3437
2106 3436
2105 3435
2104 3435
2103 3434
2103 3433
2102 3432
2101 3431
2100 3430
2099 3429
2099 3428
2098 3427
2097 3426
2096 3425
2095 3424
2095 3423
2094 3423
2093 3422
2093 3421
2092 3421
2091 3420
2091 3419
2090 3419
2089 3418
2089 3417
2088 3417
2087 3416
2087 3415
2086 3415
2085 3414
2085 3413
2084 3413
2083 3412
2083 3411
2082 3411
2081 3410
2081 3409
2080 3409
2079 3408
2079 3407
2078 3407
2077 3406
2076 3405
2076 3404
2075 3404
2074 3403
2073 3403
2072 3402
2072 3401
2071 3401
2070 3401
2069 3401
2068 3400
2068 3399
2067 3399
2066 3399
2065 3399
2064 3398
2064 3397
2063 3397
2062 3396
2061 3396
2060 3395
2059 3395
2058 3394
2058 3393
2057 3393
2056 3393
2055 3392
2054 3392
2053 3391
2052 3390
2051 3389
2050 3388
2049 3388
2048 3387
2047 3386
2046 3386
2045 3385
2044 3385
2043 3384
2042 3384
2041 3383
2040 3383
2039 3383
2038 3382
2037 3382
2036 3381
2035 3381
2034 3381
2033 3381
2032 3380
2032 3379
2031 3379
2030 3379
2029 3379
2028 3378
2027 3378
2026 3378
2025 3378
2024 3378
2023 3378
2022 3378
2021 3378
2020 3378
2019 3378
2018 3378
2017 3378
2016 3378
2015 3378
2014 3378
2013 3378
2012 3378
2011 3378
2010 3377
2009 3377
2008 3377
2007 3377
2006 3376
2005 3376
2004 3376
2003 3376
2002 3376
2001 3376
2000 3376
1999 3376
1998 3376
1997 3376
1996 3376
1995 3376
1994 3376
1993 3376
1992 3376
1991 3376
1990 3376
1989 3376
1988 3376
1987 3376
1986 3376
1985 3376
1984 3376
1983 3376
1982 3376
1981 3376
1980 3376
1979 3376
1978 3376
1977 3376
1976 3376
1975 3376
