3934 280
3933 281
3932 281
3931 282
3930 282
3929 282
3928 283
3927 283
3926 283
3925 283
3924 283
3923 283
3922 283
3921 283
3920 283
3919 283
3918 283
3917 283
3916 283
3915 283
3914 283
3913 284
3912 284
3911 284
3910 284
3909 285
3908 285
3907 285
3906 285
3905 285
3904 285
3903 285
3902 285
3901 285
3900 285
3899 285
3898 285
3897 285
3896 285
3895 285
3894 285
3893 285
3892 285
3891 284
3890 284
3889 283
3888 283
3887 283
3886 283
3885 282
3884 282
3883 283
3882 283
3881 284
3880 284
3879 284
3878 284
3878 285
3877 286
3876 286
3875 286
3874 286
3873 287
3872 287
3871 288
3870 288
3869 288
3868 289
3867 289
3866 290
3865 290
3864 291
3863 291
3862 292
3861 293
3860 293
3859 294
3858 294
3857 295
3856 295
3855 295
3854 295
3853 295
3852 295
3851 295
3850 295
3849 295
3848 295
3847 295
3846 295
3845 295
3844 296
3843 297
3842 298
3841 299
3840 300
3840 301
3839 302
3838 303
3837 304
3836 305
3835 305
3834 306
3833 306
3832 307
3831 307
3830 308
3829 309
3828 309
3827 310
3827 311
3826 312
3825 312
3825 313
3824 314
3823 314
3822 315
3822 316
3821 317
3820 317
3820 318
3819 319
3818 320
3817 320
3817 321
3816 322
3815 323
3815 324
3814 325
3814 326
3813 327
3812 327
3812 328
3811 329
3810 330
3809 330
3808 331
3807 332
3806 333
3806 334
3805 335
3804 336
3803 337
3803 338
3802 339
3801 340
3800 341
3800 342
3799 343
3798 343
3797 344
3796 345
3796 346
3795 347
3794 347
3793 348
3792 348
3792 349
3791 350
3790 350
3789 351
3788 351
3787 352
3786 353
3785 353
3784 354
3783 355
3782 356
3781 356
3781 357
3780 358
3779 358
3779 359
3778 360
3777 360
3777 361
3776 362
3775 362
3774 363
3774 364
3773 365
3772 365
3772 366
3771 367
3770 368
3769 368
3769 369
3768 370
3767 370
3766 371
3766 372
3765 373
3764 373
3764 374
3763 375
3762 376
3761 376
3761 377
3760 378
3759 379
3759 380
3758 381
3758 382
3757 383
3757 384
3756 385
3755 386
3755 387
3755 388
3754 389
3753 389
3753 390
3752 391
3751 392
3750 392
3749 393
3748 393
3747 393
3746 393
3745 394
3744 394
3743 395
3742 395
3742 396
3741 397
3741 398
3740 399
3740 400
3739 401
3739 402
3738 403
3737 404
3736 404
3735 405
3734 406
3733 407
3732 407
3731 408
3731 409
3730 410
3729 411
3729 412
3728 413
3728 414
3727 415
3727 416
3727 417
3726 418
3725 419
3725 420
3724 421
3724 422
3723 423
3723 424
3722 425
3722 426
3721 427
3720 428
3720 429
3719 430
3718 431
3717 432
3717 433
3716 434
3716 435
3715 436
3714 437
3714 438
3713 439
3713 440
3712 441
3712 442
3711 443
3711 444
3711 445
3711 446
3710 447
3710 448
3709 449
3709 450
3709 451
3709 452
3708 453
3708 454
3708 455
3708 456
3708 457
3708 458
3707 459
3707 460
3707 461
3707 462
3706 463
3706 464
3706 465
3706 466
3706 467
3706 468
3706 469
3706 470
3705 471
3705 472
3705 473
3705 474
3704 475
3704 476
3704 477
3704 478
3704 479
3704 480
3704 481
3704 482
3704 483
3704 484
3704 485
3704 486
3704 487
3704 488
3704 489
3704 490
3704 491
3704 492
3705 493
3705 494
3705 495
3705 496
3706 496
3707 497
3707 498
3707 499
3707 500
3708 501
3708 502
3708 503
3708 504
3709 505
3709 506
3709 507
3710 508
3710 509
3711 510
3711 511
3711 512
3712 513
3712 514
3713 515
3713 516
3714 517
3714 518
3715 519
3715 520
3716 521
3716 522
3717 523
3717 524
3717 525
3717 526
3718 527
3718 528
3718 529
3718 530
3718 531
3718 532
3718 533
3718 534
3718 535
3717 536
3718 537
3718 538
3717 539
3717 540
3718 541
3718 542
3718 543
3718 544
3718 545
3718 546
3718 547
3718 548
3718 549
3718 550
3718 551
3718 552
3718 553
3718 554
3718 555
3718 556
3718 557
3718 558
3718 559
3718 560
3717 561
3717 562
3716 563
3715 564
3714 565
3713 566
3712 567
3711 568
3710 569
3710 570
3711 571
3711 572
3711 573
3711 574
3712 574
3713 575
3713 576
3713 577
3713 578
3713 579
3713 580
3714 581
3714 582
3714 583
3713 584
3714 585
3714 586
3714 587
3714 588
3714 589
3714 590
3714 591
3714 592
3714 593
3714 594
3714 595
3714 596
3715 597
3715 598
3715 599
3715 600
3716 600
3717 601
3717 602
3717 603
3717 604
3718 605
3718 606
3718 607
3718 608
3719 609
3719 610
3720 611
3720 612
3720 613
3720 614
3720 615
3721 616
3720 617
3720 618
3720 619
3720 620
3720 621
3720 622
3721 623
3721 624
3721 625
3722 625
3723 626
3724 627
3725 628
3726 629
3726 630
3726 631
3726 632
3726 633
3726 634
3725 635
3725 636
3725 637
3725 638
3724 639
3724 640
3724 641
3724 642
3724 643
3724 644
3724 645
3724 646
3724 647
3724 648
3725 649
3725 650
3725 651
3726 652
3726 653
3727 654
3728 655
3728 656
3729 657
3730 657
3731 658
3732 659
3733 659
3734 659
3735 659
3736 659
3737 659
3738 658
3739 658
3740 657
3741 657
3742 657
3743 657
3744 658
3745 659
3746 659
3747 660
3747 661
3748 662
3749 663
3749 664
3750 665
3750 666
3751 667
3751 668
3751 669
3751 670
3752 671
3753 672
3753 673
3754 674
3754 675
3755 676
3756 677
3757 678
3758 679
3758 680
3759 681
3759 682
3760 683
3760 684
3760 685
3760 686
3760 687
3761 688
3761 689
3762 690
3763 691
3763 692
3763 693
3763 694
3764 695
3765 696
3765 697
3765 698
3766 699
3766 700
3767 701
3767 702
3767 703
3767 704
3768 705
3768 706
3768 707
3768 708
3769 709
3769 710
3769 711
3769 712
3770 712
3771 713
3771 714
3771 715
3771 716
3772 717
3772 718
3772 719
3772 720
3772 721
3772 722
3771 723
3771 724
3771 725
3770 726
3770 727
3770 728
3771 729
3771 730
3771 731
3771 732
3772 733
3772 734
3773 735
3773 736
3772 737
3772 738
3773 739
3773 740
3773 741
3773 742
3774 743
3775 743
3776 743
3777 743
3778 743
3779 743
3780 742
3781 742
3782 743
3782 744
3782 745
3782 746
3782 747
3783 748
3784 749
3784 750
3785 751
3785 752
3786 752
3787 753
3787 754
3788 755
3788 756
3789 756
3790 757
3791 758
3791 759
3792 759
3793 760
3793 761
3794 761
3795 762
3795 763
3796 763
3797 764
3797 765
3798 765
3799 766
3799 767
3800 767
3801 768
3801 769
3802 769
3803 770
3804 771
3805 772
3805 773
3806 774
3807 774
3808 775
3809 775
3810 776
3811 776
3812 776
3813 776
3814 777
3815 777
3816 778
3817 779
3818 779
3819 779
3820 780
3821 780
3822 781
3823 781
3824 781
3825 782
3826 783
3827 783
3828 783
3829 783
3830 784
3831 784
3832 784
3833 785
3834 785
3835 785
3836 786
3837 786
3838 787
3839 787
3840 787
3841 788
3842 788
3843 788
3844 789
3845 789
3846 789
3847 789
3848 790
3849 790
3850 790
3851 790
3852 790
3853 790
3854 790
3855 790
3856 790
3857 790
3858 791
3859 791
3860 792
3861 793
3862 793
3863 793
3864 794
3865 794
3866 794
3867 794
3868 795
3869 795
3870 795
3871 795
3872 796
3873 796
3874 797
3875 797
3876 798
3877 798
3878 799
3879 800
3880 800
3881 800
3882 800
3883 800
3884 801
3885 801
3886 801
3887 801
3888 802
3889 802
3890 802
3891 802
3892 803
3893 803
3894 803
3895 803
3896 804
3897 804
3898 804
3899 804
3900 804
3901 804
3902 804
3903 804
3904 804
3905 804
3906 804
3907 804
3908 804
3909 804
3910 804
3911 804
3912 804
3913 804
3914 804
3915 804
3916 804
3917 804
3918 803
3919 803
3920 803
3921 803
3922 802
3923 802
3924 802
3925 802
3926 802
3927 802
3928 802
3929 802
3930 801
3931 801
3932 801
3933 801
3934 800
3935 800
3936 800
3937 800
3938 800
3939 800
3940 800
3941 800
3942 800
3943 800
3944 800
3945 800
3946 799
3947 799
3948 799
3949 799
3950 798
3951 798
3952 798
3953 798
3954 798
3955 798
3956 798
3957 798
3958 798
3959 798
3960 798
3961 798
3962 798
3963 798
3964 798
3965 798
3966 799
3967 799
3968 799
3969 799
3970 800
3971 800
3972 800
3973 800
3974 800
3975 800
3976 800
3977 800
3978 800
3979 800
3980 800
3981 800
3982 801
3983 801
3984 801
3985 801
3986 802
3986 803
3987 803
3988 803
3989 803
3990 804
3991 804
3992 805
3993 805
3994 805
3995 806
3996 806
3997 807
3998 808
3999 808
4000 809
4001 810
4002 810
4003 810
4004 810
4005 810
4006 810
4007 810
4008 810
4009 810
4010 810
4011 810
4012 810
4013 810
4014 809
4015 809
4016 809
4017 808
4018 808
4019 807
4020 807
4021 807
4022 806
4023 806
4024 806
4025 806
4026 806
4027 806
4028 806
4029 806
4030 806
4031 806
4032 806
4033 806
4034 807
4035 807
4036 807
4037 807
4038 807
4039 807
4040 806
4041 806
4041 805
4042 804
4043 803
4043 802
4044 801
4045 800
4046 799
4047 799
4048 798
4049 798
4050 797
4051 797
4052 797
4053 797
4054 796
4055 796
4056 796
4057 796
4058 796
4059 795
4060 794
4061 794
4062 793
4063 792
4063 791
4063 790
4063 789
4064 788
4064 787
4063 786
4063 785
4064 784
4064 783
4065 782
4066 781
4067 780
4067 779
4068 778
4069 778
4069 777
4070 776
4071 775
4072 775
4073 774
4074 773
4074 772
4075 771
4076 770
4076 769
4077 768
4077 767
4078 766
4078 765
4078 764
4078 763
4079 762
4079 761
4080 760
4080 759
4080 758
4080 757
4081 756
4081 755
4081 754
4081 753
4081 752
4081 751
4081 750
4081 749
4081 748
4081 747
4081 746
4081 745
4081 744
4081 743
4081 742
4081 741
4081 740
4081 739
4081 738
4081 737
4082 736
4082 735
4082 734
4082 733
4083 732
4083 731
4083 730
4083 729
4083 728
4083 727
4083 726
4083 725
4083 724
4083 723
4083 722
4083 721
4083 720
4083 719
4082 718
4082 717
4082 716
4082 715
4081 714
4081 713
4080 712
4080 711
4080 710
4080 709
4080 708
4080 707
4080 706
4080 705
4081 704
4081 703
4081 702
4081 701
4081 700
4081 699
4081 698
4081 697
4081 696
4081 695
4081 694
4081 693
4081 692
4081 691
4081 690
4081 689
4081 688
4081 687
4081 686
4081 685
4081 684
4081 683
4081 682
4081 681
4081 680
4081 679
4081 678
4081 677
4082 676
4082 675
4082 674
4082 673
4083 672
4083 671
4083 670
4083 669
4083 668
4083 667
4083 666
4083 665
4084 664
4084 663
4084 662
4084 661
4085 660
4085 659
4085 658
4085 657
4085 656
4085 655
4085 654
4085 653
4084 652
4084 651
4084 650
4084 649
4084 648
4084 647
4084 646
4084 645
4085 644
4085 643
4085 642
4084 641
4084 640
4084 639
4083 638
4083 637
4083 636
4083 635
4083 634
4083 633
4083 632
4083 631
4083 630
4083 629
4084 628
4084 627
4084 626
4084 625
4085 624
4085 623
4085 622
4084 621
4084 620
4083 619
4083 618
4083 617
4083 616
4083 615
4083 614
4083 613
4083 612
4083 611
4083 610
4083 609
4083 608
4083 607
4082 606
4082 605
4082 604
4082 603
4081 602
4081 601
4081 600
4081 599
4081 598
4081 597
4081 596
4081 595
4081 594
4081 593
4081 592
4081 591
4081 590
4081 589
4081 588
4081 587
4081 586
4081 585
4081 584
4081 583
4081 582
4081 581
4080 580
4080 579
4080 578
4080 577
4079 576
4079 575
4079 574
4079 573
4079 572
4079 571
4079 570
4079 569
4079 568
4079 567
4079 566
4079 565
4079 564
4079 563
4080 562
4080 561
4080 560
4080 559
4080 558
4080 557
4080 556
4080 555
4079 554
4079 553
4079 552
4079 551
4079 550
4079 549
4078 548
4078 547
4078 546
4078 545
4077 544
4077 543
4077 542
4077 541
4077 540
4077 539
4077 538
4077 537
4077 536
4077 535
4077 534
4077 533
4077 532
4077 531
4077 530
4077 529
4077 528
4077 527
4077 526
4077 525
4077 524
4078 523
4079 522
4079 521
4080 520
4080 519
4080 518
4080 517
4080 516
4079 515
4079 514
4079 513
4079 512
4079 511
4079 510
4079 509
4079 508
4079 507
4079 506
4079 505
4079 504
4079 503
4079 502
4079 501
4079 500
4079 499
4079 498
4078 497
4079 496
4079 495
4078 494
4078 493
4079 492
4079 491
4079 490
4079 489
4078 488
4078 487
4078 486
4078 485
4077 484
4077 483
4077 482
4077 481
4077 480
4077 479
4076 478
4075 477
4075 476
4074 475
4073 474
4072 473
4072 472
4072 471
4071 470
4071 469
4071 468
4071 467
4071 466
4071 465
4070 464
4070 463
4069 462
4068 461
4068 460
4068 459
4067 458
4067 457
4067 456
4067 455
4067 454
4067 453
4067 452
4067 451
4067 450
4067 449
4067 448
4067 447
4067 446
4067 445
4066 444
4066 443
4066 442
4066 441
4065 440
4065 439
4065 438
4065 437
4065 436
4065 435
4065 434
4065 433
4064 432
4064 431
4064 430
4064 429
4063 428
4063 427
4063 426
4063 425
4063 424
4063 423
4063 422
4063 421
4063 420
4063 419
4063 418
4063 417
4063 416
4063 415
4063 414
4063 413
4062 412
4062 411
4062 410
4062 409
4061 408
4061 407
4061 406
4061 405
4061 404
4061 403
4061 402
4061 401
4060 400
4060 399
4060 398
4060 397
4059 396
4059 395
4059 394
4059 393
4059 392
4059 391
4059 390
4059 389
4058 388
4058 387
4058 386
4058 385
4057 384
4057 383
4057 382
4057 381
4058 380
4058 379
4058 378
4058 377
4058 376
4058 375
4058 374
4058 373
4057 372
4057 371
4057 370
4057 369
4056 368
4056 367
4056 366
4056 365
4055 364
4054 363
4054 362
4054 361
4053 360
4053 359
4053 358
4053 357
4053 356
4053 355
4053 354
4052 353
4052 352
4052 351
4051 350
4051 349
4051 348
4051 347
4051 346
4051 345
4051 344
4051 343
4052 342
4052 341
4052 340
4053 339
4053 338
4053 337
4052 336
4051 335
4050 334
4049 333
4048 332
4048 331
4047 330
4047 329
4047 328
4047 327
4047 326
4047 325
4048 324
4048 323
4049 322
4049 321
4049 320
4049 319
4050 318
4049 317
4049 316
4048 315
4047 314
4047 313
4046 312
4046 311
4045 310
4045 309
4044 308
4044 307
4043 306
4042 305
4041 304
4040 303
4039 303
4038 302
4037 301
4036 300
4035 299
4034 299
4033 298
4032 297
4031 297
4030 296
4029 295
4028 295
4027 294
4026 294
4025 293
4024 293
4023 292
4022 292
4021 292
4020 292
4019 291
4018 290
4017 289
4016 289
4015 288
4014 287
4013 286
4012 286
4011 286
4010 286
4009 285
4008 285
4007 284
4006 284
4005 284
4004 284
4003 283
4002 283
4001 283
4000 283
3999 283
3998 283
3997 283
3996 283
3995 283
3994 283
3993 283
3992 283
3991 284
3990 284
3989 284
3988 284
3987 285
3986 285
3985 285
3984 285
3983 285
3982 285
3981 285
3980 285
3979 285
3978 285
3977 285
3976 285
3975 285
3974 285
3973 285
3972 285
3971 285
3970 285
3969 285
3968 285
3967 285
3966 285
3965 285
3964 285
3963 286
3962 286
3961 286
3960 287
3959 287
3958 288
3957 289
3956 289
3956 290
3955 291
3954 291
3953 292
3952 292
3951 293
3950 293
3949 293
3948 293
3947 292
3947 291
3947 290
3947 289
3947 288
3947 287
3947 286
3947 285
3946 284
3945 283
3944 282
3943 282
3942 282
3941 281
3940 281
3939 280
3938 281
3937 281
3936 281
3935 281
3934 280
