2442 1131
2441 1132
2440 1132
2439 1132
2438 1133
2437 1133
2436 1133
2435 1133
2434 1133
2433 1133
2432 1133
2431 1133
2430 1133
2429 1133
2428 1134
2427 1134
2426 1134
2425 1134
2424 1135
2423 1136
2422 1136
2421 1137
2420 1137
2419 1138
2418 1138
2417 1138
2416 1139
2415 1139
2414 1139
2413 1139
2412 1140
2411 1140
2410 1140
2409 1140
2408 1141
2407 1141
2406 1142
2405 1142
2404 1142
2403 1142
2402 1143
2401 1144
2400 1145
2399 1145
2399 1146
2398 1147
2398 1148
2397 1149
2396 1149
2396 1150
2396 1151
2396 1152
2395 1153
2394 1153
2394 1154
2394 1155
2393 1156
2393 1157
2392 1158
2391 1159
2391 1160
2390 1161
2389 1161
2389 1162
2388 1163
2388 1164
2387 1165
2387 1166
2386 1167
2386 1168
2386 1169
2385 1170
2385 1171
2384 1172
2384 1173
2384 1174
2383 1175
2383 1176
2383 1177
2383 1178
2382 1179
2382 1180
2381 1181
2381 1182
2380 1183
2380 1184
2379 1185
2378 1185
2378 1186
2378 1187
2377 1188
2377 1189
2376 1190
2375 1191
2374 1192
2373 1193
2372 1193
2371 1194
2370 1194
2369 1194
2368 1195
2367 1196
2366 1197
2365 1198
2364 1199
2363 1199
2362 1200
2361 1201
2360 1202
2359 1202
2358 1202
2357 1202
2356 1203
2355 1203
2354 1203
2353 1203
2352 1203
2351 1203
2350 1204
2349 1204
2348 1204
2347 1204
2346 1205
2345 1206
2344 1206
2343 1206
2342 1207
2341 1208
2340 1208
2339 1208
2338 1209
2337 1209
2336 1210
2335 1210
2334 1211
2333 1211
2333 1212
2332 1213
2331 1214
2331 1215
2330 1216
2330 1217
2330 1218
2329 1219
2329 1220
2329 1221
2328 1222
2327 1223
2327 1224
2326 1225
2325 1226
2324 1227
2323 1228
2323 1229
2322 1230
2321 1231
2321 1232
2320 1233
2319 1233
2318 1234
2317 1234
2316 1235
2315 1235
2314 1236
2313 1236
2312 1237
2311 1237
2311 1238
2310 1239
2310 1240
2309 1241
2308 1241
2308 1242
2307 1243
2307 1244
2306 1245
2305 1246
2304 1246
2303 1247
2303 1248
2302 1249
2302 1250
2301 1251
2301 1252
2302 1253
2303 1254
2303 1255
2304 1256
2304 1257
2304 1258
2303 1259
2302 1260
2302 1261
2301 1262
2300 1262
2299 1263
2298 1264
2297 1265
2297 1266
2296 1267
2295 1268
2294 1269
2294 1270
2293 1271
2293 1272
2292 1273
2292 1274
2291 1275
2291 1276
2291 1277
2291 1278
2291 1279
2291 1280
2291 1281
2291 1282
2291 1283
2291 1284
2292 1285
2292 1286
2293 1287
2293 1288
2294 1289
2295 1290
2295 1291
2296 1292
2297 1293
2297 1294
2298 1294
2299 1295
2299 1296
2300 1297
2300 1298
2301 1299
2301 1300
2302 1301
2302 1302
2302 1303
2302 1304
2303 1305
2303 1306
2304 1307
2304 1308
2304 1309
2304 1310
2305 1311
2305 1312
2305 1313
2305 1314
2305 1315
2305 1316
2305 1317
2305 1318
2305 1319
2305 1320
2306 1321
2306 1322
2307 1323
2307 1324
2308 1325
2308 1326
2309 1327
2310 1328
2310 1329
2311 1330
2311 1331
2312 1332
2313 1333
2313 1334
2314 1335
2314 1336
2315 1337
2315 1338
2315 1339
2315 1340
2315 1341
2315 1342
2315 1343
2315 1344
2315 1345
2315 1346
2315 1347
2315 1348
2315 1349
2315 1350
2315 1351
2315 1352
2315 1353
2315 1354
2315 1355
2315 1356
2315 1357
2315 1358
2315 1359
2315 1360
2315 1361
2315 1362
2315 1363
2315 1364
2315 1365
2315 1366
2315 1367
2315 1368
2315 1369
2315 1370
2315 1371
2315 1372
2315 1373
2315 1374
2316 1375
2316 1376
2317 1377
2317 1378
2318 1379
2318 1380
2319 1380
2320 1381
2320 1382
2320 1383
2320 1384
2321 1384
2322 1385
2322 1386
2322 1387
2322 1388
2323 1389
2323 1390
2324 1391
2324 1392
2324 1393
2324 1394
2325 1395
2325 1396
2325 1397
2326 1398
2326 1399
2326 1400
2327 1401
2327 1402
2328 1403
2328 1404
2328 1405
2328 1406
2329 1407
2330 1408
2330 1409
2331 1410
2332 1411
2332 1412
2333 1413
2333 1414
2334 1415
2334 1416
2335 1417
2335 1418
2335 1419
2335 1420
2335 1421
2335 1422
2335 1423
2336 1424
2337 1425
2337 1426
2338 1426
2339 1427
2340 1428
2340 1429
2341 1430
2342 1430
2343 1431
2344 1431
2345 1432
2346 1432
2347 1432
2348 1432
2349 1433
2350 1433
2351 1433
2352 1433
2353 1434
2353 1435
2354 1435
2355 1435
2356 1435
2357 1436
2357 1437
2358 1437
2359 1437
2360 1437
2361 1438
2361 1439
2362 1439
2363 1440
2364 1440
2365 1441
2366 1442
2367 1442
2368 1443
2369 1443
2370 1444
2371 1445
2372 1445
2373 1445
2374 1445
2375 1446
2376 1447
2377 1447
2378 1447
2379 1448
2380 1448
2381 1448
2382 1449
2383 1450
2384 1450
2385 1451
2386 1452
2387 1453
2388 1454
2389 1454
2390 1455
2391 1456
2392 1456
2393 1457
2394 1458
2395 1459
2396 1459
2397 1459
2398 1459
2399 1460
2400 1460
2401 1460
2402 1460
2403 1460
2404 1460
2405 1460
2406 1460
2407 1460
2408 1460
2409 1460
2410 1460
2411 1460
2412 1460
2413 1460
2414 1460
2415 1460
2416 1460
2417 1460
2418 1460
2419 1460
2420 1460
2421 1460
2422 1460
2423 1460
2424 1460
2425 1460
2426 1460
2427 1459
2428 1459
2429 1459
2430 1459
2431 1458
2432 1458
2433 1458
2434 1458
2435 1458
2436 1458
2437 1458
2438 1458
2439 1458
2440 1457
2441 1457
2442 1457
2443 1456
2444 1456
2445 1456
2446 1456
2447 1456
2448 1456
2449 1456
2450 1456
2451 1455
2452 1455
2453 1455
2454 1454
2455 1453
2456 1453
2457 1453
2458 1453
2459 1452
2460 1452
2461 1452
2462 1451
2463 1450
2464 1450
2464 1449
2465 1448
2466 1448
2467 1447
2468 1446
2469 1446
2470 1445
2471 1445
2472 1445
2473 1444
2474 1444
2475 1444
2476 1444
2477 1443
2478 1443
2479 1443
2480 1443
2481 1442
2482 1442
2483 1442
2484 1442
2485 1442
2486 1442
2487 1442
2488 1441
2489 1440
2490 1440
2490 1439
2491 1438
2492 1438
2493 1437
2494 1436
2495 1436
2496 1435
2497 1435
2498 1435
2499 1434
2500 1434
2501 1433
2502 1433
2503 1433
2504 1433
2505 1432
2506 1432
2507 1432
2508 1432
2509 1432
2510 1432
2511 1432
2512 1432
2513 1431
2514 1431
2515 1430
2516 1430
2517 1429
2518 1429
2519 1428
2520 1428
2521 1427
2522 1427
2523 1426
2524 1426
2525 1425
2526 1425
2527 1424
2528 1424
2529 1423
2530 1423
2531 1423
2532 1423
2532 1422
2533 1421
2534 1421
2535 1420
2536 1420
2537 1419
2538 1419
2539 1418
2540 1418
2541 1417
2542 1417
2543 1416
2544 1416
2545 1415
2546 1415
2547 1414
2548 1414
2549 1414
2550 1414
2551 1413
2552 1413
2553 1412
2554 1412
2555 1411
2556 1410
2557 1409
2558 1409
2559 1408
2560 1408
2561 1407
2562 1407
2563 1407
2564 1407
2565 1406
2566 1405
2567 1404
2568 1403
2569 1403
2570 1402
2571 1401
2571 1400
2572 1399
2573 1398
2574 1398
2574 1397
2575 1396
2576 1395
2577 1395
2578 1394
2579 1393
2579 1392
2580 1391
2581 1390
2582 1390
2582 1389
2583 1388
2584 1387
2585 1387
2586 1386
2587 1385
2587 1384
2588 1383
2589 1382
2590 1382
2590 1381
2591 1380
2592 1379
2592 1378
2593 1377
2593 1376
2594 1375
2594 1374
2594 1373
2594 1372
2594 1371
2595 1370
2595 1369
2595 1368
2596 1367
2597 1366
2597 1365
2597 1364
2597 1363
2598 1362
2598 1361
2599 1360
2599 1359
2599 1358
2600 1357
2600 1356
2601 1355
2601 1354
2601 1353
2602 1352
2602 1351
2602 1350
2602 1349
2602 1348
2602 1347
2603 1346
2603 1345
2603 1344
2604 1343
2604 1342
2604 1341
2604 1340
2604 1339
2604 1338
2604 1337
2604 1336
2604 1335
2604 1334
2604 1333
2604 1332
2604 1331
2605 1330
2605 1329
2605 1328
2606 1327
2606 1326
2606 1325
2606 1324
2606 1323
2606 1322
2606 1321
2606 1320
2606 1319
2607 1318
2607 1317
2607 1316
2607 1315
2608 1314
2608 1313
2608 1312
2608 1311
2609 1310
2609 1309
2609 1308
2610 1307
2611 1306
2611 1305
2611 1304
2611 1303
2612 1302
2612 1301
2612 1300
2612 1299
2613 1298
2613 1297
2613 1296
2614 1295
2614 1294
2614 1293
2614 1292
2614 1291
2614 1290
2614 1289
2614 1288
2614 1287
2614 1286
2614 1285
2614 1284
2614 1283
2614 1282
2614 1281
2614 1280
2614 1279
2614 1278
2614 1277
2614 1276
2614 1275
2614 1274
2614 1273
2614 1272
2614 1271
2615 1270
2615 1269
2615 1268
2615 1267
2616 1266
2616 1265
2616 1264
2616 1263
2616 1262
2616 1261
2616 1260
2616 1259
2616 1258
2616 1257
2617 1256
2617 1255
2617 1254
2618 1253
2618 1252
2618 1251
2618 1250
2618 1249
2618 1248
2618 1247
2618 1246
2618 1245
2618 1244
2618 1243
2618 1242
2618 1241
2618 1240
2618 1239
2618 1238
2618 1237
2618 1236
2618 1235
2617 1234
2616 1233
2616 1232
2615 1232
2614 1232
2613 1232
2612 1231
2612 1230
2611 1230
2610 1230
2609 1230
2608 1229
2608 1228
2607 1228
2606 1228
2605 1228
2604 1227
2603 1227
2602 1226
2601 1226
2600 1225
2599 1224
2598 1223
2597 1222
2596 1222
2595 1221
2594 1220
2594 1219
2593 1219
2592 1218
2592 1217
2591 1216
2590 1215
2589 1215
2588 1214
2587 1213
2586 1212
2586 1211
2585 1210
2584 1209
2583 1209
2582 1208
2582 1207
2581 1206
2580 1205
2579 1204
2579 1203
2578 1202
2577 1201
2576 1200
2576 1199
2575 1198
2574 1197
2574 1196
2573 1195
2572 1194
2571 1193
2570 1192
2570 1191
2569 1190
2569 1189
2568 1188
2568 1187
2567 1186
2567 1185
2566 1184
2566 1183
2565 1182
2564 1181
2564 1180
2563 1179
2562 1178
2562 1177
2561 1176
2560 1175
2560 1174
2559 1173
2558 1172
2558 1171
2557 1171
2556 1170
2556 1169
2555 1169
2554 1168
2553 1168
2552 1167
2552 1166
2551 1166
2550 1165
2549 1164
2548 1163
2547 1163
2546 1162
2545 1161
2544 1160
2543 1160
2542 1160
2541 1159
2540 1158
2539 1158
2538 1158
2537 1158
2536 1157
2535 1157
2534 1157
2533 1157
2532 1157
2531 1157
2530 1157
2529 1157
2528 1156
2527 1156
2526 1156
2525 1155
2524 1154
2523 1154
2522 1154
2521 1154
2520 1153
2519 1153
2518 1153
2517 1153
2516 1152
2515 1152
2514 1151
2513 1150
2512 1150
2511 1149
2510 1148
2510 1147
2509 1147
2508 1146
2508 1145
2507 1144
2506 1143
2506 1142
2505 1141
2504 1140
2504 1139
2503 1139
2502 1138
2501 1137
2500 1137
2499 1137
2498 1136
2497 1136
2496 1136
2495 1135
2494 1135
2493 1135
2492 1135
2491 1135
2490 1134
2489 1134
2488 1134
2487 1133
2486 1133
2485 1133
2484 1133
2483 1133
2482 1133
2481 1133
2480 1133
2479 1133
2478 1133
2477 1133
2476 1133
2475 1133
2474 1132
2473 1132
2472 1132
2471 1131
2470 1131
2469 1131
2468 1131
2467 1131
2466 1131
2465 1131
2464 1131
2463 1131
2462 1131
2461 1131
2460 1131
2459 1131
2458 1131
2457 1131
2456 1131
2455 1131
2454 1131
2453 1131
2452 1131
2451 1131
2450 1131
2449 1131
2448 1131
2447 1131
2446 1131
2445 1131
2444 1131
2443 1131
2442 1131
