2019 187
2018 188
2017 188
2016 189
2015 189
2014 190
2013 190
2012 191
2011 192
2010 192
2009 192
2008 193
2007 193
2006 193
2005 193
2004 193
2003 193
2002 193
2001 193
2000 193
1999 193
1998 193
1997 193
1996 193
1995 193
1994 194
1993 194
1992 194
1991 195
1990 196
1989 197
1988 198
1988 199
1988 200
1987 201
1986 201
1986 202
1985 203
1984 204
1983 205
1983 206
1982 207
1981 207
1980 208
1979 209
1978 210
1977 210
1977 211
1976 212
1975 212
1974 212
1973 212
1972 213
1971 213
1970 213
1969 214
1968 215
1967 215
1966 216
1965 217
1964 217
1963 218
1962 219
1961 219
1960 220
1959 220
1958 221
1957 222
1956 223
1955 223
1955 224
1954 225
1953 226
1953 227
1952 228
1951 229
1951 230
1950 231
1949 231
1948 232
1947 233
1946 233
1945 234
1944 235
1944 236
1943 237
1943 238
1943 239
1943 240
1942 241
1942 242
1942 243
1942 244
1941 245
1941 246
1941 247
1941 248
1942 249
1942 250
1942 251
1942 252
1943 253
1943 254
1943 255
1943 256
1942 257
1942 258
1941 259
1940 260
1940 261
1939 262
1938 263
1937 263
1936 264
1935 265
1934 265
1933 266
1932 267
1931 268
1930 269
1929 269
1928 270
1927 271
1926 272
1926 273
1925 274
1924 275
1923 275
1923 276
1922 277
1921 278
1920 278
1919 279
1918 280
1917 281
1917 282
1916 283
1915 284
1914 285
1913 286
1913 287
1912 288
1911 289
1911 290
1910 291
1910 292
1909 293
1909 294
1909 295
1909 296
1909 297
1909 298
1908 299
1908 300
1907 301
1906 302
1906 303
1906 304
1905 305
1905 306
1905 307
1905 308
1904 309
1904 310
1904 311
1904 312
1903 313
1902 313
1902 314
1902 315
1901 316
1901 317
1901 318
1901 319
1901 320
1900 321
1900 322
1900 323
1899 324
1899 325
1898 326
1897 327
1897 328
1896 329
1896 330
1895 331
1895 332
1894 333
1894 334
1893 335
1893 336
1892 337
1891 337
1891 338
1890 339
1889 339
1888 340
1887 341
1886 342
1885 343
1885 344
1884 345
1883 346
1882 347
1882 348
1881 349
1880 350
1879 351
1878 352
1878 353
1877 354
1876 355
1875 355
1875 356
1874 357
1873 358
1873 359
1873 360
1873 361
1873 362
1872 363
1872 364
1872 365
1871 366
1870 367
1870 368
1870 369
1869 370
1869 371
1869 372
1869 373
1869 374
1869 375
1869 376
1869 377
1869 378
1868 379
1868 380
1867 381
1866 382
1866 383
1866 384
1865 385
1865 386
1865 387
1865 388
1865 389
1865 390
1865 391
1865 392
1865 393
1865 394
1865 395
1865 396
1865 397
1866 398
1866 399
1866 400
1867 401
1867 402
1867 403
1867 404
1867 405
1867 406
1867 407
1867 408
1868 409
1868 410
1868 411
1868 412
1869 413
1869 414
1869 415
1869 416
1869 417
1869 418
1869 419
1869 420
1868 421
1868 422
1867 423
1867 424
1866 425
1865 425
1865 426
1864 427
1863 428
1863 429
1862 430
1861 431
1860 432
1859 433
1859 434
1858 435
1857 435
1857 436
1856 437
1856 438
1855 439
1855 440
1855 441
1855 442
1855 443
1855 444
1855 445
1855 446
1854 447
1854 448
1854 449
1853 450
1853 451
1853 452
1853 453
1853 454
1853 455
1853 456
1853 457
1853 458
1854 459
1854 460
1854 461
1854 462
1855 463
1856 464
1856 465
1856 466
1857 467
1857 468
1858 469
1858 470
1858 471
1858 472
1859 473
1859 474
1859 475
1859 476
1859 477
1859 478
1859 479
1859 480
1859 481
1859 482
1859 483
1859 484
1859 485
1859 486
1859 487
1858 488
1858 489
1858 490
1857 491
1857 492
1857 493
1857 494
1857 495
1857 496
1857 497
1857 498
1857 499
1857 500
1857 501
1857 502
1857 503
1857 504
1858 505
1858 506
1858 507
1858 508
1859 509
1859 510
1859 511
1859 512
1859 513
1859 514
1859 515
1859 516
1859 517
1859 518
1859 519
1860 520
1860 521
1860 522
1861 523
1861 524
1861 525
1861 526
1861 527
1861 528
1861 529
1861 530
1861 531
1861 532
1861 533
1861 534
1861 535
1861 536
1861 537
1861 538
1861 539
1861 540
1861 541
1861 542
1861 543
1861 544
1862 545
1862 546
1863 547
1863 548
1864 549
1865 550
1865 551
1866 552
1866 553
1867 554
1867 555
1867 556
1867 557
1867 558
1867 559
1867 560
1867 561
1867 562
1867 563
1867 564
1867 565
1867 566
1867 567
1867 568
1867 569
1867 570
1867 571
1867 572
1866 573
1866 574
1866 575
1866 576
1865 577
1865 578
1865 579
1865 580
1865 581
1865 582
1865 583
1865 584
1865 585
1865 586
1866 587
1866 588
1866 589
1866 590
1867 591
1867 592
1867 593
1867 594
1867 595
1867 596
1867 597
1867 598
1867 599
1867 600
1867 601
1867 602
1867 603
1867 604
1867 605
1867 606
1867 607
1867 608
1867 609
1867 610
1867 611
1867 612
1868 613
1868 614
1868 615
1868 616
1869 617
1869 618
1869 619
1869 620
1869 621
1869 622
1869 623
1869 624
1869 625
1869 626
1869 627
1869 628
1869 629
1869 630
1869 631
1869 632
1869 633
1869 634
1869 635
1869 636
1869 637
1869 638
1869 639
1870 640
1870 641
1870 642
1871 643
1871 644
1871 645
1871 646
1871 647
1871 648
1871 649
1871 650
1871 651
1871 652
1871 653
1871 654
1870 655
1870 656
1870 657
1869 658
1868 659
1868 660
1868 661
1868 662
1867 663
1866 664
1866 665
1865 666
1865 667
1864 668
1863 669
1863 670
1862 671
1862 672
1861 673
1861 674
1861 675
1861 676
1861 677
1861 678
1860 679
1860 680
1860 681
1860 682
1859 683
1859 684
1859 685
1859 686
1859 687
1859 688
1860 689
1860 690
1860 691
1860 692
1861 693
1861 694
1861 695
1861 696
1861 697
1861 698
1861 699
1861 700
1861 701
1861 702
1861 703
1861 704
1861 705
1861 706
1862 707
1862 708
1862 709
1862 710
1863 711
1863 712
1863 713
1863 714
1863 715
1863 716
1863 717
1863 718
1863 719
1864 720
1864 721
1864 722
1865 723
1865 724
1866 725
1866 726
1866 727
1866 728
1867 729
1867 730
1867 731
1867 732
1867 733
1867 734
1867 735
1867 736
1867 737
1867 738
1867 739
1867 740
1867 741
1867 742
1867 743
1867 744
1867 745
1867 746
1867 747
1867 748
1867 749
1867 750
1867 751
1867 752
1866 753
1866 754
1866 755
1865 756
1865 757
1865 758
1865 759
1865 760
1865 761
1865 762
1864 763
1864 764
1864 765
1864 766
1863 767
1863 768
1863 769
1863 770
1863 771
1863 772
1863 773
1864 774
1864 775
1864 776
1865 777
1865 778
1864 779
1864 780
1864 781
1864 782
1864 783
1864 784
1864 785
1864 786
1865 787
1865 788
1865 789
1865 790
1866 791
1866 792
1867 793
1867 794
1868 795
1869 795
1870 796
1871 797
1872 797
1873 798
1874 798
1875 799
1876 799
1877 799
1878 799
1879 800
1880 800
1881 800
1882 800
1883 800
1884 800
1885 801
1886 801
1887 801
1888 801
1889 801
1890 801
1891 800
1891 799
1892 798
1892 797
1893 796
1893 795
1894 794
1895 793
1896 792
1897 792
1898 792
1899 792
1900 793
1901 793
1902 794
1903 795
1904 795
1905 796
1906 796
1907 796
1908 796
1909 796
1910 796
1911 797
1911 798
1911 799
1911 800
1911 801
1911 802
1911 803
1911 804
1911 805
1911 806
1910 807
1910 808
1909 809
1908 810
1908 811
1907 812
1906 813
1905 814
1905 815
1905 816
1906 817
1906 818
1906 819
1906 820
1907 821
1907 822
1907 823
1907 824
1908 825
1908 826
1909 827
1910 828
1910 829
1911 830
1912 830
1913 831
1913 832
1914 833
1915 834
1915 835
1916 836
1917 837
1917 838
1918 838
1919 839
1919 840
1920 840
1921 841
1922 842
1923 843
1923 844
1924 844
1925 845
1925 846
1926 847
1926 848
1927 848
1928 849
1928 850
1929 851
1930 852
1931 853
1931 854
1932 854
1933 855
1934 856
1935 857
1935 858
1936 859
1937 860
1937 861
1938 862
1939 863
1939 864
1940 865
1941 866
1942 866
1943 867
1944 867
1945 868
1946 868
1947 868
1948 868
1949 869
1950 869
1951 869
1952 869
1953 870
1954 870
1955 870
1956 870
1957 870
1958 870
1959 870
1960 871
1961 871
1962 871
1963 872
1964 872
1965 872
1966 872
1967 873
1968 873
1969 874
1970 874
1971 875
1971 876
1972 877
1973 878
1974 879
1974 880
1975 880
1976 881
1976 882
1977 883
1977 884
1978 885
1978 886
1979 887
1980 888
1981 889
1981 890
1982 891
1983 892
1984 893
1985 894
1986 895
1987 896
1988 897
1989 897
1990 898
1991 899
1992 899
1993 900
1994 900
1995 900
1996 900
1997 900
1998 900
1999 901
2000 901
2001 902
2002 902
2003 903
2004 904
2005 904
2006 904
2007 904
2008 903
2009 903
2010 902
2011 902
2012 902
2013 902
2014 902
2015 902
2016 902
2017 901
2018 901
2019 900
2020 900
2021 899
2022 899
2023 898
2024 897
2025 896
2026 896
2026 895
2027 894
2028 894
2029 893
2030 892
2031 891
2032 891
2033 890
2034 890
2035 889
2036 889
2037 889
2038 888
2039 888
2040 887
2041 886
2042 886
2043 885
2043 884
2044 883
2045 883
2046 882
2046 881
2047 880
2047 879
2048 878
2048 877
2048 876
2048 875
2048 874
2048 873
2048 872
2048 871
2048 870
2048 869
2048 868
2048 867
2048 866
2048 865
2049 864
2050 864
2051 864
2052 864
2053 863
2054 862
2055 861
2055 860
2055 859
2056 858
2056 857
2056 856
2056 855
2056 854
2056 853
2056 852
2056 851
2056 850
2056 849
2056 848
2056 847
2057 846
2057 845
2057 844
2057 843
2058 842
2058 841
2058 840
2058 839
2059 838
2059 837
2060 836
2061 835
2062 835
2063 834
2064 833
2065 832
2066 831
2066 830
2066 829
2066 828
2066 827
2066 826
2066 825
2067 824
2067 823
2067 822
2067 821
2068 820
2068 819
2069 818
2069 817
2070 816
2070 815
2071 814
2072 813
2073 813
2074 812
2074 811
2075 810
2076 810
2077 809
2077 808
2078 807
2079 806
2079 805
2080 804
2080 803
2080 802
2080 801
2080 800
2080 799
2080 798
2080 797
2080 796
2080 795
2080 794
2080 793
2081 792
2081 791
2081 790
2082 789
2082 788
2082 787
2082 786
2082 785
2082 784
2082 783
2082 782
2082 781
2082 780
2082 779
2082 778
2082 777
2082 776
2082 775
2082 774
2082 773
2082 772
2082 771
2082 770
2082 769
2082 768
2082 767
2082 766
2082 765
2082 764
2082 763
2082 762
2082 761
2082 760
2082 759
2082 758
2082 757
2082 756
2082 755
2082 754
2082 753
2082 752
2082 751
2082 750
2082 749
2082 748
2082 747
2082 746
2082 745
2082 744
2082 743
2083 742
2083 741
2083 740
2083 739
2083 738
2083 737
2083 736
2083 735
2082 734
2082 733
2082 732
2082 731
2083 730
2083 729
2083 728
2084 727
2084 726
2084 725
2084 724
2084 723
2084 722
2084 721
2084 720
2084 719
2084 718
2084 717
2084 716
2084 715
2084 714
2084 713
2083 712
2083 711
2083 710
2083 709
2082 708
2082 707
2082 706
2082 705
2082 704
2082 703
2082 702
2082 701
2082 700
2082 699
2082 698
2082 697
2082 696
2082 695
2082 694
2082 693
2082 692
2082 691
2082 690
2082 689
2083 688
2083 687
2083 686
2083 685
2084 684
2084 683
2084 682
2084 681
2084 680
2084 679
2084 678
2084 677
2084 676
2084 675
2084 674
2084 673
2084 672
2084 671
2084 670
2084 669
2084 668
2084 667
2084 666
2084 665
2084 664
2084 663
2083 662
2083 661
2083 660
2083 659
2082 658
2082 657
2082 656
2082 655
2081 654
2081 653
2080 652
2080 651
2079 650
2079 649
2078 649
2077 648
2077 647
2077 646
2077 645
2076 644
2076 643
2076 642
2076 641
2076 640
2076 639
2077 638
2077 637
2077 636
2077 635
2078 634
2078 633
2078 632
2078 631
2078 630
2078 629
2078 628
2078 627
2078 626
2078 625
2077 624
2077 623
2077 622
2077 621
2076 620
2076 619
2076 618
2076 617
2077 616
2077 615
2077 614
2077 613
2078 612
2078 611
2078 610
2078 609
2079 608
2079 607
2079 606
2079 605
2079 604
2079 603
2079 602
2079 601
2078 600
2078 599
2077 598
2077 597
2077 596
2077 595
2077 594
2077 593
2077 592
2078 591
2078 590
2078 589
2078 588
2078 587
2078 586
2078 585
2078 584
2078 583
2078 582
2078 581
2078 580
2078 579
2078 578
2078 577
2077 576
2077 575
2076 574
2076 573
2075 572
2075 571
2074 570
2073 569
2072 568
2072 567
2071 566
2070 565
2070 564
2070 563
2070 562
2070 561
2070 560
2070 559
2070 558
2070 557
2070 556
2070 555
2070 554
2070 553
2070 552
2070 551
2070 550
2070 549
2070 548
2070 547
2070 546
2070 545
2070 544
2070 543
2069 542
2069 541
2069 540
2069 539
2068 538
2067 537
2067 536
2067 535
2066 534
2066 533
2066 532
2066 531
2066 530
2066 529
2065 528
2065 527
2065 526
2065 525
2064 524
2064 523
2064 522
2064 521
2064 520
2064 519
2064 518
2064 517
2064 516
2064 515
2064 514
2064 513
2064 512
2064 511
2064 510
2064 509
2064 508
2064 507
2064 506
2064 505
2064 504
2064 503
2064 502
2064 501
2064 500
2064 499
2064 498
2064 497
2064 496
2064 495
2064 494
2064 493
2064 492
2064 491
2064 490
2064 489
2064 488
2064 487
2064 486
2064 485
2064 484
2064 483
2064 482
2064 481
2064 480
2064 479
2064 478
2064 477
2064 476
2064 475
2064 474
2064 473
2064 472
2064 471
2063 470
2063 469
2063 468
2063 467
2062 466
2062 465
2062 464
2062 463
2062 462
2062 461
2062 460
2062 459
2062 458
2062 457
2062 456
2062 455
2062 454
2062 453
2062 452
2062 451
2062 450
2062 449
2062 448
2062 447
2061 446
2061 445
2061 444
2061 443
2060 442
2059 441
2059 440
2059 439
2058 438
2058 437
2058 436
2058 435
2058 434
2058 433
2059 432
2059 431
2059 430
2059 429
2060 428
2060 427
2060 426
2060 425
2060 424
2060 423
2060 422
2060 421
2060 420
2060 419
2060 418
2060 417
2060 416
2060 415
2060 414
2060 413
2060 412
2060 411
2060 410
2060 409
2060 408
2060 407
2060 406
2060 405
2059 404
2059 403
2059 402
2059 401
2058 400
2058 399
2058 398
2058 397
2058 396
2058 395
2059 394
2059 393
2059 392
2059 391
2060 390
2060 389
2060 388
2060 387
2060 386
2060 385
2059 384
2059 383
2059 382
2059 381
2058 380
2058 379
2058 378
2058 377
2058 376
2058 375
2058 374
2058 373
2058 372
2058 371
2058 370
2058 369
2058 368
2058 367
2058 366
2058 365
2058 364
2058 363
2059 362
2059 361
2059 360
2059 359
2058 358
2057 357
2056 357
2055 356
2055 355
2055 354
2055 353
2056 352
2056 351
2057 350
2058 349
2058 348
2058 347
2058 346
2058 345
2058 344
2058 343
2058 342
2058 341
2058 340
2058 339
2058 338
2058 337
2058 336
2058 335
2058 334
2058 333
2059 332
2059 331
2060 330
2060 329
2061 328
2061 327
2062 326
2062 325
2063 324
2063 323
2064 322
2064 321
2065 320
2066 320
2066 319
2067 318
2068 317
2068 316
2068 315
2069 314
2069 313
2069 312
2069 311
2070 310
2070 309
2069 308
2069 307
2069 306
2069 305
2068 304
2068 303
2068 302
2068 301
2068 300
2068 299
2067 298
2067 297
2066 296
2066 295
2065 294
2065 293
2064 292
2064 291
2064 290
2064 289
2064 288
2064 287
2063 286
2063 285
2063 284
2063 283
2062 282
2062 281
2062 280
2062 279
2061 278
2061 277
2061 276
2061 275
2060 274
2060 273
2060 272
2060 271
2059 270
2059 269
2059 268
2059 267
2058 266
2058 265
2058 264
2058 263
2058 262
2058 261
2058 260
2058 259
2058 258
2058 257
2058 256
2058 255
2058 254
2058 253
2059 252
2059 251
2059 250
2059 249
2060 248
2060 247
2060 246
2060 245
2060 244
2060 243
2060 242
2060 241
2059 240
2059 239
2059 238
2059 237
2058 236
2058 235
2057 234
2057 233
2057 232
2057 231
2056 230
2056 229
2056 228
2056 227
2055 226
2055 225
2055 224
2054 223
2054 222
2054 221
2054 220
2054 219
2054 218
2054 217
2053 216
2053 215
2053 214
2053 213
2052 212
2052 211
2051 210
2051 209
2051 208
2051 207
2050 206
2050 205
2050 204
2050 203
2050 202
2049 201
2049 200
2048 199
2048 198
2047 197
2046 196
2046 195
2045 195
2044 194
2043 193
2043 192
2042 191
2041 190
2040 190
2039 189
2038 188
2037 188
2036 187
2035 187
2034 187
2033 187
2032 187
2031 187
2030 187
2029 187
2028 187
2027 187
2026 187
2025 187
2024 187
2023 187
2022 187
2021 187
2020 187
2019 187
