1316 2033
1315 2034
1314 2034
1313 2034
1312 2035
1311 2035
1310 2035
1309 2035
1308 2035
1307 2035
1306 2036
1305 2036
1304 2036
1303 2037
1302 2038
1301 2038
1300 2039
1299 2039
1298 2040
1297 2040
1296 2041
1295 2041
1294 2041
1293 2041
1292 2041
1291 2041
1290 2041
1289 2041
1288 2041
1287 2041
1286 2041
1285 2041
1284 2041
1283 2041
1282 2042
1281 2042
1280 2043
1279 2043
1278 2044
1277 2044
1276 2045
1275 2045
1274 2045
1273 2045
1272 2045
1271 2045
1270 2045
1269 2045
1268 2046
1267 2046
1266 2046
1265 2046
1264 2047
1263 2048
1262 2048
1261 2049
1260 2049
1259 2050
1258 2051
1257 2051
1256 2052
1255 2052
1254 2053
1253 2053
1252 2054
1251 2054
1250 2054
1249 2054
1248 2055
1247 2056
1246 2056
1245 2056
1244 2057
1243 2058
1242 2058
1241 2058
1241 2059
1240 2060
1239 2060
1238 2060
1237 2061
1236 2061
1235 2062
1234 2063
1233 2063
1233 2064
1232 2065
1231 2065
1231 2066
1230 2067
1229 2067
1228 2068
1227 2069
1227 2070
1226 2071
1225 2071
1225 2072
1224 2073
1223 2073
1222 2074
1221 2075
1221 2076
1220 2077
1220 2078
1219 2079
1219 2080
1218 2081
1217 2082
1216 2083
1215 2084
1214 2084
1213 2085
1212 2085
1211 2086
1210 2086
1209 2086
1208 2087
1207 2087
1206 2087
1205 2087
1204 2088
1203 2088
1202 2088
1201 2088
1201 2089
1200 2090
1199 2090
1198 2091
1197 2091
1196 2092
1196 2093
1195 2094
1194 2095
1193 2096
1192 2097
1191 2098
1190 2099
1190 2100
1189 2101
1189 2102
1188 2103
1188 2104
1187 2105
1187 2106
1186 2107
1186 2108
1185 2109
1185 2110
1184 2111
1184 2112
1183 2113
1182 2113
1182 2114
1181 2115
1181 2116
1180 2117
1179 2117
1179 2118
1178 2119
1177 2120
1176 2121
1175 2122
1175 2123
1175 2124
1175 2125
1175 2126
1174 2127
1174 2128
1173 2129
1173 2130
1172 2131
1171 2132
1170 2133
1169 2134
1168 2135
1168 2136
1167 2137
1166 2137
1166 2138
1166 2139
1166 2140
1165 2141
1165 2142
1165 2143
1165 2144
1165 2145
1165 2146
1165 2147
1165 2148
1165 2149
1165 2150
1165 2151
1166 2152
1166 2153
1166 2154
1167 2155
1167 2156
1167 2157
1167 2158
1167 2159
1167 2160
1167 2161
1167 2162
1167 2163
1167 2164
1167 2165
1167 2166
1167 2167
1167 2168
1167 2169
1167 2170
1167 2171
1167 2172
1167 2173
1167 2174
1167 2175
1167 2176
1167 2177
1167 2178
1167 2179
1167 2180
1167 2181
1167 2182
1167 2183
1167 2184
1167 2185
1167 2186
1166 2187
1166 2188
1165 2189
1165 2190
1164 2191
1164 2192
1163 2193
1162 2193
1162 2194
1162 2195
1162 2196
1161 2197
1161 2198
1161 2199
1161 2200
1161 2201
1161 2202
1161 2203
1161 2204
1161 2205
1161 2206
1160 2207
1160 2208
1160 2209
1160 2210
1159 2211
1159 2212
1159 2213
1159 2214
1160 2215
1160 2216
1160 2217
1160 2218
1161 2219
1161 2220
1161 2221
1161 2222
1161 2223
1161 2224
1161 2225
1161 2226
1161 2227
1161 2228
1161 2229
1161 2230
1161 2231
1161 2232
1161 2233
1161 2234
1161 2235
1161 2236
1161 2237
1161 2238
1161 2239
1161 2240
1161 2241
1161 2242
1160 2243
1160 2244
1159 2245
1159 2246
1158 2247
1157 2247
1156 2248
1156 2249
1155 2250
1154 2251
1154 2252
1153 2253
1153 2254
1154 2255
1154 2256
1154 2257
1155 2258
1155 2259
1155 2260
1155 2261
1155 2262
1156 2263
1156 2264
1156 2265
1156 2266
1157 2267
1157 2268
1157 2269
1157 2270
1158 2271
1158 2272
1158 2273
1158 2274
1159 2275
1159 2276
1159 2277
1159 2278
1159 2279
1159 2280
1159 2281
1159 2282
1159 2283
1159 2284
1159 2285
1159 2286
1159 2287
1159 2288
1159 2289
1159 2290
1159 2291
1159 2292
1159 2293
1159 2294
1159 2295
1159 2296
1159 2297
1159 2298
1159 2299
1159 2300
1159 2301
1160 2302
1160 2303
1160 2304
1161 2305
1161 2306
1161 2307
1161 2308
1161 2309
1161 2310
1161 2311
1161 2312
1161 2313
1161 2314
1162 2315
1162 2316
1163 2317
1163 2318
1164 2319
1164 2320
1165 2321
1165 2322
1166 2323
1166 2324
1166 2325
1166 2326
1167 2327
1168 2328
1168 2329
1169 2330
1169 2331
1170 2332
1171 2333
1171 2334
1172 2335
1172 2336
1173 2337
1173 2338
1173 2339
1174 2340
1175 2341
1175 2342
1176 2343
1176 2344
1177 2344
1178 2345
1178 2346
1179 2347
1179 2348
1180 2349
1181 2349
1182 2350
1183 2351
1183 2352
1184 2352
1185 2353
1186 2354
1187 2355
1188 2356
1189 2356
1190 2357
1191 2358
1192 2359
1193 2359
1194 2360
1195 2360
1196 2361
1197 2362
1198 2362
1199 2363
1200 2364
1201 2365
1202 2365
1203 2365
1204 2365
1205 2366
1206 2366
1207 2367
1208 2367
1209 2367
1210 2367
1211 2368
1212 2368
1213 2368
1214 2368
1215 2369
1216 2369
1217 2369
1218 2370
1219 2371
1220 2371
1221 2371
1222 2371
1223 2372
1224 2372
1225 2373
1226 2373
1227 2373
1228 2373
1229 2374
1230 2374
1231 2374
1232 2374
1233 2375
1234 2375
1235 2375
1236 2376
1237 2376
1238 2377
1239 2378
1240 2378
1241 2379
1242 2379
1243 2380
1244 2380
1245 2381
1246 2381
1247 2381
1248 2381
1249 2382
1250 2382
1251 2383
1252 2383
1253 2384
1254 2384
1255 2385
1256 2385
1257 2386
1257 2387
1258 2387
1259 2388
1260 2388
1261 2389
1262 2389
1263 2390
1264 2390
1265 2391
1266 2391
1267 2391
1268 2392
1269 2392
1270 2393
1271 2393
1272 2393
1273 2394
1274 2394
1275 2395
1276 2395
1277 2395
1278 2396
1279 2396
1280 2397
1281 2398
1282 2398
1283 2399
1284 2400
1285 2400
1286 2400
1287 2400
1288 2400
1289 2400
1290 2400
1291 2400
1292 2400
1293 2400
1294 2400
1295 2400
1296 2400
1297 2400
1298 2400
1299 2400
1300 2400
1301 2400
1302 2400
1303 2400
1304 2400
1305 2400
1306 2400
1307 2400
1308 2400
1309 2400
1310 2400
1311 2400
1312 2400
1313 2400
1314 2400
1315 2401
1316 2401
1317 2401
1318 2401
1319 2402
1320 2402
1321 2402
1322 2402
1323 2402
1324 2402
1325 2402
1326 2402
1327 2402
1328 2402
1329 2403
1330 2403
1331 2403
1332 2403
1333 2404
1334 2404
1335 2404
1336 2404
1337 2404
1338 2404
1339 2404
1340 2404
1341 2404
1342 2404
1343 2404
1344 2404
1345 2404
1346 2404
1347 2404
1348 2404
1349 2404
1350 2404
1351 2404
1352 2404
1353 2403
1354 2403
1355 2403
1356 2402
1357 2401
1358 2401
1359 2401
1360 2401
1361 2400
1362 2400
1363 2400
1364 2400
1365 2400
1366 2400
1367 2400
1368 2400
1369 2399
1370 2399
1371 2399
1372 2399
1372 2398
1373 2397
1374 2397
1375 2396
1376 2396
1377 2395
1378 2394
1379 2394
1380 2393
1381 2392
1382 2392
1383 2391
1384 2391
1385 2390
1386 2390
1387 2390
1388 2390
1389 2390
1390 2390
1391 2390
1392 2390
1393 2390
1394 2390
1395 2389
1396 2389
1397 2389
1398 2389
1399 2388
1400 2387
1401 2387
1402 2386
1403 2386
1404 2385
1405 2385
1406 2385
1407 2384
1408 2383
1409 2383
1410 2382
1411 2381
1412 2381
1413 2381
1414 2381
1415 2380
1416 2379
1417 2379
1418 2378
1419 2378
1420 2377
1421 2376
1422 2376
1422 2375
1423 2374
1424 2374
1425 2373
1426 2372
1427 2371
1428 2370
1429 2370
1430 2369
1431 2368
1432 2368
1433 2367
1434 2366
1434 2365
1435 2364
1436 2363
1437 2362
1438 2362
1439 2361
1440 2360
1441 2359
1442 2358
1442 2357
1443 2356
1444 2355
1445 2354
1446 2354
1447 2353
1448 2352
1448 2351
1449 2350
1450 2350
1451 2349
1452 2349
1453 2348
1454 2347
1455 2347
1456 2347
1457 2346
1458 2345
1459 2345
1460 2344
1461 2344
1462 2343
1463 2342
1464 2342
1465 2341
1466 2340
1467 2340
1468 2339
1469 2338
1470 2338
1470 2337
1471 2336
1472 2336
1472 2335
1473 2334
1474 2334
1474 2333
1475 2332
1476 2331
1477 2330
1478 2330
1478 2329
1479 2328
1480 2327
1480 2326
1481 2325
1481 2324
1482 2323
1482 2322
1483 2321
1483 2320
1484 2319
1485 2318
1485 2317
1485 2316
1485 2315
1486 2314
1486 2313
1487 2312
1487 2311
1487 2310
1488 2309
1488 2308
1488 2307
1488 2306
1488 2305
1488 2304
1488 2303
1488 2302
1488 2301
1488 2300
1488 2299
1488 2298
1488 2297
1488 2296
1488 2295
1488 2294
1488 2293
1488 2292
1488 2291
1488 2290
1488 2289
1488 2288
1488 2287
1488 2286
1488 2285
1488 2284
1488 2283
1488 2282
1488 2281
1488 2280
1488 2279
1488 2278
1488 2277
1488 2276
1488 2275
1488 2274
1488 2273
1488 2272
1488 2271
1488 2270
1488 2269
1488 2268
1488 2267
1488 2266
1488 2265
1488 2264
1488 2263
1488 2262
1488 2261
1488 2260
1488 2259
1488 2258
1488 2257
1488 2256
1488 2255
1488 2254
1488 2253
1488 2252
1488 2251
1489 2250
1489 2249
1489 2248
1489 2247
1490 2246
1490 2245
1491 2244
1491 2243
1491 2242
1491 2241
1492 2240
1493 2240
1493 2239
1494 2238
1494 2237
1495 2236
1495 2235
1496 2234
1496 2233
1496 2232
1496 2231
1496 2230
1496 2229
1496 2228
1496 2227
1496 2226
1496 2225
1496 2224
1496 2223
1496 2222
1496 2221
1496 2220
1496 2219
1496 2218
1496 2217
1496 2216
1496 2215
1496 2214
1496 2213
1496 2212
1496 2211
1496 2210
1496 2209
1496 2208
1496 2207
1496 2206
1496 2205
1496 2204
1496 2203
1496 2202
1496 2201
1496 2200
1496 2199
1496 2198
1496 2197
1496 2196
1496 2195
1496 2194
1496 2193
1495 2192
1495 2191
1495 2190
1495 2189
1494 2188
1494 2187
1494 2186
1494 2185
1494 2184
1494 2183
1494 2182
1494 2181
1494 2180
1494 2179
1494 2178
1494 2177
1494 2176
1494 2175
1493 2174
1493 2173
1493 2172
1493 2171
1492 2170
1492 2169
1492 2168
1492 2167
1492 2166
1492 2165
1491 2164
1491 2163
1491 2162
1491 2161
1490 2160
1490 2159
1490 2158
1490 2157
1489 2156
1489 2155
1489 2154
1489 2153
1488 2152
1488 2151
1488 2150
1488 2149
1488 2148
1488 2147
1488 2146
1488 2145
1488 2144
1488 2143
1487 2142
1487 2141
1487 2140
1486 2139
1485 2138
1485 2137
1485 2136
1485 2135
1484 2134
1484 2133
1484 2132
1483 2131
1483 2130
1483 2129
1482 2128
1482 2127
1482 2126
1482 2125
1482 2124
1481 2123
1480 2122
1480 2121
1479 2120
1478 2119
1478 2118
1477 2117
1477 2116
1476 2115
1475 2115
1474 2114
1474 2113
1473 2112
1472 2111
1472 2110
1471 2109
1471 2108
1470 2107
1470 2106
1469 2105
1468 2104
1467 2103
1466 2102
1465 2102
1464 2101
1463 2101
1462 2100
1462 2099
1461 2099
1460 2098
1459 2097
1459 2096
1458 2095
1457 2094
1456 2094
1455 2093
1454 2092
1454 2091
1453 2091
1452 2090
1451 2089
1451 2088
1450 2087
1449 2086
1448 2086
1447 2085
1446 2084
1446 2083
1445 2083
1444 2082
1443 2081
1443 2080
1442 2079
1441 2078
1440 2077
1439 2077
1438 2076
1437 2076
1436 2075
1435 2075
1434 2074
1433 2074
1432 2074
1431 2073
1430 2073
1429 2072
1428 2071
1427 2071
1426 2070
1425 2069
1424 2068
1423 2068
1422 2068
1421 2067
1420 2066
1419 2066
1418 2066
1417 2066
1416 2065
1415 2064
1414 2063
1413 2063
1412 2062
1411 2061
1410 2060
1409 2059
1408 2058
1407 2058
1406 2058
1405 2057
1404 2057
1403 2056
1402 2056
1401 2056
1400 2055
1399 2055
1398 2054
1397 2054
1396 2053
1395 2053
1394 2052
1393 2052
1392 2051
1392 2050
1391 2050
1390 2049
1389 2049
1388 2048
1387 2048
1386 2047
1385 2047
1384 2047
1383 2047
1382 2047
1381 2047
1380 2047
1379 2047
1378 2047
1377 2047
1376 2047
1375 2047
1374 2047
1373 2047
1372 2046
1371 2046
1370 2046
1369 2046
1368 2045
1367 2045
1366 2044
1365 2044
1364 2044
1363 2044
1362 2043
1361 2042
1360 2042
1359 2042
1358 2041
1357 2041
1356 2041
1355 2041
1354 2040
1353 2040
1352 2040
1351 2039
1350 2038
1349 2038
1348 2037
1347 2037
1346 2036
1345 2036
1344 2035
1343 2035
1342 2034
1341 2034
1340 2034
1339 2034
1338 2033
1337 2033
1336 2033
1335 2033
1334 2033
1333 2033
1332 2033
1331 2033
1330 2033
1329 2033
1328 2033
1327 2033
1326 2033
1325 2033
1324 2033
1323 2033
1322 2033
1321 2033
1320 2033
1319 2033
1318 2033
1317 2033
1316 2033
