1991 2593
1990 2594
1989 2594
1988 2594
1987 2595
1986 2596
1985 2596
1984 2596
1983 2596
1982 2597
1981 2597
1980 2597
1979 2597
1978 2597
1977 2597
1976 2598
1975 2598
1974 2598
1973 2599
1972 2599
1971 2600
1970 2601
1969 2601
1969 2602
1968 2603
1967 2603
1966 2604
1966 2605
1965 2606
1964 2607
1963 2607
1962 2608
1961 2608
1961 2609
1960 2610
1959 2610
1958 2611
1957 2611
1956 2612
1955 2613
1954 2613
1953 2614
1952 2615
1951 2615
1950 2616
1949 2617
1948 2617
1947 2618
1946 2618
1945 2619
1944 2620
1943 2621
1943 2622
1942 2623
1942 2624
1941 2625
1941 2626
1940 2627
1940 2628
1939 2629
1938 2629
1938 2630
1937 2631
1937 2632
1936 2633
1935 2633
1934 2634
1933 2635
1932 2635
1931 2636
1930 2637
1929 2638
1928 2638
1927 2639
1926 2640
1926 2641
1925 2642
1924 2643
1924 2644
1923 2645
1923 2646
1923 2647
1923 2648
1923 2649
1923 2650
1922 2651
1922 2652
1922 2653
1922 2654
1921 2655
1921 2656
1921 2657
1921 2658
1920 2659
1920 2660
1919 2661
1918 2662
1917 2663
1917 2664
1916 2665
1915 2666
1914 2667
1914 2668
1913 2669
1912 2670
1911 2671
1910 2672
1909 2673
1909 2674
1908 2675
1908 2676
1907 2677
1907 2678
1906 2679
1906 2680
1905 2681
1905 2682
1904 2683
1903 2684
1903 2685
1903 2686
1903 2687
1903 2688
1902 2689
1903 2690
1903 2691
1903 2692
1902 2693
1902 2694
1903 2695
1903 2696
1903 2697
1903 2698
1903 2699
1903 2700
1903 2701
1903 2702
1903 2703
1903 2704
1903 2705
1903 2706
1902 2707
1902 2708
1902 2709
1902 2710
1901 2711
1901 2712
1901 2713
1901 2714
1900 2715
1900 2716
1899 2717
1898 2718
1897 2719
1897 2720
1896 2721
1895 2722
1895 2723
1895 2724
1895 2725
1895 2726
1895 2727
1895 2728
1895 2729
1895 2730
1895 2731
1895 2732
1895 2733
1895 2734
1895 2735
1895 2736
1894 2737
1894 2738
1894 2739
1894 2740
1893 2741
1893 2742
1893 2743
1893 2744
1893 2745
1893 2746
1893 2747
1893 2748
1893 2749
1893 2750
1892 2751
1892 2752
1892 2753
1892 2754
1891 2755
1891 2756
1891 2757
1891 2758
1891 2759
1890 2760
1890 2761
1889 2762
1889 2763
1888 2764
1888 2765
1888 2766
1887 2767
1887 2768
1887 2769
1887 2770
1887 2771
1887 2772
1887 2773
1887 2774
1887 2775
1887 2776
1886 2777
1886 2778
1886 2779
1886 2780
1885 2781
1885 2782
1885 2783
1885 2784
1885 2785
1885 2786
1885 2787
1885 2788
1885 2789
1885 2790
1885 2791
1885 2792
1885 2793
1885 2794
1885 2795
1885 2796
1885 2797
1885 2798
1885 2799
1885 2800
1885 2801
1885 2802
1885 2803
1885 2804
1885 2805
1885 2806
1884 2807
1884 2808
1883 2809
1883 2810
1882 2811
1881 2812
1881 2813
1881 2814
1881 2815
1881 2816
1880 2817
1880 2818
1880 2819
1879 2820
1879 2821
1879 2822
1879 2823
1879 2824
1879 2825
1879 2826
1879 2827
1879 2828
1879 2829
1879 2830
1879 2831
1879 2832
1879 2833
1879 2834
1879 2835
1879 2836
1879 2837
1879 2838
1879 2839
1879 2840
1879 2841
1879 2842
1879 2843
1879 2844
1879 2845
1879 2846
1879 2847
1879 2848
1879 2849
1879 2850
1879 2851
1879 2852
1879 2853
1879 2854
1879 2855
1879 2856
1879 2857
1879 2858
1879 2859
1879 2860
1879 2861
1879 2862
1879 2863
1879 2864
1879 2865
1879 2866
1879 2867
1879 2868
1879 2869
1879 2870
1879 2871
1879 2872
1879 2873
1879 2874
1879 2875
1879 2876
1879 2877
1879 2878
1879 2879
1879 2880
1879 2881
1879 2882
1880 2883
1880 2884
1881 2885
1882 2885
1883 2886
1884 2886
1885 2886
1886 2886
1887 2886
1888 2886
1889 2887
1890 2887
1891 2888
1891 2889
1891 2890
1891 2891
1890 2892
1889 2892
1888 2893
1887 2893
1886 2893
1885 2893
1884 2893
1883 2893
1882 2893
1881 2893
1881 2894
1882 2895
1882 2896
1882 2897
1883 2898
1884 2899
1884 2900
1884 2901
1884 2902
1885 2903
1886 2904
1886 2905
1886 2906
1887 2907
1887 2908
1887 2909
1887 2910
1887 2911
1887 2912
1887 2913
1887 2914
1887 2915
1887 2916
1887 2917
1887 2918
1887 2919
1887 2920
1887 2921
1887 2922
1887 2923
1887 2924
1887 2925
1887 2926
1887 2927
1887 2928
1887 2929
1887 2930
1887 2931
1887 2932
1887 2933
1887 2934
1887 2935
1887 2936
1888 2937
1888 2938
1888 2939
1888 2940
1889 2941
1889 2942
1889 2943
1889 2944
1889 2945
1889 2946
1890 2947
1890 2948
1890 2949
1891 2950
1892 2951
1892 2952
1892 2953
1892 2954
1893 2955
1893 2956
1893 2957
1893 2958
1893 2959
1893 2960
1893 2961
1893 2962
1893 2963
1893 2964
1893 2965
1893 2966
1893 2967
1893 2968
1893 2969
1893 2970
1893 2971
1893 2972
1892 2973
1892 2974
1892 2975
1892 2976
1891 2977
1891 2978
1891 2979
1891 2980
1891 2981
1891 2982
1891 2983
1891 2984
1892 2985
1892 2986
1892 2987
1892 2988
1893 2989
1893 2990
1893 2991
1893 2992
1892 2993
1892 2994
1892 2995
1892 2996
1891 2997
1891 2998
1891 2999
1891 3000
1890 3001
1890 3002
1890 3003
1889 3004
1889 3005
1889 3006
1889 3007
1889 3008
1889 3009
1889 3010
1889 3011
1889 3012
1889 3013
1889 3014
1889 3015
1889 3016
1889 3017
1889 3018
1889 3019
1889 3020
1889 3021
1889 3022
1889 3023
1889 3024
1889 3025
1889 3026
1889 3027
1889 3028
1889 3029
1889 3030
1889 3031
1889 3032
1890 3033
1890 3034
1890 3035
1890 3036
1891 3037
1891 3038
1892 3039
1892 3040
1892 3041
1892 3042
1893 3043
1893 3044
1893 3045
1893 3046
1894 3047
1894 3048
1894 3049
1894 3050
1895 3051
1895 3052
1896 3053
1896 3054
1896 3055
1896 3056
1897 3056
1898 3057
1898 3058
1898 3059
1898 3060
1899 3061
1899 3062
1899 3063
1899 3064
1899 3065
1899 3066
1898 3067
1898 3068
1898 3069
1898 3070
1897 3071
1897 3072
1897 3073
1897 3074
1897 3075
1897 3076
1897 3077
1897 3078
1897 3079
1897 3080
1897 3081
1897 3082
1896 3083
1896 3084
1896 3085
1896 3086
1895 3087
1895 3088
1896 3089
1896 3090
1896 3091
1896 3092
1897 3093
1897 3094
1897 3095
1897 3096
1897 3097
1897 3098
1897 3099
1897 3100
1897 3101
1897 3102
1897 3103
1897 3104
1898 3105
1898 3106
1898 3107
1898 3108
1899 3109
1899 3110
1900 3111
1900 3112
1900 3113
1900 3114
1901 3115
1901 3116
1901 3117
1901 3118
1901 3119
1901 3120
1901 3121
1901 3122
1902 3123
1902 3124
1902 3125
1902 3126
1903 3127
1903 3128
1904 3129
1904 3130
1904 3131
1904 3132
1905 3133
1905 3134
1905 3135
1905 3136
1905 3137
1905 3138
1905 3139
1905 3140
1905 3141
1905 3142
1906 3143
1906 3144
1906 3145
1906 3146
1907 3147
1907 3148
1908 3149
1908 3150
1908 3151
1908 3152
1909 3153
1910 3154
1911 3155
1911 3156
1912 3157
1913 3158
1913 3159
1914 3160
1914 3161
1915 3162
1915 3163
1916 3164
1917 3165
1917 3166
1918 3166
1919 3167
1919 3168
1920 3168
1921 3169
1922 3170
1923 3171
1924 3172
1925 3172
1926 3173
1927 3174
1928 3175
1929 3176
1930 3176
1931 3177
1931 3178
1932 3178
1933 3179
1934 3180
1934 3181
1935 3182
1936 3183
1937 3184
1938 3185
1939 3186
1940 3187
1940 3188
1940 3189
1940 3190
1941 3191
1941 3192
1941 3193
1941 3194
1941 3195
1941 3196
1941 3197
1941 3198
1941 3199
1942 3200
1942 3201
1942 3202
1943 3203
1944 3204
1944 3205
1944 3206
1945 3207
1945 3208
1946 3209
1946 3210
1946 3211
1946 3212
1947 3213
1947 3214
1947 3215
1947 3216
1948 3217
1948 3218
1949 3219
1950 3220
1950 3221
1951 3222
1952 3222
1953 3223
1953 3224
1954 3224
1955 3225
1955 3226
1956 3226
1957 3227
1958 3228
1959 3229
1959 3230
1960 3230
1961 3231
1962 3231
1963 3232
1964 3232
1965 3232
1966 3232
1967 3232
1968 3232
1969 3233
1970 3233
1971 3233
1972 3234
1973 3234
1974 3234
1975 3234
1976 3234
1977 3234
1978 3234
1979 3233
1980 3233
1981 3233
1982 3232
1983 3232
1984 3231
1985 3231
1986 3230
1987 3229
1988 3229
1989 3229
1990 3229
1991 3228
1992 3228
1993 3228
1994 3228
1995 3227
1996 3227
1997 3226
1998 3226
1999 3225
2000 3225
2000 3224
2001 3223
2002 3223
2003 3222
2004 3222
2005 3221
2006 3220
2006 3219
2007 3218
2007 3217
2008 3216
2009 3215
2009 3214
2009 3213
2010 3212
2011 3211
2012 3210
2012 3209
2013 3208
2014 3208
2014 3207
2015 3206
2016 3206
2017 3205
2018 3204
2018 3203
2019 3202
2020 3202
2021 3201
2022 3200
2022 3199
2023 3198
2024 3197
2024 3196
2025 3195
2025 3194
2026 3193
2027 3192
2027 3191
2028 3190
2029 3189
2030 3188
2030 3187
2031 3186
2032 3185
2033 3184
2033 3183
2034 3182
2034 3181
2035 3180
2036 3179
2036 3178
2037 3177
2037 3176
2037 3175
2038 3174
2038 3173
2038 3172
2038 3171
2038 3170
2039 3169
2040 3168
2040 3167
2041 3166
2042 3165
2042 3164
2042 3163
2042 3162
2042 3161
2042 3160
2042 3159
2041 3158
2041 3157
2041 3156
2040 3155
2040 3154
2039 3153
2039 3152
2038 3151
2038 3150
2038 3149
2038 3148
2038 3147
2038 3146
2038 3145
2038 3144
2038 3143
2038 3142
2038 3141
2038 3140
2038 3139
2038 3138
2038 3137
2038 3136
2038 3135
2038 3134
2038 3133
2039 3132
2039 3131
2039 3130
2039 3129
2040 3128
2041 3128
2041 3127
2042 3126
2042 3125
2043 3124
2043 3123
2044 3122
2044 3121
2044 3120
2044 3119
2045 3118
2045 3117
2045 3116
2045 3115
2046 3114
2047 3113
2047 3112
2047 3111
2048 3110
2048 3109
2048 3108
2048 3107
2048 3106
2048 3105
2048 3104
2048 3103
2048 3102
2048 3101
2048 3100
2048 3099
2048 3098
2048 3097
2048 3096
2048 3095
2047 3094
2047 3093
2046 3092
2046 3091
2045 3090
2045 3089
2044 3088
2044 3087
2044 3086
2044 3085
2045 3084
2045 3083
2046 3082
2046 3081
2047 3080
2047 3079
2048 3078
2048 3077
2048 3076
2048 3075
2048 3074
2048 3073
2049 3072
2049 3071
2049 3070
2050 3069
2050 3068
2050 3067
2050 3066
2050 3065
2050 3064
2050 3063
2050 3062
2050 3061
2050 3060
2050 3059
2050 3058
2050 3057
2051 3056
2051 3055
2052 3054
2052 3053
2053 3052
2053 3051
2054 3050
2054 3049
2054 3048
2054 3047
2054 3046
2054 3045
2054 3044
2054 3043
2054 3042
2054 3041
2054 3040
2054 3039
2054 3038
2054 3037
2054 3036
2054 3035
2054 3034
2054 3033
2054 3032
2054 3031
2054 3030
2054 3029
2054 3028
2054 3027
2054 3026
2054 3025
2054 3024
2054 3023
2054 3022
2054 3021
2054 3020
2054 3019
2054 3018
2054 3017
2054 3016
2054 3015
2054 3014
2054 3013
2054 3012
2054 3011
2054 3010
2055 3009
2055 3008
2055 3007
2056 3006
2056 3005
2056 3004
2056 3003
2056 3002
2056 3001
2056 3000
2056 2999
2056 2998
2056 2997
2056 2996
2056 2995
2056 2994
2056 2993
2057 2992
2057 2991
2057 2990
2058 2989
2058 2988
2058 2987
2058 2986
2058 2985
2058 2984
2058 2983
2058 2982
2058 2981
2058 2980
2058 2979
2058 2978
2058 2977
2058 2976
2058 2975
2058 2974
2058 2973
2058 2972
2057 2971
2057 2970
2057 2969
2056 2968
2056 2967
2056 2966
2056 2965
2056 2964
2056 2963
2056 2962
2056 2961
2056 2960
2056 2959
2056 2958
2056 2957
2056 2956
2056 2955
2056 2954
2056 2953
2056 2952
2056 2951
2056 2950
2056 2949
2056 2948
2056 2947
2056 2946
2056 2945
2056 2944
2056 2943
2056 2942
2056 2941
2056 2940
2056 2939
2056 2938
2056 2937
2056 2936
2056 2935
2056 2934
2056 2933
2056 2932
2055 2931
2055 2930
2055 2929
2054 2928
2054 2927
2054 2926
2054 2925
2054 2924
2054 2923
2054 2922
2054 2921
2054 2920
2054 2919
2054 2918
2054 2917
2054 2916
2054 2915
2054 2914
2054 2913
2055 2912
2055 2911
2055 2910
2056 2909
2056 2908
2056 2907
2056 2906
2056 2905
2056 2904
2056 2903
2056 2902
2056 2901
2056 2900
2055 2899
2055 2898
2055 2897
2054 2896
2054 2895
2054 2894
2054 2893
2054 2892
2054 2891
2054 2890
2054 2889
2054 2888
2054 2887
2055 2886
2055 2885
2055 2884
2055 2883
2056 2882
2056 2881
2056 2880
2056 2879
2056 2878
2056 2877
2056 2876
2055 2875
2055 2874
2055 2873
2054 2872
2054 2871
2054 2870
2054 2869
2054 2868
2054 2867
2054 2866
2054 2865
2054 2864
2054 2863
2054 2862
2054 2861
2055 2860
2055 2859
2055 2858
2055 2857
2055 2856
2055 2855
2055 2854
2055 2853
2054 2852
2054 2851
2054 2850
2054 2849
2054 2848
2054 2847
2054 2846
2054 2845
2054 2844
2054 2843
2054 2842
2054 2841
2054 2840
2054 2839
2054 2838
2054 2837
2054 2836
2054 2835
2054 2834
2054 2833
2054 2832
2054 2831
2054 2830
2054 2829
2054 2828
2054 2827
2054 2826
2054 2825
2054 2824
2054 2823
2054 2822
2054 2821
2054 2820
2054 2819
2054 2818
2054 2817
2054 2816
2054 2815
2054 2814
2054 2813
2054 2812
2054 2811
2054 2810
2054 2809
2054 2808
2054 2807
2054 2806
2054 2805
2054 2804
2054 2803
2054 2802
2054 2801
2054 2800
2054 2799
2054 2798
2054 2797
2054 2796
2054 2795
2054 2794
2054 2793
2054 2792
2054 2791
2054 2790
2054 2789
2054 2788
2054 2787
2054 2786
2054 2785
2054 2784
2054 2783
2055 2782
2055 2781
2055 2780
2055 2779
2056 2778
2056 2777
2056 2776
2056 2775
2056 2774
2056 2773
2056 2772
2056 2771
2055 2770
2055 2769
2055 2768
2054 2767
2053 2766
2053 2765
2053 2764
2053 2763
2052 2762
2052 2761
2052 2760
2052 2759
2052 2758
2052 2757
2053 2756
2053 2755
2053 2754
2053 2753
2054 2752
2054 2751
2054 2750
2054 2749
2054 2748
2054 2747
2054 2746
2054 2745
2054 2744
2054 2743
2054 2742
2054 2741
2054 2740
2054 2739
2054 2738
2055 2737
2055 2736
2055 2735
2056 2734
2056 2733
2056 2732
2056 2731
2055 2730
2055 2729
2055 2728
2055 2727
2055 2726
2055 2725
2055 2724
2055 2723
2055 2722
2055 2721
2055 2720
2054 2719
2054 2718
2054 2717
2054 2716
2054 2715
2054 2714
2054 2713
2054 2712
2054 2711
2054 2710
2054 2709
2053 2708
2053 2707
2053 2706
2053 2705
2052 2704
2052 2703
2051 2702
2051 2701
2051 2700
2051 2699
2050 2698
2050 2697
2049 2696
2049 2695
2049 2694
2048 2693
2048 2692
2047 2691
2046 2690
2046 2689
2045 2688
2044 2687
2043 2686
2042 2685
2042 2684
2041 2683
2041 2682
2041 2681
2040 2680
2040 2679
2039 2678
2039 2677
2039 2676
2038 2675
2038 2674
2037 2673
2037 2672
2037 2671
2036 2670
2036 2669
2035 2668
2035 2667
2035 2666
2035 2665
2034 2665
2033 2664
2033 2663
2032 2662
2032 2661
2031 2661
2030 2660
2029 2659
2028 2659
2027 2658
2026 2657
2025 2656
2025 2655
2024 2654
2024 2653
2024 2652
2024 2651
2024 2650
2024 2649
2023 2648
2023 2647
2023 2646
2023 2645
2022 2644
2022 2643
2022 2642
2022 2641
2022 2640
2022 2639
2022 2638
2022 2637
2021 2636
2021 2635
2021 2634
2021 2633
2020 2632
2020 2631
2020 2630
2020 2629
2020 2628
2020 2627
2020 2626
2020 2625
2020 2624
2020 2623
2020 2622
2020 2621
2020 2620
2020 2619
2020 2618
2020 2617
2021 2616
2021 2615
2021 2614
2021 2613
2022 2612
2022 2611
2022 2610
2022 2609
2021 2608
2021 2607
2021 2606
2021 2605
2020 2604
2019 2603
2018 2602
2018 2601
2017 2601
2016 2600
2015 2599
2014 2598
2013 2598
2012 2598
2011 2598
2010 2597
2009 2597
2008 2596
2007 2596
2006 2596
2005 2596
2004 2595
2003 2595
2002 2595
2001 2595
2000 2595
1999 2595
1998 2595
1997 2595
1996 2594
1995 2594
1994 2594
1993 2594
1992 2593
1991 2593
