2489 341
2488 342
2487 342
2486 342
2485 342
2484 343
2483 343
2482 343
2481 343
2480 343
2479 343
2478 343
2477 343
2476 343
2475 344
2474 344
2473 344
2472 345
2471 345
2470 346
2469 346
2468 346
2467 347
2466 347
2465 348
2464 349
2463 349
2462 350
2461 350
2460 351
2459 352
2458 353
2457 353
2456 354
2455 355
2454 355
2453 356
2452 356
2451 357
2451 358
2450 359
2449 359
2448 360
2447 360
2446 361
2445 361
2444 361
2443 362
2442 363
2441 363
2441 364
2440 365
2439 365
2438 366
2437 366
2436 367
2435 367
2434 368
2433 368
2432 369
2431 369
2431 370
2430 371
2429 371
2428 372
2427 372
2426 373
2425 374
2424 375
2423 375
2422 376
2421 377
2420 377
2419 378
2418 379
2417 379
2416 380
2415 381
2414 381
2413 382
2412 383
2411 384
2410 385
2410 386
2409 387
2408 388
2407 389
2406 390
2405 391
2405 392
2404 393
2403 394
2403 395
2402 396
2402 397
2401 398
2401 399
2401 400
2401 401
2401 402
2401 403
2401 404
2400 405
2400 406
2400 407
2400 408
2399 409
2399 410
2399 411
2399 412
2399 413
2399 414
2399 415
2399 416
2399 417
2399 418
2399 419
2399 420
2398 421
2398 422
2398 423
2398 424
2397 425
2397 426
2397 427
2397 428
2397 429
2397 430
2397 431
2397 432
2396 433
2396 434
2396 435
2396 436
2395 437
2395 438
2395 439
2395 440
2395 441
2395 442
2394 443
2394 444
2394 445
2394 446
2393 447
2393 448
2393 449
2393 450
2393 451
2393 452
2393 453
2393 454
2394 455
2394 456
2395 457
2395 458
2396 459
2396 460
2397 461
2397 462
2397 463
2397 464
2398 465
2398 466
2398 467
2398 468
2399 469
2399 470
2399 471
2399 472
2400 473
2400 474
2400 475
2400 476
2401 477
2401 478
2401 479
2401 480
2401 481
2401 482
2401 483
2401 484
2401 485
2401 486
2402 487
2402 488
2402 489
2402 490
2403 491
2403 492
2404 493
2404 494
2404 495
2404 496
2405 497
2405 498
2405 499
2406 500
2407 501
2407 502
2408 503
2408 504
2409 504
2410 505
2410 506
2411 507
2411 508
2412 509
2413 509
2414 510
2415 511
2416 512
2417 513
2418 514
2419 515
2420 515
2421 516
2422 516
2423 517
2424 517
2425 518
2425 519
2426 519
2427 520
2428 520
2429 521
2430 522
2431 522
2432 523
2433 523
2434 524
2435 525
2436 525
2437 525
2438 525
2439 526
2440 526
2441 527
2442 527
2443 527
2444 528
2445 528
2446 528
2447 528
2448 528
2449 529
2450 529
2451 529
2452 529
2453 530
2454 530
2455 531
2456 531
2457 531
2458 532
2459 532
2460 532
2461 532
2462 532
2463 532
2464 532
2465 532
2466 532
2467 532
2468 532
2469 532
2470 532
2471 532
2472 532
2473 532
2474 532
2475 532
2476 532
2477 532
2478 532
2479 532
2480 532
2481 532
2482 532
2483 532
2484 532
2485 532
2486 532
2487 532
2488 532
2489 531
2490 532
2491 532
2492 532
2493 532
2494 532
2495 532
2496 532
2497 532
2498 532
2499 532
2500 532
2501 532
2502 532
2503 532
2504 532
2505 532
2506 532
2507 532
2508 532
2509 532
2510 532
2511 532
2512 532
2513 532
2514 532
2515 532
2516 532
2517 532
2518 532
2519 532
2520 531
2521 531
2522 531
2523 530
2524 530
2525 530
2526 530
2527 530
2528 530
2529 530
2530 530
2531 530
2532 530
2533 530
2534 530
2535 530
2536 530
2537 530
2538 530
2539 530
2540 530
2541 530
2542 530
2543 530
2544 529
2545 529
2546 529
2547 528
2548 528
2549 528
2550 528
2551 527
2552 527
2553 526
2554 526
2555 525
2556 524
2557 524
2558 523
2559 522
2560 522
2561 521
2562 520
2563 520
2564 519
2565 518
2566 517
2567 516
2568 516
2568 515
2569 514
2570 514
2571 513
2572 512
2573 512
2574 511
2575 511
2576 511
2576 510
2577 509
2578 509
2579 508
2580 508
2581 507
2582 507
2583 506
2584 505
2585 504
2586 503
2587 502
2588 501
2589 501
2590 500
2590 499
2591 498
2591 497
2592 496
2593 496
2593 495
2594 494
2594 493
2595 492
2596 491
2596 490
2597 489
2598 488
2598 487
2599 486
2600 485
2600 484
2601 483
2602 482
2602 481
2603 480
2604 479
2604 478
2605 477
2605 476
2605 475
2606 474
2606 473
2606 472
2606 471
2607 470
2607 469
2607 468
2607 467
2608 466
2608 465
2608 464
2608 463
2609 462
2609 461
2609 460
2609 459
2610 458
2610 457
2610 456
2610 455
2610 454
2610 453
2610 452
2610 451
2611 450
2611 449
2611 448
2612 447
2612 446
2612 445
2612 444
2612 443
2612 442
2612 441
2612 440
2612 439
2612 438
2612 437
2612 436
2612 435
2612 434
2612 433
2612 432
2612 431
2612 430
2612 429
2612 428
2612 427
2612 426
2612 425
2612 424
2612 423
2612 422
2612 421
2611 420
2611 419
2611 418
2611 417
2610 416
2610 415
2610 414
2610 413
2609 412
2609 411
2609 410
2609 409
2608 408
2608 407
2607 406
2607 405
2606 404
2606 403
2605 402
2605 401
2604 400
2604 399
2604 398
2604 397
2603 396
2603 395
2602 394
2602 393
2601 392
2601 391
2600 390
2600 389
2599 388
2599 387
2599 386
2599 385
2598 385
2597 384
2597 383
2596 382
2596 381
2595 381
2594 380
2594 379
2593 379
2592 378
2591 377
2590 377
2589 376
2588 375
2587 375
2586 374
2585 373
2584 372
2583 372
2582 371
2581 371
2580 370
2579 369
2578 369
2577 368
2576 367
2575 367
2574 366
2574 365
2573 364
2572 364
2571 363
2570 363
2569 362
2568 361
2567 361
2566 360
2566 359
2565 359
2564 358
2563 358
2562 357
2561 357
2560 356
2559 356
2558 356
2557 356
2556 355
2555 355
2554 354
2553 354
2552 353
2551 353
2550 352
2549 351
2548 351
2547 351
2546 351
2545 351
2544 350
2543 350
2542 350
2541 350
2540 349
2539 349
2538 349
2537 349
2536 349
2535 349
2534 348
2533 348
2532 348
2531 348
2530 347
2529 347
2528 346
2527 346
2526 346
2525 346
2524 345
2523 345
2522 344
2521 344
2520 344
2519 343
2518 343
2517 343
2516 343
2515 343
2514 343
2513 343
2512 343
2511 343
2510 343
2509 343
2508 342
2507 342
2506 342
2505 342
2504 341
2503 341
2502 341
2501 341
2500 341
2499 341
2498 341
2497 341
2496 341
2495 341
2494 341
2493 341
2492 341
2491 341
2490 341
2489 341
