2490 1575
2489 1576
2488 1576
2487 1576
2486 1577
2485 1577
2484 1578
2483 1578
2482 1578
2481 1578
2480 1579
2479 1579
2478 1579
2477 1579
2476 1579
2475 1579
2474 1579
2473 1580
2472 1579
2471 1579
2470 1580
2469 1580
2468 1580
2467 1580
2466 1580
2465 1580
2464 1581
2463 1581
2462 1582
2461 1582
2460 1582
2459 1583
2458 1584
2457 1585
2456 1585
2456 1586
2455 1587
2454 1588
2453 1588
2452 1589
2451 1589
2450 1590
2449 1590
2448 1591
2447 1591
2446 1592
2446 1593
2445 1594
2444 1595
2443 1595
2443 1596
2442 1597
2441 1598
2440 1599
2439 1599
2438 1600
2437 1601
2436 1601
2435 1602
2434 1603
2433 1603
2432 1604
2431 1605
2430 1606
2429 1607
2428 1607
2427 1608
2426 1609
2425 1609
2424 1610
2423 1611
2422 1612
2421 1612
2420 1612
2419 1612
2419 1613
2418 1614
2417 1614
2416 1614
2415 1614
2414 1615
2413 1615
2412 1616
2411 1616
2410 1617
2409 1617
2408 1618
2407 1619
2407 1620
2406 1621
2405 1622
2404 1623
2403 1623
2402 1624
2401 1625
2401 1626
2400 1627
2399 1628
2398 1629
2398 1630
2398 1631
2398 1632
2397 1633
2396 1633
2396 1634
2395 1635
2395 1636
2394 1637
2394 1638
2393 1639
2393 1640
2392 1641
2392 1642
2391 1643
2391 1644
2390 1645
2390 1646
2389 1647
2389 1648
2389 1649
2389 1650
2388 1651
2388 1652
2388 1653
2388 1654
2387 1655
2387 1656
2386 1657
2386 1658
2385 1659
2385 1660
2384 1661
2383 1662
2383 1663
2382 1664
2382 1665
2382 1666
2381 1667
2381 1668
2380 1669
2380 1670
2379 1671
2379 1672
2378 1673
2378 1674
2377 1675
2377 1676
2376 1677
2376 1678
2376 1679
2376 1680
2375 1681
2374 1681
2374 1682
2374 1683
2373 1684
2372 1685
2372 1686
2371 1687
2371 1688
2370 1689
2370 1690
2369 1691
2369 1692
2369 1693
2369 1694
2368 1695
2368 1696
2367 1697
2367 1698
2366 1699
2366 1700
2365 1701
2364 1702
2364 1703
2364 1704
2363 1705
2362 1705
2362 1706
2362 1707
2361 1708
2360 1709
2360 1710
2360 1711
2359 1712
2358 1713
2358 1714
2357 1715
2357 1716
2356 1717
2356 1718
2355 1719
2354 1720
2353 1721
2353 1722
2352 1723
2351 1723
2351 1724
2350 1725
2350 1726
2349 1727
2349 1728
2348 1729
2348 1730
2347 1731
2347 1732
2346 1733
2345 1734
2345 1735
2344 1736
2343 1737
2343 1738
2342 1739
2341 1739
2340 1740
2339 1741
2339 1742
2338 1743
2337 1743
2337 1744
2336 1745
2335 1746
2334 1747
2334 1748
2334 1749
2334 1750
2333 1751
2333 1752
2333 1753
2333 1754
2333 1755
2333 1756
2332 1757
2332 1758
2332 1759
2332 1760
2331 1761
2331 1762
2331 1763
2331 1764
2331 1765
2331 1766
2331 1767
2331 1768
2330 1769
2330 1770
2330 1771
2329 1772
2329 1773
2329 1774
2329 1775
2329 1776
2329 1777
2329 1778
2329 1779
2329 1780
2329 1781
2329 1782
2329 1783
2329 1784
2329 1785
2329 1786
2328 1787
2328 1788
2327 1789
2327 1790
2326 1791
2326 1792
2325 1793
2324 1793
2324 1794
2324 1795
2324 1796
2323 1797
2323 1798
2322 1799
2322 1800
2322 1801
2322 1802
2321 1803
2321 1804
2321 1805
2321 1806
2321 1807
2321 1808
2321 1809
2321 1810
2321 1811
2321 1812
2321 1813
2322 1814
2323 1815
2323 1816
2324 1817
2324 1818
2324 1819
2324 1820
2324 1821
2324 1822
2323 1823
2323 1824
2324 1825
2324 1826
2324 1827
2324 1828
2325 1828
2326 1829
2326 1830
2326 1831
2326 1832
2327 1833
2327 1834
2327 1835
2327 1836
2327 1837
2327 1838
2327 1839
2327 1840
2327 1841
2327 1842
2327 1843
2327 1844
2327 1845
2328 1846
2329 1847
2329 1848
2330 1849
2330 1850
2331 1851
2331 1852
2332 1853
2332 1854
2333 1855
2333 1856
2334 1857
2335 1858
2335 1859
2336 1860
2337 1861
2337 1862
2338 1862
2339 1863
2339 1864
2340 1865
2341 1866
2341 1867
2342 1868
2343 1869
2343 1870
2344 1870
2345 1871
2345 1872
2346 1873
2347 1874
2347 1875
2348 1876
2348 1877
2348 1878
2349 1879
2349 1880
2350 1881
2350 1882
2350 1883
2350 1884
2351 1885
2352 1886
2352 1887
2352 1888
2353 1888
2354 1889
2354 1890
2354 1891
2354 1892
2355 1893
2355 1894
2356 1895
2356 1896
2356 1897
2357 1898
2358 1899
2358 1900
2359 1901
2359 1902
2360 1903
2360 1904
2361 1905
2361 1906
2362 1907
2362 1908
2363 1909
2363 1910
2364 1911
2364 1912
2365 1912
2366 1913
2366 1914
2366 1915
2366 1916
2367 1916
2368 1917
2368 1918
2368 1919
2368 1920
2369 1920
2370 1921
2370 1922
2371 1923
2371 1924
2372 1925
2373 1926
2374 1926
2375 1927
2376 1927
2377 1928
2377 1929
2378 1929
2379 1930
2380 1930
2381 1931
2382 1932
2383 1932
2384 1933
2385 1934
2386 1934
2387 1935
2388 1936
2388 1937
2389 1938
2390 1939
2391 1940
2392 1940
2393 1941
2394 1942
2395 1942
2396 1943
2397 1943
2398 1944
2399 1944
2400 1945
2401 1946
2402 1946
2403 1947
2403 1948
2404 1949
2405 1950
2406 1950
2407 1951
2408 1951
2409 1952
2409 1953
2410 1953
2411 1954
2412 1954
2413 1955
2414 1956
2414 1957
2415 1958
2416 1958
2417 1959
2417 1960
2418 1960
2419 1961
2420 1962
2421 1962
2422 1963
2423 1964
2424 1965
2425 1966
2426 1966
2427 1967
2427 1968
2428 1969
2429 1970
2430 1970
2431 1971
2432 1971
2433 1972
2434 1972
2435 1973
2436 1973
2437 1973
2438 1973
2439 1974
2440 1974
2441 1974
2442 1974
2443 1975
2444 1975
2445 1975
2446 1976
2447 1976
2448 1977
2449 1977
2450 1978
2451 1978
2452 1978
2453 1978
2454 1978
2455 1978
2456 1978
2457 1978
2458 1978
2459 1979
2460 1979
2461 1979
2462 1979
2463 1980
2464 1980
2465 1980
2466 1980
2467 1980
2468 1980
2469 1980
2470 1980
2471 1981
2472 1981
2473 1981
2474 1981
2475 1982
2476 1982
2477 1982
2478 1982
2479 1982
2480 1983
2481 1983
2482 1983
2483 1984
2484 1984
2485 1984
2486 1984
2487 1984
2488 1984
2489 1984
2490 1984
2491 1984
2492 1984
2493 1984
2494 1984
2495 1984
2496 1984
2497 1984
2498 1984
2499 1984
2500 1984
2501 1984
2502 1984
2503 1984
2504 1984
2505 1984
2506 1984
2507 1983
2508 1983
2509 1983
2510 1983
2511 1982
2512 1982
2513 1981
2514 1981
2515 1980
2516 1980
2517 1979
2518 1979
2518 1978
2519 1977
2520 1976
2521 1976
2521 1975
2522 1974
2523 1973
2523 1972
2524 1971
2525 1971
2526 1970
2527 1969
2528 1969
2528 1968
2529 1967
2530 1967
2531 1966
2531 1965
2532 1964
2532 1963
2533 1962
2533 1961
2534 1960
2534 1959
2535 1958
2536 1957
2536 1956
2536 1955
2536 1954
2536 1953
2536 1952
2536 1951
2536 1950
2536 1949
2537 1948
2537 1947
2537 1946
2537 1945
2538 1944
2538 1943
2538 1942
2538 1941
2538 1940
2538 1939
2538 1938
2538 1937
2539 1936
2539 1935
2539 1934
2539 1933
2540 1932
2540 1931
2540 1930
2540 1929
2540 1928
2540 1927
2541 1926
2541 1925
2541 1924
2541 1923
2542 1922
2543 1921
2543 1920
2544 1919
2544 1918
2545 1917
2545 1916
2545 1915
2546 1914
2546 1913
2546 1912
2546 1911
2547 1910
2548 1909
2548 1908
2549 1907
2550 1906
2550 1905
2550 1904
2550 1903
2550 1902
2550 1901
2551 1900
2551 1899
2551 1898
2551 1897
2552 1896
2552 1895
2553 1894
2553 1893
2553 1892
2553 1891
2554 1890
2554 1889
2554 1888
2554 1887
2554 1886
2554 1885
2555 1884
2555 1883
2555 1882
2555 1881
2556 1880
2556 1879
2556 1878
2556 1877
2556 1876
2556 1875
2556 1874
2556 1873
2556 1872
2556 1871
2556 1870
2556 1869
2556 1868
2556 1867
2556 1866
2556 1865
2557 1864
2557 1863
2557 1862
2557 1861
2558 1860
2558 1859
2558 1858
2558 1857
2558 1856
2558 1855
2558 1854
2558 1853
2559 1852
2559 1851
2559 1850
2559 1849
2560 1848
2560 1847
2560 1846
2559 1845
2559 1844
2559 1843
2559 1842
2559 1841
2559 1840
2559 1839
2560 1838
2560 1837
2560 1836
2560 1835
2560 1834
2560 1833
2560 1832
2560 1831
2560 1830
2560 1829
2560 1828
2560 1827
2560 1826
2560 1825
2561 1824
2561 1823
2561 1822
2562 1821
2562 1820
2562 1819
2562 1818
2562 1817
2562 1816
2562 1815
2562 1814
2562 1813
2562 1812
2562 1811
2562 1810
2562 1809
2562 1808
2562 1807
2562 1806
2562 1805
2562 1804
2562 1803
2562 1802
2562 1801
2562 1800
2562 1799
2562 1798
2562 1797
2562 1796
2562 1795
2562 1794
2562 1793
2562 1792
2562 1791
2562 1790
2562 1789
2562 1788
2562 1787
2563 1786
2563 1785
2563 1784
2563 1783
2563 1782
2563 1781
2563 1780
2563 1779
2562 1778
2562 1777
2562 1776
2562 1775
2562 1774
2562 1773
2562 1772
2562 1771
2562 1770
2562 1769
2562 1768
2562 1767
2562 1766
2562 1765
2562 1764
2562 1763
2562 1762
2562 1761
2562 1760
2562 1759
2562 1758
2562 1757
2562 1756
2562 1755
2562 1754
2562 1753
2562 1752
2562 1751
2562 1750
2562 1749
2562 1748
2562 1747
2562 1746
2561 1745
2561 1744
2561 1743
2560 1742
2560 1741
2560 1740
2560 1739
2560 1738
2560 1737
2560 1736
2560 1735
2560 1734
2560 1733
2560 1732
2560 1731
2560 1730
2560 1729
2560 1728
2560 1727
2560 1726
2560 1725
2560 1724
2560 1723
2559 1722
2558 1721
2558 1720
2557 1719
2556 1718
2556 1717
2556 1716
2556 1715
2556 1714
2556 1713
2557 1712
2557 1711
2557 1710
2557 1709
2558 1708
2558 1707
2558 1706
2558 1705
2558 1704
2558 1703
2557 1702
2557 1701
2557 1700
2557 1699
2556 1698
2556 1697
2556 1696
2556 1695
2556 1694
2555 1693
2554 1692
2554 1691
2554 1690
2554 1689
2554 1688
2554 1687
2555 1686
2555 1685
2556 1684
2556 1683
2556 1682
2556 1681
2556 1680
2556 1679
2556 1678
2556 1677
2556 1676
2556 1675
2556 1674
2556 1673
2555 1672
2555 1671
2555 1670
2555 1669
2554 1668
2554 1667
2555 1666
2555 1665
2555 1664
2555 1663
2556 1662
2556 1661
2556 1660
2556 1659
2555 1658
2555 1657
2555 1656
2555 1655
2554 1654
2554 1653
2554 1652
2554 1651
2554 1650
2554 1649
2554 1648
2554 1647
2554 1646
2554 1645
2554 1644
2554 1643
2554 1642
2554 1641
2554 1640
2554 1639
2554 1638
2554 1637
2554 1636
2554 1635
2554 1634
2554 1633
2554 1632
2554 1631
2554 1630
2554 1629
2554 1628
2554 1627
2554 1626
2553 1625
2553 1624
2553 1623
2552 1622
2552 1621
2552 1620
2552 1619
2552 1618
2552 1617
2552 1616
2552 1615
2552 1614
2552 1613
2552 1612
2552 1611
2552 1610
2552 1609
2552 1608
2552 1607
2551 1606
2551 1605
2550 1604
2549 1603
2548 1603
2547 1602
2546 1601
2545 1600
2545 1599
2544 1598
2544 1597
2544 1596
2543 1595
2542 1594
2541 1594
2540 1594
2539 1594
2538 1594
2537 1594
2536 1594
2535 1594
2534 1593
2533 1592
2532 1591
2531 1590
2531 1589
2530 1588
2530 1587
2529 1586
2529 1585
2528 1584
2528 1583
2527 1583
2526 1582
2525 1581
2524 1581
2523 1581
2522 1580
2521 1580
2520 1580
2519 1580
2518 1579
2517 1579
2516 1578
2515 1578
2514 1578
2513 1578
2512 1577
2512 1576
2511 1576
2510 1576
2509 1575
2508 1575
2507 1575
2506 1575
2505 1575
2504 1575
2503 1575
2502 1575
2501 1575
2500 1575
2499 1575
2498 1575
2497 1575
2496 1575
2495 1575
2494 1575
2493 1575
2492 1575
2491 1575
2490 1575
