3176 1123
3175 1124
3174 1124
3173 1124
3172 1124
3171 1125
3170 1125
3169 1125
3168 1125
3167 1125
3166 1125
3165 1125
3164 1125
3163 1126
3162 1126
3161 1127
3160 1127
3159 1128
3158 1128
3157 1129
3156 1129
3155 1129
3154 1129
3153 1130
3152 1130
3151 1131
3150 1131
3149 1132
3148 1133
3147 1133
3146 1134
3145 1135
3145 1136
3144 1137
3144 1138
3144 1139
3144 1140
3144 1141
3144 1142
3143 1143
3143 1144
3142 1145
3141 1146
3140 1147
3139 1147
3138 1148
3137 1148
3136 1149
3135 1149
3134 1150
3133 1151
3132 1151
3132 1152
3131 1153
3130 1154
3129 1154
3128 1155
3127 1156
3126 1157
3126 1158
3125 1159
3124 1160
3123 1161
3123 1162
3123 1163
3122 1164
3121 1165
3121 1166
3121 1167
3121 1168
3120 1169
3120 1170
3119 1171
3119 1172
3119 1173
3119 1174
3118 1175
3118 1176
3117 1177
3117 1178
3117 1179
3117 1180
3116 1181
3116 1182
3116 1183
3116 1184
3116 1185
3116 1186
3116 1187
3116 1188
3115 1189
3115 1190
3115 1191
3115 1192
3114 1193
3113 1193
3113 1194
3113 1195
3112 1196
3112 1197
3111 1198
3110 1199
3109 1200
3109 1201
3108 1202
3107 1203
3107 1204
3106 1205
3105 1206
3104 1207
3103 1208
3102 1209
3101 1210
3100 1211
3099 1212
3099 1213
3098 1214
3097 1215
3097 1216
3096 1217
3096 1218
3095 1219
3095 1220
3095 1221
3095 1222
3094 1223
3094 1224
3093 1225
3093 1226
3093 1227
3092 1228
3091 1229
3091 1230
3091 1231
3091 1232
3090 1233
3089 1233
3089 1234
3088 1235
3088 1236
3087 1237
3086 1238
3086 1239
3085 1240
3085 1241
3085 1242
3084 1243
3084 1244
3083 1245
3083 1246
3083 1247
3083 1248
3082 1249
3081 1249
3081 1250
3081 1251
3081 1252
3080 1253
3080 1254
3079 1255
3079 1256
3079 1257
3079 1258
3078 1259
3077 1259
3077 1260
3077 1261
3077 1262
3076 1263
3076 1264
3076 1265
3076 1266
3076 1267
3076 1268
3076 1269
3076 1270
3076 1271
3076 1272
3076 1273
3076 1274
3076 1275
3076 1276
3076 1277
3076 1278
3076 1279
3076 1280
3076 1281
3076 1282
3076 1283
3076 1284
3076 1285
3076 1286
3076 1287
3076 1288
3076 1289
3076 1290
3076 1291
3076 1292
3075 1293
3075 1294
3075 1295
3075 1296
3074 1297
3073 1297
3073 1298
3073 1299
3073 1300
3072 1301
3072 1302
3072 1303
3072 1304
3072 1305
3072 1306
3072 1307
3072 1308
3072 1309
3072 1310
3072 1311
3072 1312
3072 1313
3072 1314
3072 1315
3072 1316
3072 1317
3072 1318
3072 1319
3072 1320
3071 1321
3071 1322
3071 1323
3071 1324
3070 1325
3070 1326
3070 1327
3070 1328
3070 1329
3070 1330
3070 1331
3070 1332
3070 1333
3070 1334
3070 1335
3070 1336
3070 1337
3070 1338
3070 1339
3070 1340
3070 1341
3070 1342
3070 1343
3070 1344
3070 1345
3070 1346
3070 1347
3070 1348
3070 1349
3070 1350
3070 1351
3070 1352
3070 1353
3070 1354
3070 1355
3070 1356
3070 1357
3070 1358
3070 1359
3070 1360
3070 1361
3070 1362
3070 1363
3070 1364
3070 1365
3070 1366
3070 1367
3070 1368
3070 1369
3070 1370
3070 1371
3070 1372
3070 1373
3070 1374
3070 1375
3070 1376
3070 1377
3070 1378
3070 1379
3070 1380
3069 1381
3069 1382
3068 1383
3068 1384
3067 1385
3066 1386
3065 1387
3064 1388
3064 1389
3064 1390
3064 1391
3064 1392
3063 1393
3063 1394
3063 1395
3063 1396
3062 1397
3062 1398
3062 1399
3062 1400
3062 1401
3062 1402
3062 1403
3062 1404
3062 1405
3062 1406
3062 1407
3062 1408
3062 1409
3062 1410
3061 1411
3061 1412
3060 1413
3060 1414
3059 1415
3059 1416
3058 1417
3057 1417
3057 1418
3057 1419
3057 1420
3056 1421
3055 1421
3055 1422
3055 1423
3055 1424
3054 1425
3054 1426
3053 1427
3053 1428
3053 1429
3053 1430
3052 1431
3052 1432
3052 1433
3052 1434
3052 1435
3052 1436
3052 1437
3052 1438
3052 1439
3052 1440
3052 1441
3052 1442
3052 1443
3052 1444
3052 1445
3052 1446
3051 1447
3051 1448
3051 1449
3051 1450
3050 1451
3050 1452
3051 1453
3051 1454
3052 1455
3053 1456
3053 1457
3053 1458
3054 1459
3054 1460
3055 1461
3055 1462
3055 1463
3055 1464
3056 1465
3056 1466
3056 1467
3056 1468
3056 1469
3056 1470
3056 1471
3056 1472
3056 1473
3056 1474
3056 1475
3056 1476
3056 1477
3056 1478
3056 1479
3056 1480
3056 1481
3056 1482
3056 1483
3056 1484
3056 1485
3056 1486
3056 1487
3056 1488
3056 1489
3056 1490
3056 1491
3056 1492
3056 1493
3056 1494
3056 1495
3056 1496
3057 1497
3057 1498
3057 1499
3057 1500
3058 1501
3058 1502
3058 1503
3058 1504
3059 1505
3059 1506
3059 1507
3059 1508
3060 1509
3060 1510
3060 1511
3060 1512
3060 1513
3060 1514
3060 1515
3060 1516
3060 1517
3060 1518
3060 1519
3060 1520
3060 1521
3060 1522
3060 1523
3060 1524
3060 1525
3060 1526
3060 1527
3060 1528
3060 1529
3060 1530
3060 1531
3060 1532
3060 1533
3060 1534
3060 1535
3060 1536
3060 1537
3060 1538
3060 1539
3060 1540
3061 1541
3061 1542
3061 1543
3061 1544
3062 1545
3062 1546
3062 1547
3062 1548
3062 1549
3062 1550
3062 1551
3062 1552
3062 1553
3062 1554
3062 1555
3062 1556
3062 1557
3062 1558
3061 1559
3061 1560
3061 1561
3061 1562
3060 1563
3060 1564
3059 1565
3059 1566
3059 1567
3059 1568
3058 1569
3058 1570
3058 1571
3058 1572
3058 1573
3058 1574
3057 1575
3057 1576
3057 1577
3057 1578
3056 1579
3056 1580
3055 1581
3055 1582
3055 1583
3055 1584
3054 1585
3054 1586
3054 1587
3055 1588
3055 1589
3056 1590
3056 1591
3056 1592
3056 1593
3056 1594
3056 1595
3056 1596
3056 1597
3056 1598
3056 1599
3056 1600
3056 1601
3056 1602
3056 1603
3056 1604
3056 1605
3056 1606
3056 1607
3056 1608
3056 1609
3056 1610
3056 1611
3056 1612
3056 1613
3056 1614
3056 1615
3055 1616
3055 1617
3055 1618
3054 1619
3054 1620
3054 1621
3054 1622
3054 1623
3054 1624
3054 1625
3054 1626
3054 1627
3054 1628
3054 1629
3054 1630
3054 1631
3054 1632
3054 1633
3054 1634
3054 1635
3054 1636
3054 1637
3054 1638
3054 1639
3054 1640
3054 1641
3054 1642
3054 1643
3054 1644
3054 1645
3054 1646
3053 1647
3053 1648
3053 1649
3052 1650
3051 1651
3051 1652
3050 1653
3049 1654
3049 1655
3049 1656
3048 1657
3048 1658
3048 1659
3048 1660
3048 1661
3048 1662
3048 1663
3048 1664
3048 1665
3048 1666
3048 1667
3048 1668
3048 1669
3048 1670
3048 1671
3047 1672
3047 1673
3047 1674
3046 1675
3046 1676
3045 1677
3045 1678
3045 1679
3045 1680
3044 1681
3044 1682
3044 1683
3044 1684
3044 1685
3044 1686
3044 1687
3044 1688
3044 1689
3044 1690
3044 1691
3044 1692
3044 1693
3044 1694
3044 1695
3044 1696
3044 1697
3044 1698
3044 1699
3044 1700
3044 1701
3044 1702
3044 1703
3044 1704
3044 1705
3044 1706
3044 1707
3044 1708
3044 1709
3044 1710
3044 1711
3044 1712
3044 1713
3044 1714
3043 1715
3043 1716
3043 1717
3043 1718
3042 1719
3042 1720
3042 1721
3042 1722
3042 1723
3042 1724
3041 1725
3041 1726
3041 1727
3041 1728
3040 1729
3040 1730
3040 1731
3040 1732
3040 1733
3040 1734
3040 1735
3040 1736
3040 1737
3040 1738
3039 1739
3039 1740
3039 1741
3039 1742
3038 1743
3038 1744
3037 1745
3037 1746
3037 1747
3037 1748
3036 1749
3036 1750
3036 1751
3036 1752
3037 1753
3037 1754
3037 1755
3037 1756
3038 1757
3038 1758
3038 1759
3038 1760
3038 1761
3038 1762
3038 1763
3038 1764
3038 1765
3038 1766
3039 1767
3039 1768
3039 1769
3040 1770
3040 1771
3040 1772
3040 1773
3040 1774
3040 1775
3040 1776
3040 1777
3040 1778
3040 1779
3040 1780
3040 1781
3040 1782
3040 1783
3040 1784
3040 1785
3040 1786
3039 1787
3039 1788
3039 1789
3039 1790
3038 1791
3038 1792
3038 1793
3038 1794
3038 1795
3038 1796
3038 1797
3038 1798
3038 1799
3038 1800
3038 1801
3038 1802
3038 1803
3038 1804
3038 1805
3038 1806
3038 1807
3038 1808
3038 1809
3038 1810
3038 1811
3038 1812
3038 1813
3038 1814
3037 1815
3037 1816
3037 1817
3037 1818
3036 1819
3036 1820
3037 1821
3037 1822
3037 1823
3037 1824
3038 1825
3038 1826
3039 1827
3039 1828
3039 1829
3039 1830
3040 1831
3040 1832
3040 1833
3040 1834
3040 1835
3040 1836
3040 1837
3040 1838
3040 1839
3040 1840
3041 1841
3041 1842
3041 1843
3041 1844
3042 1845
3042 1846
3042 1847
3042 1848
3042 1849
3042 1850
3042 1851
3042 1852
3042 1853
3042 1854
3042 1855
3042 1856
3042 1857
3042 1858
3042 1859
3042 1860
3042 1861
3042 1862
3042 1863
3042 1864
3042 1865
3042 1866
3042 1867
3042 1868
3042 1869
3042 1870
3042 1871
3042 1872
3043 1873
3043 1874
3043 1875
3043 1876
3044 1877
3044 1878
3044 1879
3044 1880
3044 1881
3044 1882
3044 1883
3044 1884
3044 1885
3044 1886
3044 1887
3045 1888
3045 1889
3045 1890
3046 1891
3046 1892
3046 1893
3046 1894
3046 1895
3046 1896
3046 1897
3046 1898
3046 1899
3046 1900
3047 1901
3047 1902
3047 1903
3047 1904
3048 1905
3048 1906
3048 1907
3048 1908
3048 1909
3048 1910
3048 1911
3048 1912
3048 1913
3048 1914
3048 1915
3048 1916
3048 1917
3048 1918
3048 1919
3048 1920
3048 1921
3048 1922
3048 1923
3048 1924
3048 1925
3048 1926
3048 1927
3048 1928
3048 1929
3048 1930
3048 1931
3048 1932
3048 1933
3048 1934
3049 1935
3049 1936
3049 1937
3049 1938
3049 1939
3049 1940
3049 1941
3048 1942
3048 1943
3048 1944
3048 1945
3048 1946
3047 1947
3047 1948
3047 1949
3047 1950
3046 1951
3046 1952
3046 1953
3046 1954
3046 1955
3046 1956
3046 1957
3046 1958
3046 1959
3046 1960
3046 1961
3046 1962
3046 1963
3046 1964
3046 1965
3046 1966
3046 1967
3046 1968
3046 1969
3046 1970
3047 1971
3047 1972
3047 1973
3047 1974
3048 1975
3048 1976
3048 1977
3048 1978
3048 1979
3048 1980
3048 1981
3048 1982
3048 1983
3048 1984
3047 1985
3047 1986
3047 1987
3047 1988
3046 1989
3046 1990
3046 1991
3046 1992
3047 1993
3047 1994
3047 1995
3047 1996
3048 1997
3048 1998
3048 1999
3048 2000
3048 2001
3048 2002
3048 2003
3048 2004
3048 2005
3048 2006
3048 2007
3048 2008
3048 2009
3048 2010
3048 2011
3048 2012
3048 2013
3048 2014
3048 2015
3048 2016
3048 2017
3048 2018
3048 2019
3048 2020
3048 2021
3048 2022
3049 2023
3049 2024
3049 2025
3050 2026
3050 2027
3051 2028
3052 2029
3052 2030
3053 2031
3053 2032
3054 2033
3054 2034
3054 2035
3054 2036
3054 2037
3054 2038
3054 2039
3054 2040
3054 2041
3054 2042
3054 2043
3054 2044
3054 2045
3054 2046
3054 2047
3054 2048
3054 2049
3054 2050
3053 2051
3053 2052
3053 2053
3052 2054
3051 2055
3051 2056
3051 2057
3051 2058
3050 2059
3050 2060
3049 2061
3049 2062
3049 2063
3049 2064
3048 2065
3048 2066
3048 2067
3048 2068
3048 2069
3048 2070
3048 2071
3048 2072
3048 2073
3048 2074
3048 2075
3048 2076
3048 2077
3048 2078
3048 2079
3048 2080
3048 2081
3048 2082
3048 2083
3048 2084
3047 2085
3047 2086
3047 2087
3047 2088
3046 2089
3046 2090
3046 2091
3046 2092
3045 2093
3045 2094
3045 2095
3045 2096
3044 2097
3044 2098
3044 2099
3044 2100
3045 2101
3045 2102
3045 2103
3045 2104
3046 2105
3046 2106
3046 2107
3046 2108
3046 2109
3046 2110
3046 2111
3046 2112
3046 2113
3046 2114
3046 2115
3045 2116
3045 2117
3044 2118
3044 2119
3044 2120
3045 2121
3045 2122
3045 2123
3045 2124
3046 2125
3046 2126
3046 2127
3046 2128
3046 2129
3046 2130
3046 2131
3046 2132
3046 2133
3046 2134
3046 2135
3046 2136
3046 2137
3046 2138
3047 2139
3047 2140
3047 2141
3047 2142
3048 2143
3048 2144
3048 2145
3048 2146
3048 2147
3048 2148
3048 2149
3048 2150
3048 2151
3048 2152
3048 2153
3048 2154
3048 2155
3048 2156
3048 2157
3048 2158
3048 2159
3048 2160
3048 2161
3048 2162
3048 2163
3048 2164
3048 2165
3048 2166
3048 2167
3048 2168
3048 2169
3048 2170
3048 2171
3048 2172
3049 2173
3049 2174
3049 2175
3049 2176
3050 2177
3050 2178
3050 2179
3050 2180
3050 2181
3050 2182
3050 2183
3050 2184
3050 2185
3050 2186
3050 2187
3050 2188
3049 2189
3049 2190
3049 2191
3049 2192
3048 2193
3048 2194
3048 2195
3048 2196
3048 2197
3048 2198
3048 2199
3048 2200
3048 2201
3048 2202
3049 2203
3049 2204
3049 2205
3049 2206
3050 2207
3050 2208
3050 2209
3050 2210
3050 2211
3050 2212
3050 2213
3050 2214
3050 2215
3050 2216
3051 2217
3051 2218
3051 2219
3051 2220
3052 2221
3052 2222
3052 2223
3052 2224
3052 2225
3052 2226
3053 2227
3053 2228
3054 2229
3054 2230
3055 2231
3055 2232
3056 2233
3056 2234
3057 2235
3057 2236
3057 2237
3058 2238
3058 2239
3059 2240
3059 2241
3059 2242
3060 2243
3061 2244
3061 2245
3061 2246
3062 2247
3062 2248
3062 2249
3062 2250
3062 2251
3062 2252
3062 2253
3062 2254
3062 2255
3062 2256
3062 2257
3062 2258
3062 2259
3062 2260
3062 2261
3062 2262
3062 2263
3062 2264
3062 2265
3062 2266
3062 2267
3062 2268
3063 2269
3063 2270
3063 2271
3063 2272
3064 2273
3064 2274
3065 2275
3065 2276
3065 2277
3066 2278
3066 2279
3067 2280
3067 2281
3067 2282
3068 2283
3068 2284
3069 2285
3069 2286
3069 2287
3069 2288
3070 2289
3070 2290
3070 2291
3070 2292
3070 2293
3070 2294
3070 2295
3070 2296
3070 2297
3070 2298
3070 2299
3070 2300
3070 2301
3070 2302
3070 2303
3070 2304
3070 2305
3070 2306
3070 2307
3070 2308
3070 2309
3070 2310
3070 2311
3070 2312
3070 2313
3070 2314
3070 2315
3070 2316
3070 2317
3070 2318
3070 2319
3070 2320
3070 2321
3070 2322
3070 2323
3070 2324
3070 2325
3070 2326
3070 2327
3070 2328
3070 2329
3070 2330
3070 2331
3070 2332
3070 2333
3070 2334
3070 2335
3070 2336
3070 2337
3070 2338
3070 2339
3070 2340
3069 2341
3069 2342
3068 2343
3068 2344
3067 2345
3066 2346
3066 2347
3066 2348
3066 2349
3066 2350
3066 2351
3066 2352
3066 2353
3066 2354
3066 2355
3066 2356
3066 2357
3066 2358
3066 2359
3066 2360
3066 2361
3066 2362
3066 2363
3066 2364
3065 2365
3065 2366
3065 2367
3065 2368
3064 2369
3064 2370
3064 2371
3064 2372
3064 2373
3064 2374
3064 2375
3064 2376
3065 2377
3065 2378
3065 2379
3065 2380
3066 2381
3066 2382
3066 2383
3066 2384
3067 2385
3067 2386
3067 2387
3067 2388
3068 2389
3068 2390
3068 2391
3068 2392
3069 2393
3069 2394
3069 2395
3069 2396
3070 2397
3070 2398
3070 2399
3070 2400
3070 2401
3070 2402
3070 2403
3070 2404
3071 2405
3071 2406
3071 2407
3071 2408
3072 2409
3072 2410
3072 2411
3072 2412
3072 2413
3072 2414
3073 2415
3073 2416
3073 2417
3073 2418
3074 2419
3074 2420
3074 2421
3074 2422
3074 2423
3074 2424
3074 2425
3074 2426
3074 2427
3074 2428
3074 2429
3074 2430
3074 2431
3074 2432
3074 2433
3074 2434
3075 2435
3075 2436
3075 2437
3075 2438
3076 2439
3076 2440
3077 2441
3077 2442
3078 2443
3078 2444
3079 2445
3079 2446
3080 2447
3080 2448
3081 2449
3081 2450
3081 2451
3082 2452
3083 2453
3083 2454
3084 2455
3084 2456
3085 2457
3085 2458
3085 2459
3085 2460
3086 2461
3086 2462
3087 2463
3087 2464
3087 2465
3087 2466
3088 2467
3088 2468
3088 2469
3088 2470
3088 2471
3088 2472
3089 2473
3089 2474
3089 2475
3089 2476
3090 2477
3090 2478
3090 2479
3090 2480
3090 2481
3090 2482
3090 2483
3090 2484
3090 2485
3090 2486
3090 2487
3090 2488
3091 2489
3091 2490
3091 2491
3091 2492
3092 2493
3092 2494
3093 2495
3093 2496
3093 2497
3093 2498
3094 2499
3094 2500
3095 2501
3095 2502
3095 2503
3095 2504
3096 2505
3096 2506
3096 2507
3096 2508
3096 2509
3096 2510
3096 2511
3096 2512
3097 2513
3097 2514
3098 2515
3099 2516
3100 2517
3100 2518
3101 2518
3102 2519
3102 2520
3103 2521
3103 2522
3104 2523
3104 2524
3105 2525
3105 2526
3105 2527
3105 2528
3106 2529
3106 2530
3106 2531
3106 2532
3106 2533
3106 2534
3106 2535
3107 2536
3108 2537
3109 2538
3110 2538
3111 2538
3112 2538
3113 2538
3114 2538
3115 2538
3116 2537
3117 2537
3118 2537
3119 2537
3120 2536
3121 2536
3122 2536
3123 2536
3124 2536
3125 2536
3126 2537
3127 2537
3128 2537
3129 2538
3130 2538
3131 2538
3132 2538
3133 2538
3134 2538
3135 2538
3136 2538
3137 2539
3138 2539
3139 2539
3140 2540
3141 2540
3142 2541
3143 2541
3144 2541
3145 2541
3146 2542
3147 2542
3148 2541
3149 2541
3150 2541
3151 2541
3152 2540
3153 2539
3154 2539
3155 2539
3156 2538
3157 2538
3158 2537
3159 2537
3160 2537
3161 2537
3162 2536
3163 2536
3164 2536
3165 2536
3166 2535
3167 2535
3168 2534
3169 2534
3170 2533
3171 2533
3172 2532
3173 2532
3174 2532
3175 2532
3176 2532
3177 2532
3178 2532
3179 2532
3180 2532
3181 2532
3182 2532
3183 2532
3184 2532
3185 2532
3186 2532
3187 2532
3188 2532
3189 2532
3190 2532
3191 2532
3192 2531
3193 2531
3194 2531
3195 2531
3196 2530
3197 2530
3198 2530
3199 2530
3200 2529
3201 2529
3202 2528
3203 2527
3204 2526
3205 2526
3205 2525
3206 2524
3207 2523
3208 2523
3209 2522
3210 2522
3211 2521
3212 2520
3213 2520
3214 2519
3215 2518
3215 2517
3216 2516
3217 2515
3218 2514
3218 2513
3219 2512
3220 2511
3220 2510
3221 2509
3221 2508
3222 2507
3223 2506
3224 2505
3224 2504
3225 2503
3226 2503
3227 2502
3227 2501
3228 2500
3229 2499
3230 2498
3230 2497
3231 2496
3231 2495
3232 2494
3232 2493
3233 2492
3234 2491
3235 2490
3236 2489
3237 2488
3238 2487
3239 2487
3240 2486
3241 2485
3241 2484
3241 2483
3241 2482
3241 2481
3242 2480
3242 2479
3243 2478
3243 2477
3244 2476
3245 2476
3245 2475
3246 2474
3246 2473
3247 2472
3248 2472
3248 2471
3249 2470
3250 2469
3251 2468
3251 2467
3252 2466
3253 2466
3253 2465
3254 2464
3255 2463
3256 2463
3257 2462
3257 2461
3258 2460
3259 2459
3260 2458
3260 2457
3261 2456
3261 2455
3262 2454
3263 2453
3264 2453
3265 2452
3266 2451
3267 2450
3268 2449
3269 2448
3270 2447
3271 2446
3271 2445
3272 2444
3272 2443
3273 2442
3273 2441
3273 2440
3273 2439
3274 2438
3274 2437
3274 2436
3274 2435
3275 2434
3275 2433
3275 2432
3275 2431
3275 2430
3275 2429
3275 2428
3275 2427
3275 2426
3275 2425
3274 2424
3274 2423
3274 2422
3274 2421
3273 2420
3273 2419
3273 2418
3273 2417
3273 2416
3273 2415
3273 2414
3273 2413
3273 2412
3273 2411
3273 2410
3273 2409
3273 2408
3273 2407
3272 2406
3272 2405
3272 2404
3272 2403
3271 2402
3271 2401
3271 2400
3271 2399
3271 2398
3271 2397
3271 2396
3271 2395
3272 2394
3272 2393
3272 2392
3272 2391
3273 2390
3273 2389
3273 2388
3273 2387
3273 2386
3273 2385
3274 2384
3274 2383
3275 2382
3275 2381
3276 2380
3276 2379
3277 2378
3277 2377
3277 2376
3277 2375
3277 2374
3277 2373
3277 2372
3277 2371
3277 2370
3277 2369
3278 2368
3278 2367
3278 2366
3278 2365
3279 2364
3279 2363
3280 2362
3280 2361
3280 2360
3280 2359
3281 2358
3281 2357
3281 2356
3281 2355
3281 2354
3281 2353
3281 2352
3281 2351
3281 2350
3281 2349
3281 2348
3281 2347
3280 2346
3280 2345
3280 2344
3280 2343
3279 2342
3279 2341
3279 2340
3279 2339
3279 2338
3279 2337
3279 2336
3279 2335
3279 2334
3279 2333
3279 2332
3279 2331
3279 2330
3279 2329
3279 2328
3279 2327
3279 2326
3279 2325
3279 2324
3279 2323
3279 2322
3279 2321
3279 2320
3279 2319
3279 2318
3279 2317
3279 2316
3279 2315
3280 2314
3280 2313
3280 2312
3280 2311
3281 2310
3281 2309
3281 2308
3281 2307
3281 2306
3281 2305
3281 2304
3281 2303
3281 2302
3281 2301
3281 2300
3281 2299
3281 2298
3281 2297
3282 2296
3282 2295
3282 2294
3282 2293
3283 2292
3283 2291
3283 2290
3283 2289
3283 2288
3283 2287
3283 2286
3283 2285
3283 2284
3283 2283
3283 2282
3283 2281
3283 2280
3283 2279
3283 2278
3283 2277
3283 2276
3283 2275
3284 2274
3284 2273
3284 2272
3285 2271
3285 2270
3285 2269
3285 2268
3285 2267
3285 2266
3285 2265
3285 2264
3285 2263
3286 2262
3286 2261
3286 2260
3286 2259
3287 2258
3287 2257
3287 2256
3287 2255
3287 2254
3287 2253
3287 2252
3287 2251
3287 2250
3286 2249
3286 2248
3286 2247
3285 2246
3285 2245
3285 2244
3285 2243
3285 2242
3285 2241
3285 2240
3285 2239
3284 2238
3284 2237
3284 2236
3284 2235
3283 2234
3283 2233
3283 2232
3283 2231
3283 2230
3283 2229
3282 2228
3282 2227
3282 2226
3282 2225
3281 2225
3280 2224
3280 2223
3280 2222
3280 2221
3279 2220
3279 2219
3280 2218
3280 2217
3280 2216
3281 2215
3282 2214
3282 2213
3282 2212
3282 2211
3283 2210
3283 2209
3284 2208
3284 2207
3284 2206
3284 2205
3285 2204
3285 2203
3286 2202
3286 2201
3286 2200
3286 2199
3287 2198
3287 2197
3287 2196
3287 2195
3288 2194
3288 2193
3288 2192
3288 2191
3289 2190
3289 2189
3289 2188
3289 2187
3289 2186
3289 2185
3289 2184
3289 2183
3289 2182
3289 2181
3289 2180
3289 2179
3289 2178
3289 2177
3289 2176
3289 2175
3289 2174
3289 2173
3289 2172
3289 2171
3289 2170
3289 2169
3289 2168
3289 2167
3289 2166
3289 2165
3288 2164
3288 2163
3288 2162
3288 2161
3287 2160
3287 2159
3287 2158
3287 2157
3287 2156
3287 2155
3287 2154
3287 2153
3287 2152
3287 2151
3287 2150
3287 2149
3287 2148
3287 2147
3287 2146
3287 2145
3287 2144
3287 2143
3287 2142
3287 2141
3287 2140
3287 2139
3287 2138
3287 2137
3287 2136
3287 2135
3287 2134
3287 2133
3287 2132
3287 2131
3287 2130
3287 2129
3287 2128
3287 2127
3287 2126
3287 2125
3287 2124
3287 2123
3287 2122
3287 2121
3287 2120
3287 2119
3287 2118
3287 2117
3288 2116
3288 2115
3288 2114
3288 2113
3289 2112
3289 2111
3289 2110
3289 2109
3289 2108
3289 2107
3289 2106
3289 2105
3289 2104
3289 2103
3289 2102
3289 2101
3289 2100
3289 2099
3289 2098
3289 2097
3288 2096
3288 2095
3288 2094
3288 2093
3287 2092
3287 2091
3287 2090
3287 2089
3287 2088
3287 2087
3286 2086
3286 2085
3286 2084
3286 2083
3285 2082
3285 2081
3284 2080
3284 2079
3284 2078
3284 2077
3283 2076
3283 2075
3283 2074
3283 2073
3283 2072
3283 2071
3283 2070
3283 2069
3283 2068
3283 2067
3283 2066
3283 2065
3283 2064
3283 2063
3283 2062
3283 2061
3283 2060
3283 2059
3283 2058
3283 2057
3284 2056
3284 2055
3284 2054
3284 2053
3285 2052
3285 2051
3285 2050
3285 2049
3285 2048
3285 2047
3285 2046
3285 2045
3284 2044
3284 2043
3284 2042
3284 2041
3283 2040
3283 2039
3283 2038
3283 2037
3283 2036
3283 2035
3283 2034
3283 2033
3283 2032
3283 2031
3283 2030
3283 2029
3283 2028
3283 2027
3282 2026
3282 2025
3281 2024
3281 2023
3280 2022
3280 2021
3279 2020
3279 2019
3279 2018
3279 2017
3279 2016
3279 2015
3279 2014
3279 2013
3279 2012
3279 2011
3280 2010
3280 2009
3280 2008
3280 2007
3281 2006
3281 2005
3281 2004
3281 2003
3281 2002
3281 2001
3281 2000
3281 1999
3281 1998
3281 1997
3282 1996
3282 1995
3282 1994
3282 1993
3283 1992
3283 1991
3283 1990
3283 1989
3283 1988
3283 1987
3283 1986
3283 1985
3283 1984
3283 1983
3283 1982
3283 1981
3283 1980
3283 1979
3282 1978
3282 1977
3282 1976
3281 1975
3281 1974
3281 1973
3281 1972
3281 1971
3281 1970
3281 1969
3281 1968
3281 1967
3281 1966
3281 1965
3281 1964
3281 1963
3281 1962
3281 1961
3281 1960
3281 1959
3281 1958
3281 1957
3281 1956
3281 1955
3281 1954
3281 1953
3281 1952
3281 1951
3281 1950
3281 1949
3281 1948
3281 1947
3281 1946
3281 1945
3281 1944
3281 1943
3281 1942
3281 1941
3281 1940
3281 1939
3281 1938
3281 1937
3281 1936
3281 1935
3281 1934
3281 1933
3281 1932
3281 1931
3281 1930
3281 1929
3281 1928
3281 1927
3281 1926
3281 1925
3281 1924
3281 1923
3281 1922
3281 1921
3281 1920
3281 1919
3281 1918
3281 1917
3282 1916
3282 1915
3282 1914
3282 1913
3283 1912
3283 1911
3283 1910
3283 1909
3283 1908
3283 1907
3282 1906
3282 1905
3282 1904
3281 1903
3281 1902
3281 1901
3281 1900
3281 1899
3281 1898
3281 1897
3281 1896
3281 1895
3281 1894
3281 1893
3280 1892
3280 1891
3280 1890
3280 1889
3279 1888
3279 1887
3279 1886
3279 1885
3279 1884
3279 1883
3279 1882
3279 1881
3279 1880
3279 1879
3279 1878
3279 1877
3279 1876
3279 1875
3279 1874
3278 1873
3278 1872
3278 1871
3277 1870
3277 1869
3278 1868
3278 1867
3278 1866
3278 1865
3279 1864
3279 1863
3279 1862
3279 1861
3279 1860
3279 1859
3279 1858
3279 1857
3279 1856
3279 1855
3279 1854
3279 1853
3279 1852
3279 1851
3279 1850
3279 1849
3279 1848
3279 1847
3279 1846
3279 1845
3280 1844
3280 1843
3280 1842
3280 1841
3281 1840
3281 1839
3281 1838
3281 1837
3281 1836
3281 1835
3281 1834
3281 1833
3281 1832
3281 1831
3281 1830
3281 1829
3281 1828
3281 1827
3281 1826
3281 1825
3281 1824
3281 1823
3281 1822
3281 1821
3281 1820
3281 1819
3281 1818
3281 1817
3281 1816
3281 1815
3281 1814
3281 1813
3281 1812
3281 1811
3281 1810
3281 1809
3281 1808
3281 1807
3281 1806
3281 1805
3281 1804
3281 1803
3281 1802
3281 1801
3281 1800
3281 1799
3281 1798
3281 1797
3282 1796
3282 1795
3282 1794
3282 1793
3283 1792
3283 1791
3283 1790
3283 1789
3283 1788
3283 1787
3283 1786
3283 1785
3283 1784
3283 1783
3283 1782
3283 1781
3283 1780
3283 1779
3283 1778
3283 1777
3283 1776
3283 1775
3283 1774
3283 1773
3283 1772
3283 1771
3283 1770
3283 1769
3283 1768
3283 1767
3283 1766
3283 1765
3284 1764
3284 1763
3284 1762
3284 1761
3285 1760
3285 1759
3286 1758
3286 1757
3286 1756
3286 1755
3287 1754
3287 1753
3287 1752
3287 1751
3287 1750
3287 1749
3287 1748
3287 1747
3287 1746
3287 1745
3286 1744
3286 1743
3286 1742
3286 1741
3285 1740
3285 1739
3284 1738
3284 1737
3284 1736
3284 1735
3283 1734
3283 1733
3282 1732
3282 1731
3282 1730
3282 1729
3281 1728
3281 1727
3280 1726
3280 1725
3280 1724
3280 1723
3279 1722
3279 1721
3279 1720
3279 1719
3279 1718
3279 1717
3279 1716
3279 1715
3279 1714
3279 1713
3279 1712
3279 1711
3279 1710
3279 1709
3279 1708
3279 1707
3279 1706
3279 1705
3279 1704
3279 1703
3278 1702
3278 1701
3278 1700
3278 1699
3277 1698
3277 1697
3277 1696
3277 1695
3277 1694
3277 1693
3277 1692
3277 1691
3277 1690
3277 1689
3276 1688
3276 1687
3276 1686
3276 1685
3275 1684
3275 1683
3275 1682
3275 1681
3275 1680
3275 1679
3275 1678
3275 1677
3276 1676
3276 1675
3276 1674
3276 1673
3277 1672
3277 1671
3277 1670
3277 1669
3277 1668
3277 1667
3277 1666
3277 1665
3277 1664
3277 1663
3277 1662
3277 1661
3277 1660
3277 1659
3277 1658
3277 1657
3277 1656
3277 1655
3277 1654
3277 1653
3277 1652
3277 1651
3278 1650
3278 1649
3278 1648
3279 1647
3280 1646
3280 1645
3281 1644
3282 1643
3282 1642
3282 1641
3283 1640
3283 1639
3283 1638
3283 1637
3284 1636
3284 1635
3284 1634
3284 1633
3285 1632
3285 1631
3285 1630
3285 1629
3284 1628
3284 1627
3284 1626
3284 1625
3283 1624
3283 1623
3283 1622
3283 1621
3283 1620
3283 1619
3283 1618
3283 1617
3283 1616
3283 1615
3283 1614
3283 1613
3283 1612
3283 1611
3283 1610
3283 1609
3283 1608
3283 1607
3283 1606
3283 1605
3283 1604
3283 1603
3283 1602
3283 1601
3283 1600
3283 1599
3283 1598
3283 1597
3283 1596
3283 1595
3283 1594
3283 1593
3283 1592
3283 1591
3284 1590
3284 1589
3284 1588
3284 1587
3284 1586
3284 1585
3284 1584
3284 1583
3283 1582
3283 1581
3283 1580
3283 1579
3282 1578
3282 1577
3282 1576
3281 1575
3281 1574
3281 1573
3281 1572
3281 1571
3281 1570
3281 1569
3281 1568
3281 1567
3281 1566
3281 1565
3281 1564
3281 1563
3281 1562
3281 1561
3281 1560
3281 1559
3281 1558
3281 1557
3282 1556
3282 1555
3282 1554
3282 1553
3283 1552
3283 1551
3283 1550
3283 1549
3283 1548
3283 1547
3283 1546
3283 1545
3283 1544
3283 1543
3283 1542
3283 1541
3283 1540
3283 1539
3283 1538
3283 1537
3283 1536
3283 1535
3283 1534
3283 1533
3283 1532
3283 1531
3283 1530
3283 1529
3283 1528
3283 1527
3283 1526
3283 1525
3283 1524
3283 1523
3283 1522
3283 1521
3283 1520
3283 1519
3283 1518
3283 1517
3284 1516
3284 1515
3284 1514
3284 1513
3285 1512
3285 1511
3285 1510
3285 1509
3285 1508
3285 1507
3285 1506
3285 1505
3286 1504
3286 1503
3286 1502
3286 1501
3287 1500
3287 1499
3287 1498
3287 1497
3287 1496
3287 1495
3287 1494
3287 1493
3287 1492
3287 1491
3287 1490
3286 1489
3286 1488
3285 1487
3285 1486
3284 1485
3284 1484
3284 1483
3284 1482
3284 1481
3284 1480
3284 1479
3285 1478
3285 1477
3286 1476
3286 1475
3286 1474
3286 1473
3287 1472
3287 1471
3287 1470
3287 1469
3287 1468
3287 1467
3287 1466
3287 1465
3287 1464
3287 1463
3287 1462
3287 1461
3286 1460
3286 1459
3286 1458
3286 1457
3285 1456
3285 1455
3285 1454
3285 1453
3285 1452
3285 1451
3286 1450
3286 1449
3286 1448
3287 1447
3287 1446
3287 1445
3287 1444
3287 1443
3287 1442
3287 1441
3287 1440
3287 1439
3287 1438
3287 1437
3287 1436
3287 1435
3287 1434
3287 1433
3287 1432
3287 1431
3287 1430
3287 1429
3287 1428
3287 1427
3287 1426
3287 1425
3287 1424
3287 1423
3287 1422
3287 1421
3287 1420
3287 1419
3287 1418
3287 1417
3287 1416
3287 1415
3287 1414
3287 1413
3287 1412
3287 1411
3287 1410
3287 1409
3287 1408
3287 1407
3287 1406
3287 1405
3287 1404
3287 1403
3287 1402
3287 1401
3287 1400
3287 1399
3287 1398
3287 1397
3287 1396
3287 1395
3287 1394
3286 1393
3286 1392
3286 1391
3286 1390
3286 1389
3286 1388
3286 1387
3287 1386
3287 1385
3287 1384
3287 1383
3286 1382
3286 1381
3286 1380
3286 1379
3285 1378
3285 1377
3285 1376
3285 1375
3286 1374
3286 1373
3286 1372
3286 1371
3287 1370
3287 1369
3287 1368
3287 1367
3287 1366
3287 1365
3287 1364
3287 1363
3287 1362
3287 1361
3288 1360
3288 1359
3288 1358
3288 1357
3289 1356
3289 1355
3289 1354
3289 1353
3289 1352
3289 1351
3289 1350
3289 1349
3290 1348
3290 1347
3290 1346
3290 1345
3291 1344
3291 1343
3291 1342
3291 1341
3291 1340
3291 1339
3291 1338
3291 1337
3292 1336
3292 1335
3292 1334
3292 1333
3293 1332
3293 1331
3293 1330
3293 1329
3293 1328
3293 1327
3293 1326
3293 1325
3293 1324
3293 1323
3293 1322
3293 1321
3292 1320
3292 1319
3292 1318
3292 1317
3291 1316
3291 1315
3291 1314
3291 1313
3291 1312
3291 1311
3290 1310
3290 1309
3290 1308
3290 1307
3289 1306
3289 1305
3289 1304
3289 1303
3289 1302
3289 1301
3289 1300
3289 1299
3289 1298
3289 1297
3288 1296
3288 1295
3288 1294
3288 1293
3287 1292
3287 1291
3287 1290
3287 1289
3287 1288
3287 1287
3287 1286
3287 1285
3286 1284
3286 1283
3286 1282
3286 1281
3285 1280
3285 1279
3285 1278
3285 1277
3284 1276
3284 1275
3283 1274
3283 1273
3282 1272
3282 1271
3281 1270
3280 1269
3279 1268
3279 1267
3278 1266
3278 1265
3277 1264
3277 1263
3276 1262
3276 1261
3275 1260
3275 1259
3274 1258
3273 1257
3272 1256
3272 1255
3271 1254
3271 1253
3271 1252
3271 1251
3270 1250
3270 1249
3270 1248
3270 1247
3269 1246
3269 1245
3269 1244
3269 1243
3269 1242
3269 1241
3268 1240
3268 1239
3268 1238
3268 1237
3267 1236
3267 1235
3267 1234
3267 1233
3267 1232
3267 1231
3267 1230
3267 1229
3266 1228
3266 1227
3266 1226
3266 1225
3265 1224
3265 1223
3265 1222
3265 1221
3265 1220
3265 1219
3265 1218
3265 1217
3265 1216
3265 1215
3265 1214
3265 1213
3265 1212
3265 1211
3265 1210
3265 1209
3264 1208
3264 1207
3264 1206
3264 1205
3263 1204
3263 1203
3262 1202
3262 1201
3262 1200
3261 1199
3260 1198
3260 1197
3259 1196
3259 1195
3258 1194
3258 1193
3258 1192
3258 1191
3257 1190
3257 1189
3256 1188
3256 1187
3256 1186
3256 1185
3255 1185
3254 1184
3254 1183
3254 1182
3254 1181
3253 1180
3252 1179
3252 1178
3252 1177
3251 1176
3251 1175
3250 1174
3250 1173
3250 1172
3250 1171
3249 1170
3249 1169
3249 1168
3249 1167
3248 1166
3248 1165
3247 1164
3247 1163
3246 1162
3246 1161
3245 1160
3245 1159
3245 1158
3245 1157
3244 1156
3244 1155
3244 1154
3244 1153
3243 1152
3243 1151
3242 1150
3242 1149
3242 1148
3242 1147
3241 1146
3241 1145
3241 1144
3241 1143
3241 1142
3241 1141
3240 1140
3240 1139
3240 1138
3240 1137
3239 1137
3238 1136
3238 1135
3237 1134
3236 1133
3236 1132
3235 1132
3234 1131
3233 1130
3232 1130
3231 1130
3230 1129
3229 1129
3228 1128
3227 1128
3226 1127
3225 1126
3224 1126
3223 1126
3222 1126
3221 1125
3220 1125
3219 1125
3218 1125
3217 1125
3216 1125
3215 1125
3214 1125
3213 1125
3212 1125
3211 1125
3210 1125
3209 1125
3208 1125
3207 1125
3206 1125
3205 1124
3204 1124
3203 1124
3202 1124
3201 1123
3200 1123
3199 1123
3198 1123
3197 1123
3196 1123
3195 1123
3194 1123
3193 1123
3192 1123
3191 1123
3190 1123
3189 1123
3188 1123
3187 1123
3186 1123
3185 1123
3184 1123
3183 1123
3182 1123
3181 1123
3180 1123
3179 1123
3178 1123
3177 1123
3176 1123
