304 90
303 91
302 92
302 93
301 94
300 94
300 95
300 96
299 97
298 97
297 98
296 99
295 100
294 100
293 101
292 101
291 102
290 102
289 103
288 104
287 104
287 105
286 106
285 106
284 107
283 107
282 108
281 109
280 109
279 110
278 111
277 112
276 112
275 113
274 113
273 113
273 114
272 115
271 115
270 115
269 115
268 116
267 116
266 116
265 116
264 116
263 116
262 116
261 116
260 116
259 116
258 116
257 116
256 116
255 116
254 116
253 116
252 115
251 115
250 115
249 115
248 114
247 114
246 113
245 113
244 113
243 113
242 112
241 112
240 111
239 111
238 111
237 111
236 110
235 110
234 110
233 110
232 110
231 110
230 110
229 110
228 110
227 110
226 109
225 109
224 109
223 108
222 108
221 108
220 108
219 108
218 108
217 108
216 109
215 109
214 110
213 111
212 111
211 112
210 113
210 114
209 115
209 116
209 117
208 118
208 119
207 120
207 121
206 122
205 123
204 124
204 125
204 126
204 127
203 128
203 129
202 130
202 131
202 132
202 133
201 134
201 135
201 136
201 137
201 138
201 139
201 140
201 141
201 142
201 143
201 144
201 145
201 146
201 147
201 148
201 149
201 150
201 151
201 152
201 153
202 154
202 155
202 156
202 157
203 158
203 159
203 160
203 161
204 162
204 163
204 164
204 165
205 166
205 167
205 168
205 169
206 170
206 171
206 172
206 173
207 174
207 175
207 176
207 177
207 178
207 179
207 180
207 181
208 182
208 183
208 184
208 185
209 186
209 187
209 188
209 189
209 190
209 191
209 192
209 193
209 194
209 195
209 196
209 197
208 198
208 199
208 200
207 201
206 202
205 203
204 203
203 204
202 205
201 206
200 207
199 207
198 208
197 209
196 210
195 210
194 211
193 212
192 213
191 214
190 215
189 216
189 217
188 218
187 219
187 220
186 221
185 222
184 223
184 224
183 225
182 226
182 227
181 228
181 229
181 230
181 231
181 232
181 233
181 234
181 235
181 236
181 237
181 238
181 239
182 240
182 241
182 242
182 243
183 244
183 245
183 246
183 247
183 248
183 249
183 250
183 251
183 252
183 253
183 254
183 255
183 256
183 257
182 258
182 259
182 260
182 261
181 262
181 263
181 264
181 265
180 266
180 267
180 268
180 269
179 270
179 271
179 272
178 273
178 274
178 275
177 276
177 277
176 278
176 279
176 280
176 281
175 282
175 283
174 284
174 285
174 286
174 287
173 288
172 288
172 289
172 290
172 291
171 292
171 293
171 294
171 295
170 296
170 297
170 298
170 299
169 300
169 301
168 302
168 303
168 304
167 305
167 306
167 307
166 308
166 309
166 310
166 311
165 312
165 313
164 314
164 315
164 316
164 317
163 318
162 319
161 320
160 321
160 322
159 323
158 324
158 325
158 326
157 327
157 328
156 329
156 330
155 331
155 332
154 333
153 334
152 335
152 336
151 337
150 337
150 338
149 339
148 339
147 340
147 341
146 342
145 343
144 343
143 344
143 345
142 346
141 346
141 347
140 348
139 349
138 350
138 351
138 352
137 353
137 354
136 355
136 356
135 357
134 358
134 359
134 360
133 361
133 362
133 363
132 364
132 365
132 366
132 367
131 368
131 369
130 370
130 371
130 372
130 373
129 374
129 375
129 376
129 377
128 378
128 379
128 380
128 381
127 382
126 382
126 383
126 384
126 385
125 386
125 387
125 388
125 389
124 390
124 391
124 392
123 393
123 394
122 395
122 396
121 397
121 398
120 399
120 400
119 401
119 402
119 403
118 404
118 405
118 406
118 407
117 408
117 409
116 410
116 411
116 412
116 413
115 414
114 415
113 416
113 417
112 418
112 419
111 420
111 421
110 422
110 423
109 424
109 425
108 426
107 426
107 427
106 428
105 428
105 429
104 430
103 430
102 431
101 432
100 433
99 433
98 434
97 434
96 435
95 435
94 436
93 437
92 438
91 438
90 439
90 440
89 441
88 441
88 442
87 443
86 443
86 444
85 445
84 445
84 446
83 447
82 447
82 448
81 449
80 449
80 450
79 451
78 452
77 453
76 453
75 454
75 455
74 456
73 457
73 458
72 459
72 460
71 461
70 462
70 463
70 464
69 465
69 466
68 467
68 468
68 469
67 470
67 471
67 472
67 473
67 474
67 475
67 476
67 477
67 478
67 479
67 480
67 481
67 482
67 483
68 484
68 485
68 486
68 487
69 488
69 489
69 490
69 491
69 492
69 493
70 494
70 495
70 496
70 497
71 498
71 499
71 500
71 501
71 502
71 503
71 504
71 505
71 506
71 507
71 508
71 509
72 510
72 511
72 512
72 513
73 514
73 515
73 516
73 517
73 518
73 519
73 520
73 521
73 522
73 523
73 524
73 525
73 526
73 527
73 528
73 529
73 530
73 531
73 532
73 533
73 534
73 535
73 536
73 537
73 538
73 539
72 540
72 541
72 542
72 543
71 544
71 545
71 546
71 547
71 548
71 549
71 550
71 551
71 552
71 553
72 554
72 555
72 556
72 557
73 558
73 559
73 560
73 561
73 562
73 563
73 564
73 565
73 566
73 567
73 568
73 569
73 570
73 571
73 572
73 573
73 574
73 575
73 576
73 577
72 578
72 579
72 580
72 581
71 582
71 583
71 584
71 585
71 586
71 587
71 588
71 589
71 590
71 591
71 592
71 593
71 594
71 595
72 596
72 597
73 598
74 599
74 600
75 601
76 602
77 602
78 603
79 604
79 605
80 606
81 606
82 607
82 608
83 609
84 610
85 610
86 611
87 612
87 613
88 614
89 614
90 615
90 616
91 617
92 618
93 619
94 619
95 620
95 621
96 621
97 622
98 623
99 623
100 624
101 625
102 626
103 627
104 627
105 628
105 629
106 629
107 630
108 630
109 631
110 631
111 632
112 632
113 633
114 633
115 634
116 634
117 635
118 635
119 635
120 635
121 636
122 636
123 637
124 637
125 638
126 638
127 639
128 639
129 640
130 640
131 640
132 641
133 641
134 642
135 643
136 644
137 644
138 644
139 645
140 645
141 646
142 646
143 646
144 646
145 647
146 647
147 648
148 648
149 648
150 648
151 649
152 649
153 649
154 649
155 650
156 650
157 650
158 650
159 651
160 651
161 652
162 652
163 652
164 652
165 653
166 653
167 654
168 654
169 654
170 655
171 655
172 656
173 656
174 656
175 657
176 657
177 658
178 658
179 659
180 659
181 660
182 661
183 661
184 662
185 662
186 663
187 663
188 664
189 664
190 665
191 665
192 666
193 666
194 666
195 667
196 667
197 668
198 668
199 668
200 668
201 669
202 669
203 670
204 670
205 671
206 672
207 672
208 672
209 673
209 674
210 674
211 674
212 674
213 675
213 676
214 676
215 677
216 677
217 678
218 679
219 679
220 680
221 681
222 682
223 683
224 683
225 684
225 685
226 686
227 687
227 688
228 689
229 690
229 691
230 692
230 693
231 694
232 695
232 696
233 697
233 698
234 699
234 700
234 701
235 702
235 703
235 704
235 705
236 706
236 707
236 708
236 709
237 710
237 711
237 712
237 713
238 714
238 715
238 716
238 717
239 718
240 719
241 720
242 720
243 721
244 721
245 721
246 721
247 721
248 721
249 721
250 721
251 720
252 720
253 720
254 720
255 719
256 719
257 719
258 719
259 719
260 719
261 719
262 719
263 719
264 719
265 719
266 719
267 719
268 719
269 719
270 719
271 719
272 719
273 719
274 719
275 719
276 719
277 719
278 719
279 719
280 719
281 720
282 720
283 720
284 720
285 721
285 722
286 722
287 722
288 722
289 723
289 724
290 724
291 724
292 725
293 726
294 726
295 726
296 726
297 727
297 728
298 728
299 728
300 728
301 729
302 729
303 729
304 729
305 730
306 730
307 730
308 730
309 731
310 731
311 731
312 731
313 731
314 731
315 732
316 732
317 732
318 732
319 733
320 733
321 733
322 733
323 733
324 733
325 733
326 733
327 734
328 734
329 734
330 735
331 735
332 735
333 735
334 735
335 735
336 735
337 735
338 735
339 735
340 735
341 734
342 734
343 734
344 734
345 733
346 733
347 733
348 733
349 733
350 733
351 733
352 733
353 732
354 732
355 732
356 731
357 731
358 730
359 730
360 730
361 729
362 729
363 728
364 728
365 728
366 728
367 727
368 727
369 726
370 726
371 726
372 726
373 725
374 725
375 724
376 724
377 723
378 723
379 722
380 722
381 721
382 721
383 720
384 720
385 720
386 720
387 719
388 719
389 719
390 719
391 719
392 719
393 718
394 718
395 718
396 718
397 717
398 717
399 717
400 717
401 717
402 717
403 717
404 717
405 717
406 717
407 717
408 716
409 716
410 716
411 715
412 715
413 714
414 714
415 714
416 714
417 713
418 713
419 712
420 712
421 712
422 711
423 711
424 710
425 709
426 709
427 708
428 708
428 707
429 706
430 706
431 706
432 706
433 705
434 705
435 704
436 704
437 704
438 704
439 703
440 703
441 703
442 703
443 703
444 703
445 703
446 703
447 703
448 703
449 703
450 703
451 703
452 703
453 703
454 703
455 703
456 703
457 703
458 703
459 703
460 703
461 703
462 703
463 703
464 703
465 703
466 703
467 703
468 703
469 703
470 703
471 703
472 703
473 703
474 703
475 703
476 703
477 703
478 703
479 703
480 703
481 703
482 703
483 703
484 703
485 703
486 703
487 703
488 703
489 703
490 703
491 703
492 703
493 703
494 703
495 703
496 703
497 703
498 703
499 703
500 703
501 702
502 702
503 702
504 702
504 701
505 700
506 700
507 700
508 700
509 699
510 699
511 698
512 698
513 698
514 697
515 697
516 696
517 696
518 695
519 695
520 694
521 694
522 693
523 692
524 692
525 692
526 692
527 691
528 690
529 690
530 689
531 689
532 688
533 688
534 688
535 687
536 687
537 686
538 686
539 686
540 686
541 685
542 684
543 684
544 684
545 683
546 683
547 682
548 682
549 682
550 681
551 680
552 680
552 679
553 678
554 678
555 678
556 678
557 677
558 676
559 676
560 676
561 675
562 675
563 674
564 674
565 674
566 674
567 673
568 673
569 673
570 673
571 673
572 673
573 672
574 672
575 672
576 672
577 671
578 671
579 670
580 670
581 670
582 670
583 669
584 669
585 669
586 669
587 669
588 669
589 669
590 669
591 669
592 669
593 668
594 668
595 668
596 668
597 667
598 667
599 667
600 667
601 667
602 667
603 667
604 667
605 667
606 667
607 667
608 667
609 666
610 666
611 666
612 666
613 665
614 665
615 664
616 664
617 663
618 663
619 662
620 662
621 661
622 661
623 660
624 660
625 659
626 659
627 658
627 657
628 656
629 656
629 655
630 654
631 653
632 653
633 652
634 652
635 651
636 650
637 649
638 649
639 648
639 647
640 646
641 646
642 645
642 644
643 643
644 642
645 642
646 641
647 640
648 639
649 638
650 638
651 637
652 636
653 635
654 634
654 633
655 632
656 631
657 630
658 629
658 628
659 627
660 627
661 626
661 625
662 624
662 623
663 622
663 621
664 620
664 619
665 618
665 617
666 616
666 615
667 614
667 613
668 612
668 611
669 610
669 609
670 608
670 607
671 606
671 605
672 604
672 603
673 602
673 601
674 600
674 599
674 598
674 597
674 596
674 595
674 594
674 593
674 592
674 591
674 590
674 589
674 588
674 587
674 586
674 585
674 584
674 583
674 582
674 581
674 580
674 579
674 578
674 577
674 576
674 575
674 574
675 573
675 572
675 571
675 570
676 569
676 568
676 567
676 566
676 565
676 564
676 563
676 562
676 561
676 560
676 559
676 558
676 557
676 556
676 555
676 554
676 553
676 552
676 551
676 550
676 549
676 548
676 547
676 546
677 545
677 544
677 543
677 542
678 541
678 540
678 539
678 538
678 537
678 536
678 535
678 534
678 533
678 532
678 531
678 530
678 529
679 528
679 527
679 526
680 525
680 524
680 523
680 522
680 521
680 520
680 519
680 518
680 517
680 516
680 515
680 514
680 513
680 512
680 511
680 510
680 509
680 508
680 507
680 506
680 505
680 504
680 503
680 502
680 501
680 500
680 499
680 498
680 497
680 496
680 495
680 494
680 493
680 492
680 491
680 490
680 489
680 488
680 487
680 486
680 485
680 484
680 483
680 482
680 481
680 480
679 479
679 478
679 477
679 476
678 475
678 474
678 473
678 472
677 471
677 470
677 469
677 468
676 467
676 466
676 465
676 464
676 463
676 462
675 461
675 460
675 459
675 458
674 457
674 456
673 455
673 454
673 453
673 452
672 451
672 450
672 449
672 448
672 447
672 446
671 445
671 444
671 443
671 442
670 441
670 440
670 439
670 438
670 437
670 436
670 435
670 434
670 433
670 432
670 431
670 430
670 429
670 428
670 427
670 426
670 425
670 424
669 423
669 422
669 421
669 420
668 419
668 418
668 417
668 416
668 415
668 414
668 413
668 412
668 411
668 410
668 409
668 408
668 407
668 406
668 405
668 404
668 403
668 402
668 401
668 400
668 399
668 398
668 397
668 396
668 395
668 394
668 393
668 392
668 391
668 390
668 389
668 388
668 387
668 386
668 385
668 384
668 383
668 382
668 381
668 380
668 379
668 378
667 377
667 376
667 375
667 374
666 373
666 372
666 371
666 370
665 369
665 368
665 367
665 366
664 365
664 364
663 363
663 362
663 361
663 360
662 360
661 359
661 358
661 357
661 356
660 355
660 354
659 353
659 352
659 351
659 350
658 349
658 348
657 347
657 346
657 345
656 344
656 343
656 342
655 341
655 340
655 339
655 338
654 337
653 336
652 335
652 334
651 333
651 332
650 331
650 330
649 329
649 328
649 327
649 326
648 325
648 324
648 323
648 322
647 321
647 320
646 319
646 318
645 317
645 316
644 315
644 314
644 313
644 312
643 311
643 310
643 309
643 308
642 307
642 306
642 305
642 304
642 303
642 302
642 301
642 300
642 299
641 298
640 297
640 296
639 295
639 294
638 293
638 292
637 291
637 290
637 289
636 288
635 287
634 286
634 285
633 284
633 283
632 282
632 281
631 280
631 279
631 278
630 277
629 276
628 275
628 274
627 274
626 273
626 272
625 272
624 271
623 271
622 270
621 270
620 270
619 270
618 270
617 270
616 269
615 269
614 269
613 268
612 267
611 267
610 267
609 267
608 266
607 266
606 266
605 266
604 265
603 265
602 265
601 265
600 264
599 264
598 264
597 264
596 263
595 263
594 263
593 263
592 262
591 262
590 262
589 262
588 261
587 261
586 261
585 261
584 260
584 259
583 259
582 259
581 259
580 258
579 258
578 258
577 258
576 258
575 258
574 258
573 258
572 258
571 258
570 257
569 257
568 257
567 257
566 256
565 256
564 257
563 257
562 257
561 257
560 258
559 258
558 258
557 258
556 258
555 258
554 258
553 258
552 258
551 258
550 258
549 258
548 258
547 258
546 258
545 258
544 258
543 258
542 258
541 258
540 258
539 258
538 258
537 258
536 258
535 258
534 258
533 258
532 258
531 258
530 258
529 258
528 258
527 258
526 258
525 258
524 258
523 258
522 258
521 258
520 258
519 258
518 257
517 257
516 257
515 257
514 256
513 256
512 255
511 255
510 255
509 255
508 254
507 254
506 253
505 253
504 252
503 252
502 251
501 251
500 250
499 250
498 250
497 250
496 249
495 249
494 249
493 249
492 248
491 248
490 248
489 248
488 248
487 248
486 247
485 247
484 247
483 246
482 245
481 245
480 245
479 244
478 244
477 244
476 244
475 244
474 244
473 244
472 243
471 243
470 243
469 243
468 242
467 242
466 241
465 241
464 241
463 240
462 240
461 239
460 239
459 239
458 238
458 237
457 237
456 236
455 236
454 235
453 235
452 234
451 234
450 234
449 234
448 233
447 233
446 233
445 233
444 232
444 231
443 231
442 231
441 231
440 230
440 229
439 229
438 229
437 228
436 227
435 227
434 227
433 227
432 226
431 226
430 225
429 225
428 225
427 224
426 224
425 223
424 223
423 222
422 222
421 221
420 221
419 221
418 220
417 220
416 219
415 219
414 219
413 218
412 217
411 217
410 217
409 217
408 216
408 215
407 215
406 215
405 215
404 214
403 214
402 213
401 213
400 213
399 212
398 211
397 211
396 211
395 211
394 210
393 210
392 209
391 209
390 209
389 209
388 208
387 208
386 207
385 207
384 207
383 207
382 206
381 206
380 205
379 205
378 205
377 205
376 204
376 203
375 203
374 203
373 203
372 202
371 202
370 201
369 201
368 201
367 200
366 200
365 200
364 200
363 200
362 199
361 199
360 199
359 198
358 197
357 197
356 196
355 196
354 195
353 195
352 195
351 195
350 194
349 194
348 193
347 193
346 193
345 193
344 192
343 192
342 191
341 191
340 191
339 190
338 190
337 189
336 189
335 189
334 188
333 188
332 188
331 188
330 187
329 187
328 187
327 187
326 186
325 186
324 186
323 186
322 185
321 185
320 185
319 184
318 183
318 182
317 181
317 180
316 179
316 178
316 177
316 176
316 175
316 174
316 173
316 172
316 171
316 170
316 169
316 168
316 167
316 166
316 165
316 164
316 163
316 162
316 161
316 160
316 159
316 158
316 157
316 156
316 155
316 154
316 153
316 152
316 151
316 150
316 149
316 148
316 147
316 146
316 145
316 144
316 143
316 142
316 141
316 140
316 139
316 138
316 137
316 136
316 135
316 134
316 133
316 132
315 131
315 130
315 129
315 128
314 127
314 126
314 125
314 124
314 123
314 122
314 121
314 120
314 119
314 118
313 117
313 116
313 115
313 114
312 113
312 112
312 111
312 110
312 109
312 108
312 107
312 106
311 105
311 104
311 103
311 102
310 101
310 100
310 99
310 98
310 97
310 96
309 95
309 94
309 93
309 92
308 91
307 90
306 90
305 90
304 90
