3185 2792
3184 2793
3183 2793
3182 2794
3181 2794
3180 2794
3179 2794
3178 2794
3177 2794
3176 2794
3175 2794
3174 2794
3173 2795
3172 2795
3171 2795
3170 2796
3169 2796
3168 2797
3167 2797
3166 2798
3165 2798
3164 2798
3163 2798
3162 2798
3161 2799
3160 2799
3159 2799
3158 2799
3157 2800
3156 2800
3155 2801
3154 2801
3153 2801
3152 2801
3152 2802
3151 2803
3150 2803
3149 2803
3148 2803
3147 2804
3146 2805
3145 2805
3144 2805
3143 2806
3142 2806
3141 2807
3140 2807
3139 2807
3138 2807
3138 2808
3137 2809
3136 2809
3135 2810
3134 2810
3133 2811
3132 2811
3131 2812
3130 2812
3129 2812
3128 2812
3127 2813
3126 2813
3125 2814
3124 2814
3123 2815
3122 2815
3121 2816
3120 2816
3119 2816
3118 2816
3117 2816
3116 2816
3115 2816
3114 2816
3113 2816
3112 2817
3111 2818
3110 2818
3109 2819
3108 2819
3107 2820
3106 2820
3105 2820
3104 2820
3103 2820
3102 2820
3101 2821
3100 2821
3099 2822
3098 2822
3097 2823
3096 2823
3095 2824
3094 2824
3093 2825
3092 2825
3091 2825
3090 2826
3089 2826
3088 2827
3087 2828
3086 2828
3085 2829
3084 2829
3083 2830
3082 2830
3081 2830
3080 2831
3079 2831
3078 2832
3077 2833
3076 2834
3075 2834
3074 2835
3073 2836
3072 2837
3071 2837
3070 2838
3069 2839
3068 2839
3067 2840
3066 2840
3065 2841
3064 2841
3063 2841
3062 2841
3061 2842
3060 2842
3059 2843
3058 2843
3057 2844
3056 2844
3055 2845
3054 2845
3053 2846
3052 2846
3051 2847
3050 2847
3049 2847
3048 2848
3047 2848
3046 2849
3045 2850
3044 2850
3043 2851
3042 2851
3041 2852
3040 2852
3039 2853
3038 2853
3037 2853
3036 2853
3035 2854
3034 2854
3033 2854
3032 2855
3031 2855
3030 2855
3029 2856
3028 2856
3027 2857
3026 2857
3025 2857
3024 2857
3023 2858
3022 2858
3021 2859
3020 2859
3019 2859
3018 2859
3017 2860
3016 2860
3015 2860
3014 2860
3013 2860
3012 2860
3011 2860
3010 2860
3009 2860
3008 2860
3007 2860
3006 2860
3005 2860
3004 2860
3003 2860
3002 2860
3001 2860
3000 2860
2999 2860
2998 2860
2997 2860
2996 2860
2995 2860
2994 2860
2993 2860
2992 2860
2991 2860
2990 2860
2989 2860
2988 2860
2987 2860
2986 2860
2985 2860
2984 2860
2983 2860
2982 2860
2981 2860
2980 2860
2979 2861
2978 2861
2977 2861
2976 2861
2975 2862
2974 2862
2973 2863
2972 2863
2971 2863
2970 2863
2970 2864
2969 2865
2968 2865
2967 2866
2966 2867
2965 2867
2964 2868
2963 2869
2963 2870
2962 2871
2961 2871
2961 2872
2960 2873
2959 2873
2959 2874
2958 2875
2958 2876
2957 2877
2956 2878
2955 2879
2955 2880
2954 2881
2953 2881
2953 2882
2952 2883
2951 2883
2951 2884
2950 2885
2949 2885
2948 2886
2947 2887
2946 2887
2945 2888
2944 2888
2943 2889
2942 2889
2941 2889
2940 2890
2939 2890
2938 2891
2937 2891
2936 2892
2935 2892
2934 2893
2933 2894
2932 2894
2931 2895
2931 2896
2930 2897
2929 2897
2928 2898
2927 2899
2927 2900
2927 2901
2926 2902
2926 2903
2926 2904
2926 2905
2926 2906
2926 2907
2926 2908
2926 2909
2926 2910
2926 2911
2926 2912
2926 2913
2926 2914
2926 2915
2925 2916
2925 2917
2925 2918
2925 2919
2924 2920
2924 2921
2924 2922
2924 2923
2923 2924
2923 2925
2923 2926
2923 2927
2922 2928
2922 2929
2922 2930
2922 2931
2922 2932
2922 2933
2922 2934
2922 2935
2922 2936
2922 2937
2922 2938
2922 2939
2922 2940
2922 2941
2922 2942
2921 2943
2921 2944
2920 2945
2920 2946
2920 2947
2920 2948
2920 2949
2920 2950
2920 2951
2920 2952
2920 2953
2920 2954
2920 2955
2920 2956
2920 2957
2920 2958
2920 2959
2920 2960
2920 2961
2921 2962
2921 2963
2921 2964
2921 2965
2922 2966
2922 2967
2922 2968
2922 2969
2922 2970
2922 2971
2922 2972
2922 2973
2922 2974
2922 2975
2922 2976
2923 2977
2923 2978
2923 2979
2924 2979
2925 2980
2925 2981
2925 2982
2925 2983
2926 2984
2926 2985
2926 2986
2926 2987
2926 2988
2926 2989
2927 2990
2927 2991
2927 2992
2927 2993
2928 2994
2928 2995
2928 2996
2928 2997
2929 2998
2929 2999
2929 3000
2929 3001
2930 3002
2930 3003
2931 3004
2931 3005
2931 3006
2931 3007
2932 3007
2933 3008
2933 3009
2933 3010
2934 3011
2935 3012
2935 3013
2935 3014
2936 3015
2937 3016
2937 3017
2937 3018
2937 3019
2938 3020
2938 3021
2939 3022
2939 3023
2939 3024
2939 3025
2940 3026
2941 3027
2941 3028
2941 3029
2942 3030
2942 3031
2943 3032
2943 3033
2943 3034
2944 3035
2944 3036
2945 3037
2945 3038
2946 3039
2946 3040
2947 3041
2947 3042
2948 3043
2949 3043
2950 3044
2951 3045
2951 3046
2952 3046
2953 3047
2953 3048
2954 3048
2955 3049
2955 3050
2956 3050
2957 3051
2958 3052
2959 3053
2959 3054
2960 3054
2961 3055
2961 3056
2962 3056
2963 3057
2963 3058
2964 3058
2965 3059
2966 3060
2967 3061
2967 3062
2968 3062
2969 3063
2969 3064
2970 3064
2971 3065
2971 3066
2972 3066
2973 3067
2974 3068
2975 3069
2975 3070
2976 3070
2977 3071
2977 3072
2978 3072
2979 3073
2979 3074
2980 3075
2981 3075
2982 3076
2983 3077
2984 3077
2985 3078
2986 3079
2987 3080
2988 3081
2989 3081
2990 3082
2991 3083
2992 3083
2993 3084
2994 3084
2995 3085
2996 3085
2997 3085
2998 3085
2999 3085
3000 3086
3001 3086
3002 3086
3003 3087
3004 3088
3005 3088
3006 3089
3007 3089
3008 3090
3009 3090
3010 3091
3011 3092
3012 3093
3013 3093
3014 3094
3015 3095
3016 3096
3017 3096
3018 3096
3019 3097
3020 3097
3021 3098
3022 3099
3023 3100
3024 3100
3025 3101
3026 3102
3027 3103
3028 3103
3029 3104
3030 3105
3031 3106
3032 3106
3033 3107
3034 3107
3035 3108
3036 3108
3037 3108
3038 3109
3038 3110
3039 3110
3040 3111
3041 3112
3042 3112
3043 3113
3043 3114
3044 3114
3045 3115
3046 3116
3047 3117
3047 3118
3048 3118
3049 3119
3049 3120
3050 3120
3051 3121
3051 3122
3052 3122
3053 3123
3054 3124
3055 3125
3055 3126
3056 3126
3057 3127
3057 3128
3058 3128
3059 3129
3059 3130
3060 3130
3061 3131
3062 3132
3063 3133
3063 3134
3064 3134
3065 3135
3065 3136
3066 3137
3067 3137
3068 3138
3069 3139
3070 3139
3071 3140
3072 3141
3073 3142
3074 3142
3075 3143
3076 3144
3077 3145
3078 3145
3079 3146
3080 3147
3081 3148
3082 3148
3083 3149
3083 3150
3084 3150
3085 3151
3086 3152
3087 3153
3088 3153
3089 3154
3090 3155
3091 3156
3092 3157
3093 3158
3094 3158
3095 3159
3095 3160
3096 3160
3097 3161
3097 3162
3098 3162
3099 3163
3100 3164
3100 3165
3101 3165
3102 3166
3103 3167
3104 3168
3105 3168
3106 3169
3107 3170
3108 3170
3109 3171
3110 3172
3111 3173
3111 3174
3112 3174
3113 3175
3113 3176
3114 3176
3115 3177
3115 3178
3116 3178
3117 3179
3118 3180
3119 3181
3119 3182
3120 3182
3121 3183
3121 3184
3122 3184
3123 3185
3123 3186
3124 3187
3125 3187
3126 3188
3126 3189
3127 3190
3128 3191
3129 3192
3129 3193
3129 3194
3130 3195
3130 3196
3130 3197
3130 3198
3130 3199
3130 3200
3130 3201
3131 3202
3131 3203
3131 3204
3132 3205
3133 3206
3133 3207
3134 3208
3134 3209
3134 3210
3134 3211
3135 3212
3135 3213
3136 3214
3137 3215
3137 3216
3138 3217
3139 3218
3139 3219
3140 3220
3140 3221
3141 3222
3141 3223
3141 3224
3142 3225
3143 3226
3143 3227
3144 3228
3144 3229
3145 3230
3145 3231
3145 3232
3145 3233
3146 3234
3147 3235
3147 3236
3147 3237
3148 3238
3148 3239
3148 3240
3148 3241
3149 3242
3149 3243
3149 3244
3149 3245
3150 3245
3151 3246
3151 3247
3151 3248
3151 3249
3152 3250
3152 3251
3153 3252
3153 3253
3153 3254
3153 3255
3154 3256
3154 3257
3155 3258
3155 3259
3155 3260
3155 3261
3156 3262
3157 3263
3157 3264
3157 3265
3158 3266
3158 3267
3159 3268
3159 3269
3160 3270
3161 3271
3161 3272
3162 3273
3163 3274
3164 3275
3164 3276
3165 3277
3166 3278
3167 3279
3167 3280
3168 3280
3169 3281
3169 3282
3170 3282
3171 3283
3171 3284
3172 3285
3173 3286
3174 3286
3175 3287
3175 3288
3176 3288
3177 3289
3177 3290
3178 3290
3179 3291
3179 3292
3180 3293
3181 3294
3182 3294
3183 3295
3183 3296
3184 3296
3185 3297
3185 3298
3186 3298
3187 3299
3187 3300
3188 3301
3189 3302
3190 3302
3191 3303
3192 3304
3193 3304
3194 3305
3195 3306
3196 3307
3197 3307
3198 3308
3198 3309
3199 3310
3200 3310
3201 3311
3201 3312
3202 3312
3203 3313
3203 3314
3204 3315
3205 3315
3206 3316
3207 3317
3208 3317
3209 3318
3210 3319
3211 3320
3212 3321
3213 3322
3214 3322
3215 3323
3215 3324
3216 3325
3217 3326
3218 3326
3219 3327
3219 3328
3220 3329
3221 3330
3222 3330
3223 3331
3223 3332
3224 3333
3225 3334
3226 3334
3227 3335
3228 3336
3229 3337
3230 3337
3231 3338
3232 3339
3233 3339
3234 3340
3235 3341
3236 3341
3237 3341
3238 3342
3239 3342
3240 3342
3241 3343
3242 3343
3243 3344
3244 3345
3245 3346
3246 3346
3247 3347
3247 3348
3248 3348
3249 3349
3250 3349
3251 3349
3252 3350
3253 3350
3254 3350
3255 3351
3256 3352
3257 3352
3258 3352
3259 3353
3260 3353
3261 3353
3262 3353
3263 3353
3264 3353
3265 3353
3266 3353
3267 3353
3268 3353
3269 3353
3270 3353
3271 3353
3272 3353
3273 3354
3274 3354
3275 3354
3276 3355
3277 3355
3278 3355
3279 3355
3280 3355
3281 3355
3282 3355
3283 3355
3284 3355
3285 3355
3286 3356
3287 3356
3288 3356
3289 3357
3290 3357
3291 3357
3292 3358
3293 3358
3294 3358
3295 3358
3296 3359
3297 3359
3298 3359
3299 3359
3300 3359
3301 3359
3302 3359
3303 3359
3304 3359
3305 3359
3306 3359
3307 3359
3308 3359
3309 3359
3310 3359
3311 3359
3312 3359
3313 3359
3314 3359
3315 3359
3316 3359
3317 3359
3318 3359
3319 3359
3320 3359
3321 3359
3322 3359
3323 3359
3324 3359
3325 3359
3326 3359
3327 3359
3328 3359
3329 3359
3330 3359
3331 3359
3332 3359
3333 3359
3334 3359
3335 3359
3336 3359
3337 3359
3338 3359
3339 3359
3340 3359
3341 3359
3342 3359
3343 3359
3344 3359
3345 3359
3346 3359
3347 3359
3348 3358
3349 3358
3350 3358
3351 3357
3352 3357
3353 3356
3354 3356
3355 3356
3356 3355
3357 3355
3358 3355
3359 3355
3360 3355
3361 3355
3362 3355
3363 3355
3364 3355
3365 3355
3366 3355
3367 3355
3368 3355
3369 3355
3370 3355
3371 3355
3372 3354
3373 3354
3374 3354
3375 3354
3376 3353
3377 3353
3378 3353
3379 3353
3380 3353
3381 3353
3382 3353
3383 3353
3384 3353
3385 3352
3386 3352
3387 3352
3388 3351
3389 3351
3390 3351
3391 3351
3392 3350
3393 3350
3394 3349
3395 3349
3396 3348
3397 3348
3398 3347
3399 3347
3400 3347
3401 3346
3402 3346
3403 3345
3404 3344
3405 3344
3406 3343
3407 3342
3408 3342
3409 3342
3410 3341
3411 3340
3412 3340
3413 3340
3414 3339
3415 3339
3416 3338
3417 3338
3418 3338
3419 3337
3420 3336
3421 3336
3422 3335
3423 3334
3424 3334
3425 3334
3426 3333
3427 3332
3428 3332
3429 3332
3430 3331
3431 3330
3432 3330
3433 3329
3434 3329
3435 3328
3436 3328
3437 3328
3438 3327
3439 3327
3440 3326
3441 3326
3442 3326
3443 3325
3444 3324
3445 3324
3446 3323
3447 3322
3448 3322
3449 3322
3450 3321
3451 3321
3452 3320
3453 3320
3454 3319
3455 3318
3456 3318
3457 3317
3458 3317
3459 3316
3460 3315
3461 3315
3462 3314
3462 3313
3463 3312
3464 3312
3464 3311
3465 3310
3466 3310
3467 3309
3467 3308
3468 3307
3469 3307
3470 3306
3471 3305
3472 3304
3473 3304
3474 3303
3475 3302
3476 3302
3477 3301
3478 3300
3479 3300
3480 3299
3481 3299
3482 3298
3483 3298
3484 3297
3485 3297
3486 3296
3487 3295
3488 3295
3489 3294
3490 3293
3491 3293
3492 3292
3493 3292
3494 3291
3495 3291
3496 3291
3497 3290
3498 3290
3499 3289
3500 3288
3501 3288
3502 3287
3503 3286
3504 3286
3505 3286
3506 3285
3507 3285
3508 3284
3509 3284
3510 3283
3511 3283
3512 3282
3513 3281
3514 3281
3515 3280
3516 3280
3517 3280
3518 3279
3519 3279
3520 3278
3521 3278
3522 3278
3523 3278
3524 3277
3525 3277
3526 3277
3527 3277
3528 3276
3529 3276
3530 3276
3531 3275
3532 3274
3533 3274
3534 3273
3535 3272
3536 3272
3537 3272
3538 3271
3539 3270
3540 3269
3541 3269
3541 3268
3542 3267
3543 3266
3544 3266
3544 3265
3545 3264
3546 3263
3546 3262
3547 3261
3547 3260
3548 3259
3548 3258
3548 3257
3549 3256
3549 3255
3550 3254
3550 3253
3551 3252
3551 3251
3552 3250
3553 3249
3553 3248
3554 3247
3554 3246
3555 3245
3555 3244
3556 3243
3556 3242
3556 3241
3557 3240
3557 3239
3558 3238
3558 3237
3558 3236
3559 3235
3559 3234
3559 3233
3559 3232
3559 3231
3559 3230
3560 3229
3560 3228
3560 3227
3560 3226
3561 3225
3561 3224
3561 3223
3561 3222
3561 3221
3561 3220
3561 3219
3561 3218
3561 3217
3561 3216
3562 3215
3562 3214
3562 3213
3562 3212
3563 3211
3563 3210
3563 3209
3563 3208
3563 3207
3563 3206
3563 3205
3563 3204
3563 3203
3563 3202
3563 3201
3563 3200
3564 3199
3564 3198
3564 3197
3564 3196
3565 3195
3565 3194
3566 3193
3566 3192
3566 3191
3566 3190
3567 3189
3567 3188
3567 3187
3567 3186
3567 3185
3567 3184
3567 3183
3567 3182
3567 3181
3567 3180
3567 3179
3567 3178
3567 3177
3567 3176
3567 3175
3567 3174
3567 3173
3567 3172
3567 3171
3567 3170
3567 3169
3567 3168
3567 3167
3567 3166
3567 3165
3567 3164
3567 3163
3567 3162
3567 3161
3567 3160
3567 3159
3567 3158
3568 3157
3568 3156
3568 3155
3568 3154
3569 3153
3569 3152
3570 3151
3570 3150
3570 3149
3570 3148
3571 3147
3571 3146
3571 3145
3571 3144
3571 3143
3571 3142
3571 3141
3571 3140
3572 3139
3572 3138
3572 3137
3572 3136
3573 3135
3573 3134
3573 3133
3573 3132
3574 3131
3574 3130
3574 3129
3575 3128
3575 3127
3576 3126
3576 3125
3576 3124
3577 3123
3577 3122
3577 3121
3577 3120
3578 3119
3578 3118
3578 3117
3578 3116
3579 3115
3579 3114
3579 3113
3580 3112
3580 3111
3580 3110
3581 3109
3581 3108
3581 3107
3581 3106
3581 3105
3581 3104
3581 3103
3581 3102
3581 3101
3581 3100
3581 3099
3581 3098
3581 3097
3581 3096
3581 3095
3581 3094
3581 3093
3581 3092
3581 3091
3581 3090
3581 3089
3581 3088
3581 3087
3581 3086
3580 3085
3580 3084
3580 3083
3580 3082
3579 3081
3579 3080
3579 3079
3579 3078
3579 3077
3579 3076
3579 3075
3579 3074
3579 3073
3579 3072
3579 3071
3579 3070
3578 3069
3578 3068
3578 3067
3578 3066
3577 3065
3577 3064
3577 3063
3577 3062
3577 3061
3577 3060
3577 3059
3577 3058
3577 3057
3577 3056
3577 3055
3577 3054
3577 3053
3577 3052
3577 3051
3577 3050
3577 3049
3577 3048
3577 3047
3577 3046
3577 3045
3577 3044
3577 3043
3577 3042
3577 3041
3577 3040
3577 3039
3577 3038
3577 3037
3577 3036
3577 3035
3577 3034
3577 3033
3576 3032
3576 3031
3576 3030
3575 3029
3574 3028
3574 3027
3574 3026
3573 3025
3573 3024
3572 3023
3572 3022
3572 3021
3572 3020
3571 3019
3571 3018
3571 3017
3570 3016
3570 3015
3570 3014
3569 3013
3569 3012
3568 3011
3568 3010
3567 3009
3566 3008
3566 3007
3565 3007
3564 3006
3563 3005
3562 3004
3562 3003
3561 3003
3560 3002
3560 3001
3559 3001
3558 3000
3558 2999
3557 2998
3556 2998
3555 2997
3554 2996
3553 2996
3552 2995
3551 2995
3550 2994
3549 2993
3548 2992
3547 2992
3546 2991
3545 2990
3544 2990
3543 2989
3542 2988
3541 2987
3540 2987
3539 2986
3538 2985
3537 2985
3536 2984
3536 2983
3535 2983
3534 2983
3533 2982
3533 2981
3532 2981
3531 2981
3530 2980
3529 2980
3528 2979
3527 2979
3526 2978
3525 2977
3524 2976
3523 2976
3522 2975
3521 2975
3520 2974
3519 2973
3518 2973
3517 2973
3516 2973
3515 2972
3515 2971
3514 2971
3513 2971
3512 2970
3511 2970
3510 2969
3509 2969
3508 2968
3507 2968
3506 2967
3505 2967
3504 2966
3503 2965
3502 2964
3501 2963
3500 2963
3499 2962
3498 2962
3497 2961
3496 2961
3495 2960
3495 2959
3494 2959
3493 2959
3492 2959
3491 2958
3490 2957
3489 2957
3488 2956
3488 2955
3487 2955
3486 2954
3485 2953
3484 2952
3483 2952
3482 2951
3481 2951
3480 2950
3479 2949
3478 2949
3477 2949
3476 2948
3475 2947
3474 2947
3473 2946
3473 2945
3472 2945
3471 2945
3470 2944
3469 2944
3468 2943
3467 2942
3466 2941
3465 2941
3464 2940
3463 2939
3462 2939
3461 2938
3460 2938
3459 2937
3458 2937
3457 2937
3456 2936
3455 2936
3454 2935
3453 2934
3452 2933
3451 2933
3450 2933
3449 2932
3448 2932
3447 2931
3446 2931
3445 2930
3444 2930
3443 2929
3443 2928
3442 2927
3441 2926
3440 2926
3439 2925
3438 2924
3438 2923
3437 2923
3436 2922
3435 2921
3434 2920
3434 2919
3433 2918
3433 2917
3432 2916
3432 2915
3432 2914
3431 2913
3431 2912
3430 2911
3430 2910
3430 2909
3429 2908
3428 2907
3428 2906
3427 2906
3426 2905
3426 2904
3426 2903
3425 2902
3425 2901
3424 2900
3423 2899
3422 2898
3422 2897
3421 2897
3420 2896
3420 2895
3419 2894
3418 2893
3417 2892
3417 2891
3416 2890
3415 2889
3414 2888
3414 2887
3413 2887
3412 2886
3411 2885
3410 2884
3410 2883
3409 2883
3408 2882
3408 2881
3407 2881
3406 2880
3406 2879
3405 2879
3404 2878
3403 2877
3402 2876
3402 2875
3401 2875
3400 2874
3399 2873
3398 2872
3397 2872
3396 2871
3395 2870
3394 2869
3393 2869
3392 2868
3392 2867
3391 2867
3390 2866
3390 2865
3389 2864
3388 2863
3387 2863
3386 2862
3386 2861
3385 2860
3384 2859
3383 2859
3382 2858
3382 2857
3381 2856
3380 2855
3379 2855
3378 2854
3378 2853
3377 2852
3376 2851
3375 2851
3374 2850
3374 2849
3373 2848
3372 2847
3371 2847
3370 2846
3370 2845
3369 2844
3368 2843
3367 2843
3366 2842
3366 2841
3365 2840
3364 2839
3363 2839
3362 2838
3362 2837
3361 2836
3360 2835
3359 2834
3358 2833
3357 2832
3357 2831
3356 2830
3355 2829
3355 2828
3354 2827
3353 2827
3352 2826
3352 2825
3351 2825
3350 2824
3350 2823
3349 2823
3348 2822
3347 2821
3346 2820
3346 2819
3345 2819
3344 2818
3344 2817
3343 2817
3342 2816
3341 2815
3340 2815
3339 2814
3338 2814
3337 2814
3336 2814
3335 2814
3334 2814
3333 2814
3332 2814
3331 2814
3330 2814
3329 2814
3328 2813
3327 2813
3326 2813
3325 2812
3324 2812
3323 2812
3322 2812
3321 2812
3320 2812
3319 2812
3318 2812
3317 2811
3316 2811
3315 2811
3314 2811
3313 2810
3312 2810
3311 2809
3310 2809
3309 2809
3308 2809
3307 2808
3306 2808
3305 2808
3304 2808
3303 2808
3302 2808
3301 2808
3300 2808
3299 2807
3298 2807
3297 2806
3296 2806
3295 2805
3294 2804
3293 2804
3292 2804
3291 2804
3290 2804
3289 2804
3288 2804
3287 2803
3286 2803
3285 2803
3284 2803
3283 2802
3282 2802
3281 2801
3280 2801
3279 2801
3278 2801
3277 2800
3276 2800
3275 2799
3274 2799
3273 2798
3272 2798
3271 2797
3270 2796
3269 2796
3268 2796
3267 2795
3266 2795
3265 2795
3264 2794
3263 2794
3262 2793
3261 2793
3260 2793
3259 2792
3258 2792
3257 2792
3256 2792
3255 2792
3254 2792
3253 2792
3252 2792
3251 2792
3250 2792
3249 2792
3248 2792
3247 2792
3246 2792
3245 2792
3244 2792
3243 2792
3242 2792
3241 2792
3240 2792
3239 2792
3238 2792
3237 2792
3236 2792
3235 2792
3234 2792
3233 2792
3232 2792
3231 2792
3230 2792
3229 2792
3228 2792
3227 2792
3226 2792
3225 2792
3224 2792
3223 2792
3222 2792
3221 2792
3220 2792
3219 2792
3218 2792
3217 2792
3216 2792
3215 2792
3214 2792
3213 2792
3212 2792
3211 2792
3210 2792
3209 2792
3208 2792
3207 2792
3206 2792
3205 2792
3204 2792
3203 2792
3202 2792
3201 2792
3200 2792
3199 2792
3198 2792
3197 2792
3196 2792
3195 2792
3194 2792
3193 2792
3192 2792
3191 2792
3190 2792
3189 2792
3188 2792
3187 2792
3186 2792
3185 2792
