1242 6063
1241 6064
1240 6064
1239 6064
1238 6065
1237 6065
1236 6065
1235 6065
1234 6065
1233 6065
1232 6065
1231 6065
1230 6065
1229 6065
1228 6065
1227 6065
1226 6065
1225 6065
1224 6065
1223 6065
1222 6065
1221 6065
1220 6065
1219 6065
1218 6065
1217 6065
1216 6065
1215 6065
1214 6065
1213 6065
1212 6065
1211 6065
1210 6066
1209 6066
1208 6066
1207 6067
1206 6067
1205 6068
1204 6069
1203 6069
1203 6070
1202 6071
1201 6071
1201 6072
1200 6073
1199 6073
1198 6074
1197 6075
1196 6076
1195 6076
1194 6077
1193 6077
1192 6078
1191 6078
1190 6079
1189 6079
1188 6080
1188 6081
1187 6082
1186 6083
1185 6083
1184 6084
1183 6085
1182 6085
1181 6086
1180 6087
1179 6087
1178 6088
1177 6088
1177 6089
1176 6090
1175 6090
1174 6091
1173 6091
1172 6092
1172 6093
1171 6094
1170 6095
1169 6095
1169 6096
1168 6097
1167 6097
1166 6098
1165 6099
1164 6099
1163 6100
1162 6101
1161 6102
1160 6102
1159 6103
1158 6104
1157 6105
1157 6106
1156 6107
1156 6108
1155 6109
1155 6110
1154 6111
1154 6112
1153 6113
1153 6114
1152 6115
1151 6115
1150 6116
1150 6117
1149 6118
1148 6119
1148 6120
1147 6121
1147 6122
1146 6123
1146 6124
1146 6125
1146 6126
1145 6127
1145 6128
1144 6129
1144 6130
1144 6131
1144 6132
1143 6133
1143 6134
1142 6135
1142 6136
1141 6137
1141 6138
1140 6139
1139 6139
1139 6140
1138 6141
1137 6142
1136 6142
1135 6143
1134 6144
1134 6145
1133 6146
1132 6147
1131 6147
1130 6148
1129 6148
1128 6149
1127 6149
1126 6150
1125 6151
1124 6152
1123 6153
1123 6154
1122 6155
1121 6156
1121 6157
1121 6158
1121 6159
1121 6160
1121 6161
1121 6162
1121 6163
1121 6164
1121 6165
1121 6166
1121 6167
1121 6168
1121 6169
1121 6170
1121 6171
1121 6172
1121 6173
1121 6174
1121 6175
1121 6176
1121 6177
1121 6178
1121 6179
1121 6180
1121 6181
1121 6182
1121 6183
1121 6184
1121 6185
1121 6186
1122 6187
1122 6188
1122 6189
1122 6190
1123 6191
1123 6192
1124 6193
1124 6194
1124 6195
1124 6196
1125 6196
1126 6197
1126 6198
1126 6199
1126 6200
1127 6201
1127 6202
1127 6203
1127 6204
1128 6205
1128 6206
1128 6207
1128 6208
1129 6209
1129 6210
1130 6211
1130 6212
1130 6213
1130 6214
1131 6215
1131 6216
1132 6217
1132 6218
1132 6219
1133 6220
1133 6221
1134 6222
1134 6223
1134 6224
1135 6225
1136 6226
1136 6227
1137 6228
1137 6229
1138 6230
1139 6231
1139 6232
1140 6233
1140 6234
1141 6235
1141 6236
1142 6237
1142 6238
1143 6239
1143 6240
1144 6241
1145 6242
1145 6243
1146 6244
1146 6245
1146 6246
1147 6247
1148 6248
1148 6249
1148 6250
1149 6250
1150 6251
1150 6252
1150 6253
1150 6254
1151 6255
1151 6256
1151 6257
1151 6258
1151 6259
1151 6260
1151 6261
1151 6262
1151 6263
1152 6264
1153 6265
1153 6266
1154 6267
1154 6268
1155 6269
1156 6270
1157 6271
1157 6272
1158 6273
1159 6274
1159 6275
1160 6276
1161 6277
1161 6278
1162 6279
1162 6280
1163 6281
1163 6282
1164 6283
1164 6284
1165 6285
1165 6286
1166 6287
1167 6288
1168 6288
1169 6289
1169 6290
1170 6290
1171 6291
1171 6292
1172 6293
1173 6294
1174 6294
1175 6295
1175 6296
1176 6296
1177 6297
1177 6298
1178 6298
1179 6299
1179 6300
1180 6301
1181 6302
1182 6302
1183 6303
1183 6304
1184 6304
1185 6305
1186 6306
1187 6307
1188 6307
1189 6308
1190 6308
1191 6309
1192 6309
1193 6310
1193 6311
1194 6311
1195 6312
1196 6313
1197 6313
1198 6314
1199 6315
1200 6315
1201 6316
1202 6316
1203 6317
1204 6317
1205 6317
1206 6317
1207 6318
1208 6318
1209 6318
1210 6318
1211 6319
1212 6319
1213 6319
1214 6319
1215 6320
1216 6320
1217 6321
1218 6321
1219 6321
1220 6321
1221 6322
1222 6322
1223 6322
1224 6322
1225 6323
1226 6323
1227 6324
1228 6324
1229 6325
1230 6325
1231 6326
1232 6326
1233 6326
1234 6326
1235 6326
1236 6326
1237 6326
1238 6326
1239 6326
1240 6326
1241 6326
1242 6326
1243 6326
1244 6326
1245 6326
1246 6326
1247 6326
1248 6326
1249 6326
1250 6326
1251 6326
1252 6326
1253 6326
1254 6326
1255 6326
1256 6326
1257 6325
1258 6325
1259 6324
1260 6324
1261 6323
1262 6323
1263 6322
1264 6321
1265 6320
1266 6320
1267 6319
1268 6318
1269 6318
1270 6318
1271 6318
1272 6318
1273 6318
1274 6318
1275 6318
1276 6317
1277 6316
1278 6316
1279 6315
1280 6315
1281 6314
1282 6313
1283 6313
1284 6312
1285 6312
1286 6311
1287 6310
1288 6310
1289 6309
1290 6308
1290 6307
1291 6306
1292 6305
1293 6304
1293 6303
1293 6302
1294 6301
1295 6300
1295 6299
1295 6298
1295 6297
1296 6296
1297 6296
1297 6295
1297 6294
1297 6293
1298 6292
1298 6291
1299 6290
1299 6289
1299 6288
1300 6287
1301 6286
1301 6285
1301 6284
1301 6283
1302 6282
1303 6281
1303 6280
1304 6279
1305 6278
1305 6277
1305 6276
1305 6275
1306 6274
1306 6273
1307 6272
1307 6271
1308 6270
1308 6269
1309 6268
1309 6267
1310 6266
1310 6265
1310 6264
1310 6263
1311 6262
1311 6261
1312 6260
1313 6259
1314 6258
1314 6257
1315 6256
1315 6255
1316 6254
1317 6253
1317 6252
1318 6251
1318 6250
1319 6249
1319 6248
1319 6247
1320 6246
1320 6245
1321 6244
1321 6243
1322 6242
1323 6241
1324 6241
1325 6240
1326 6239
1327 6238
1328 6238
1329 6237
1330 6236
1331 6236
1332 6235
1333 6234
1334 6234
1334 6233
1335 6232
1336 6232
1336 6231
1337 6230
1338 6229
1338 6228
1339 6227
1339 6226
1339 6225
1340 6224
1340 6223
1341 6222
1341 6221
1341 6220
1341 6219
1342 6218
1343 6217
1343 6216
1343 6215
1344 6214
1344 6213
1344 6212
1344 6211
1344 6210
1344 6209
1344 6208
1344 6207
1345 6206
1345 6205
1345 6204
1345 6203
1346 6202
1346 6201
1346 6200
1346 6199
1346 6198
1346 6197
1346 6196
1346 6195
1346 6194
1346 6193
1346 6192
1346 6191
1346 6190
1346 6189
1346 6188
1346 6187
1346 6186
1346 6185
1346 6184
1346 6183
1346 6182
1346 6181
1346 6180
1346 6179
1346 6178
1345 6177
1345 6176
1345 6175
1344 6174
1344 6173
1344 6172
1344 6171
1344 6170
1344 6169
1344 6168
1344 6167
1343 6166
1343 6165
1343 6164
1342 6163
1341 6162
1341 6161
1341 6160
1341 6159
1340 6158
1340 6157
1340 6156
1340 6155
1340 6154
1340 6153
1339 6152
1339 6151
1339 6150
1339 6149
1338 6148
1338 6147
1338 6146
1338 6145
1338 6144
1338 6143
1337 6142
1337 6141
1337 6140
1336 6139
1336 6138
1335 6137
1335 6136
1334 6135
1333 6134
1333 6133
1333 6132
1333 6131
1332 6130
1332 6129
1332 6128
1332 6127
1331 6126
1331 6125
1330 6124
1330 6123
1329 6122
1329 6121
1328 6121
1327 6120
1327 6119
1327 6118
1327 6117
1326 6116
1325 6115
1324 6114
1324 6113
1323 6112
1322 6111
1322 6110
1321 6109
1320 6108
1320 6107
1319 6106
1319 6105
1318 6105
1317 6104
1317 6103
1316 6102
1316 6101
1315 6101
1314 6100
1314 6099
1313 6098
1312 6097
1311 6096
1310 6095
1309 6095
1308 6094
1307 6093
1306 6092
1306 6091
1305 6090
1304 6089
1303 6089
1302 6088
1301 6087
1300 6087
1299 6086
1298 6085
1297 6084
1296 6083
1295 6083
1294 6082
1293 6081
1292 6081
1291 6081
1290 6080
1289 6080
1288 6080
1287 6079
1286 6078
1285 6078
1284 6077
1283 6077
1282 6076
1281 6076
1280 6075
1279 6075
1278 6074
1277 6074
1276 6073
1275 6073
1274 6072
1273 6072
1272 6071
1271 6071
1270 6070
1269 6070
1268 6070
1267 6069
1266 6069
1265 6068
1264 6068
1263 6068
1262 6067
1261 6066
1260 6066
1259 6066
1258 6065
1257 6065
1256 6065
1255 6065
1254 6065
1253 6065
1252 6064
1251 6064
1250 6064
1249 6064
1248 6063
1247 6063
1246 6063
1245 6063
1244 6063
1243 6063
1242 6063
