1228 5412
1227 5413
1226 5413
1225 5413
1224 5414
1223 5414
1222 5414
1221 5414
1220 5414
1219 5414
1218 5414
1217 5414
1216 5414
1215 5414
1214 5414
1213 5415
1212 5415
1211 5415
1210 5416
1209 5417
1208 5417
1207 5417
1206 5417
1205 5417
1204 5417
1203 5417
1202 5417
1201 5417
1200 5417
1199 5417
1198 5417
1197 5418
1196 5418
1195 5418
1194 5418
1193 5419
1192 5419
1191 5419
1190 5419
1189 5420
1188 5420
1187 5421
1186 5421
1185 5421
1184 5422
1183 5422
1182 5422
1181 5422
1180 5422
1179 5422
1178 5422
1177 5423
1176 5423
1175 5423
1174 5423
1173 5424
1172 5424
1171 5425
1170 5425
1169 5425
1168 5425
1168 5426
1167 5427
1166 5427
1165 5427
1164 5427
1163 5428
1162 5429
1161 5429
1160 5430
1159 5430
1158 5431
1157 5431
1156 5432
1155 5432
1154 5433
1153 5433
1152 5433
1152 5434
1151 5435
1150 5435
1149 5436
1148 5437
1147 5437
1146 5437
1145 5438
1144 5439
1143 5439
1142 5440
1142 5441
1141 5442
1140 5442
1139 5443
1138 5443
1137 5444
1136 5444
1135 5445
1134 5445
1133 5445
1132 5445
1132 5446
1131 5447
1130 5447
1129 5447
1128 5448
1127 5448
1126 5449
1125 5450
1124 5451
1123 5451
1123 5452
1122 5453
1121 5453
1120 5454
1119 5455
1118 5455
1117 5456
1116 5456
1115 5457
1114 5457
1113 5458
1112 5459
1111 5459
1111 5460
1110 5461
1109 5462
1108 5463
1107 5463
1107 5464
1106 5465
1105 5465
1105 5466
1104 5467
1103 5468
1102 5469
1101 5470
1101 5471
1101 5472
1100 5473
1100 5474
1099 5475
1098 5476
1097 5477
1096 5478
1095 5479
1094 5480
1093 5481
1093 5482
1092 5483
1091 5484
1090 5485
1090 5486
1089 5487
1088 5488
1087 5489
1087 5490
1086 5491
1085 5492
1084 5492
1084 5493
1083 5494
1082 5495
1081 5496
1081 5497
1080 5498
1079 5499
1078 5500
1077 5501
1076 5502
1075 5503
1075 5504
1074 5505
1074 5506
1074 5507
1074 5508
1074 5509
1074 5510
1074 5511
1074 5512
1074 5513
1074 5514
1074 5515
1074 5516
1074 5517
1074 5518
1073 5519
1072 5520
1071 5521
1070 5521
1070 5522
1069 5523
1068 5524
1068 5525
1067 5526
1067 5527
1067 5528
1066 5529
1066 5530
1066 5531
1066 5532
1066 5533
1066 5534
1066 5535
1066 5536
1066 5537
1066 5538
1066 5539
1066 5540
1066 5541
1066 5542
1066 5543
1066 5544
1066 5545
1066 5546
1066 5547
1066 5548
1066 5549
1066 5550
1066 5551
1066 5552
1066 5553
1066 5554
1066 5555
1066 5556
1066 5557
1066 5558
1066 5559
1066 5560
1066 5561
1066 5562
1066 5563
1066 5564
1066 5565
1066 5566
1066 5567
1066 5568
1066 5569
1066 5570
1066 5571
1066 5572
1066 5573
1067 5574
1067 5575
1067 5576
1067 5577
1068 5578
1068 5579
1069 5580
1069 5581
1069 5582
1069 5583
1070 5584
1070 5585
1070 5586
1070 5587
1070 5588
1070 5589
1070 5590
1070 5591
1070 5592
1070 5593
1070 5594
1070 5595
1070 5596
1070 5597
1069 5598
1069 5599
1069 5600
1068 5601
1068 5602
1068 5603
1068 5604
1068 5605
1068 5606
1068 5607
1068 5608
1068 5609
1068 5610
1068 5611
1069 5612
1069 5613
1069 5614
1069 5615
1070 5616
1070 5617
1070 5618
1070 5619
1070 5620
1070 5621
1070 5622
1070 5623
1070 5624
1070 5625
1070 5626
1070 5627
1070 5628
1070 5629
1071 5630
1071 5631
1071 5632
1071 5633
1072 5634
1072 5635
1073 5636
1073 5637
1073 5638
1074 5639
1074 5640
1075 5641
1075 5642
1075 5643
1076 5643
1077 5644
1077 5645
1077 5646
1077 5647
1078 5648
1078 5649
1079 5650
1079 5651
1079 5652
1079 5653
1080 5654
1080 5655
1081 5656
1081 5657
1081 5658
1081 5659
1082 5660
1083 5661
1083 5662
1084 5663
1084 5664
1085 5665
1086 5666
1087 5667
1088 5668
1089 5669
1089 5670
1089 5671
1089 5672
1089 5673
1089 5674
1089 5675
1090 5676
1090 5677
1091 5678
1092 5679
1092 5680
1093 5681
1093 5682
1094 5683
1095 5684
1095 5685
1095 5686
1096 5687
1097 5688
1097 5689
1097 5690
1097 5691
1098 5692
1099 5693
1100 5694
1101 5695
1101 5696
1102 5696
1103 5697
1103 5698
1104 5699
1104 5700
1105 5701
1105 5702
1106 5703
1106 5704
1107 5705
1108 5706
1108 5707
1109 5708
1110 5709
1110 5710
1111 5711
1111 5712
1112 5712
1113 5713
1113 5714
1114 5714
1115 5715
1116 5716
1116 5717
1117 5717
1118 5718
1119 5719
1120 5720
1121 5720
1122 5720
1123 5721
1124 5721
1125 5722
1126 5722
1127 5722
1128 5723
1129 5723
1130 5723
1131 5723
1132 5724
1133 5724
1134 5725
1135 5726
1136 5726
1137 5727
1137 5728
1138 5728
1139 5729
1140 5730
1141 5730
1142 5731
1143 5731
1144 5731
1145 5731
1146 5732
1147 5732
1148 5732
1149 5732
1150 5733
1151 5733
1152 5733
1153 5733
1154 5734
1155 5735
1156 5735
1157 5735
1158 5735
1159 5735
1160 5735
1161 5735
1162 5735
1163 5735
1164 5736
1164 5737
1165 5738
1165 5739
1165 5740
1165 5741
1165 5742
1165 5743
1165 5744
1165 5745
1166 5746
1167 5747
1168 5747
1169 5748
1170 5749
1171 5750
1172 5751
1172 5752
1173 5753
1174 5754
1174 5755
1175 5756
1176 5757
1177 5758
1178 5758
1179 5759
1179 5760
1180 5761
1181 5762
1182 5762
1183 5763
1183 5764
1184 5765
1185 5766
1186 5767
1187 5768
1188 5769
1188 5770
1189 5771
1190 5772
1190 5773
1191 5774
1192 5774
1193 5775
1194 5776
1195 5777
1196 5777
1197 5778
1198 5778
1199 5779
1200 5779
1201 5779
1202 5780
1203 5780
1204 5780
1205 5780
1206 5781
1206 5782
1207 5782
1208 5782
1209 5783
1210 5783
1211 5784
1212 5785
1213 5786
1213 5787
1214 5787
1215 5788
1216 5789
1217 5789
1218 5789
1219 5788
1220 5788
1221 5788
1222 5788
1223 5787
1224 5787
1225 5787
1226 5788
1227 5788
1228 5787
1229 5787
1230 5786
1231 5786
1232 5786
1233 5786
1234 5785
1235 5785
1236 5786
1237 5786
1238 5786
1239 5786
1240 5787
1241 5787
1242 5787
1243 5787
1244 5787
1245 5787
1246 5787
1247 5787
1248 5787
1249 5787
1250 5787
1251 5787
1252 5787
1253 5787
1254 5787
1255 5787
1256 5787
1257 5787
1258 5787
1259 5787
1260 5787
1261 5787
1262 5787
1263 5787
1264 5787
1265 5787
1266 5787
1267 5787
1268 5787
1269 5787
1270 5787
1271 5787
1272 5786
1273 5786
1274 5786
1275 5786
1276 5785
1277 5785
1278 5785
1279 5785
1280 5785
1281 5785
1282 5785
1283 5785
1284 5785
1285 5785
1286 5785
1287 5785
1288 5785
1289 5784
1290 5784
1291 5784
1291 5783
1292 5782
1293 5782
1294 5781
1295 5781
1296 5780
1297 5780
1298 5779
1299 5778
1300 5778
1301 5777
1302 5777
1303 5776
1304 5775
1305 5774
1306 5774
1307 5773
1308 5773
1309 5773
1310 5772
1311 5772
1312 5773
1313 5773
1314 5772
1315 5772
1316 5771
1317 5771
1318 5770
1318 5769
1319 5768
1320 5767
1320 5766
1321 5765
1321 5764
1322 5763
1322 5762
1323 5761
1323 5760
1324 5759
1325 5759
1326 5758
1327 5758
1328 5757
1329 5756
1330 5755
1330 5754
1329 5753
1329 5752
1330 5751
1330 5750
1330 5749
1331 5748
1331 5747
1332 5746
1333 5745
1333 5744
1334 5743
1334 5742
1335 5741
1335 5740
1336 5739
1336 5738
1336 5737
1337 5736
1337 5735
1337 5734
1337 5733
1337 5732
1337 5731
1337 5730
1337 5729
1337 5728
1338 5727
1338 5726
1338 5725
1338 5724
1339 5723
1339 5722
1339 5721
1339 5720
1339 5719
1339 5718
1339 5717
1339 5716
1339 5715
1339 5714
1339 5713
1339 5712
1340 5711
1340 5710
1340 5709
1340 5708
1341 5707
1341 5706
1341 5705
1341 5704
1340 5703
1340 5702
1340 5701
1340 5700
1339 5699
1339 5698
1339 5697
1339 5696
1339 5695
1339 5694
1340 5693
1340 5692
1340 5691
1340 5690
1341 5689
1341 5688
1341 5687
1341 5686
1341 5685
1341 5684
1341 5683
1341 5682
1341 5681
1341 5680
1341 5679
1341 5678
1341 5677
1341 5676
1342 5675
1342 5674
1342 5673
1343 5672
1343 5671
1343 5670
1343 5669
1343 5668
1343 5667
1343 5666
1343 5665
1343 5664
1344 5663
1344 5662
1344 5661
1344 5660
1345 5659
1345 5658
1345 5657
1345 5656
1345 5655
1345 5654
1345 5653
1345 5652
1345 5651
1345 5650
1345 5649
1346 5648
1346 5647
1346 5646
1347 5645
1347 5644
1347 5643
1347 5642
1347 5641
1347 5640
1347 5639
1347 5638
1347 5637
1347 5636
1347 5635
1347 5634
1347 5633
1347 5632
1347 5631
1347 5630
1347 5629
1347 5628
1347 5627
1347 5626
1347 5625
1348 5624
1348 5623
1348 5622
1349 5621
1349 5620
1349 5619
1349 5618
1349 5617
1349 5616
1349 5615
1349 5614
1349 5613
1349 5612
1348 5611
1348 5610
1348 5609
1347 5608
1347 5607
1347 5606
1347 5605
1347 5604
1347 5603
1347 5602
1347 5601
1347 5600
1347 5599
1347 5598
1347 5597
1347 5596
1347 5595
1347 5594
1347 5593
1347 5592
1347 5591
1347 5590
1347 5589
1347 5588
1347 5587
1347 5586
1347 5585
1347 5584
1347 5583
1347 5582
1347 5581
1347 5580
1346 5579
1346 5578
1346 5577
1345 5576
1345 5575
1345 5574
1345 5573
1345 5572
1345 5571
1345 5570
1345 5569
1345 5568
1345 5567
1345 5566
1345 5565
1345 5564
1345 5563
1345 5562
1345 5561
1345 5560
1345 5559
1345 5558
1345 5557
1345 5556
1345 5555
1345 5554
1345 5553
1345 5552
1345 5551
1345 5550
1345 5549
1345 5548
1345 5547
1344 5546
1344 5545
1343 5544
1343 5543
1343 5542
1343 5541
1343 5540
1343 5539
1343 5538
1343 5537
1343 5536
1343 5535
1343 5534
1343 5533
1343 5532
1342 5531
1342 5530
1342 5529
1342 5528
1341 5527
1341 5526
1341 5525
1341 5524
1341 5523
1341 5522
1341 5521
1341 5520
1341 5519
1341 5518
1341 5517
1341 5516
1341 5515
1341 5514
1341 5513
1341 5512
1341 5511
1341 5510
1340 5509
1340 5508
1340 5507
1340 5506
1339 5505
1339 5504
1339 5503
1339 5502
1339 5501
1339 5500
1339 5499
1339 5498
1339 5497
1339 5496
1338 5495
1338 5494
1338 5493
1338 5492
1337 5491
1337 5490
1336 5489
1336 5488
1336 5487
1336 5486
1335 5486
1334 5485
1334 5484
1333 5483
1333 5482
1332 5481
1332 5480
1331 5479
1331 5478
1330 5477
1329 5476
1329 5475
1328 5474
1327 5473
1327 5472
1327 5471
1327 5470
1327 5469
1327 5468
1327 5467
1327 5466
1327 5465
1326 5464
1326 5463
1326 5462
1325 5461
1325 5460
1324 5459
1324 5458
1323 5457
1322 5456
1321 5456
1320 5455
1319 5454
1318 5454
1317 5453
1316 5452
1315 5452
1314 5451
1313 5451
1312 5450
1312 5449
1311 5448
1310 5447
1309 5446
1308 5445
1308 5444
1308 5443
1307 5442
1306 5441
1305 5440
1305 5439
1304 5438
1303 5438
1302 5437
1301 5436
1300 5436
1299 5435
1298 5435
1297 5435
1296 5434
1295 5434
1294 5433
1293 5432
1292 5432
1291 5431
1290 5431
1289 5430
1288 5430
1287 5429
1286 5429
1285 5429
1284 5429
1283 5428
1282 5428
1281 5427
1280 5427
1279 5427
1278 5426
1277 5426
1276 5425
1275 5425
1274 5424
1273 5424
1272 5423
1271 5423
1270 5423
1269 5422
1268 5422
1267 5422
1266 5422
1265 5422
1264 5422
1263 5421
1262 5421
1261 5421
1260 5421
1259 5420
1258 5420
1257 5419
1256 5419
1255 5419
1254 5418
1253 5418
1252 5417
1251 5417
1250 5417
1249 5416
1248 5416
1247 5416
1246 5416
1245 5415
1244 5415
1243 5415
1242 5415
1241 5414
1240 5414
1239 5414
1238 5414
1237 5414
1236 5414
1235 5413
1234 5413
1233 5413
1232 5413
1231 5412
1230 5412
1229 5412
1228 5412
