1993 1583
1992 1584
1991 1584
1990 1584
1989 1585
1988 1585
1987 1586
1986 1587
1985 1587
1984 1588
1983 1589
1983 1590
1982 1591
1981 1592
1980 1593
1980 1594
1979 1595
1978 1596
1977 1596
1976 1597
1975 1597
1974 1597
1973 1597
1972 1597
1971 1597
1970 1597
1969 1597
1968 1596
1967 1596
1966 1596
1965 1596
1964 1595
1963 1595
1962 1595
1961 1595
1960 1595
1959 1595
1958 1595
1957 1595
1956 1595
1955 1595
1954 1595
1953 1595
1952 1596
1951 1596
1950 1596
1949 1597
1948 1597
1947 1598
1946 1599
1945 1599
1944 1600
1943 1601
1942 1601
1941 1602
1940 1603
1939 1604
1938 1605
1937 1605
1936 1606
1935 1607
1934 1608
1934 1609
1933 1610
1932 1611
1931 1611
1930 1612
1929 1612
1928 1613
1927 1614
1926 1615
1925 1615
1924 1616
1923 1617
1922 1617
1921 1618
1920 1619
1919 1619
1918 1620
1918 1621
1917 1622
1916 1622
1915 1623
1915 1624
1914 1625
1913 1626
1912 1627
1912 1628
1912 1629
1912 1630
1911 1631
1911 1632
1910 1633
1910 1634
1909 1635
1908 1636
1907 1637
1907 1638
1906 1639
1905 1639
1905 1640
1904 1641
1903 1641
1902 1642
1901 1643
1900 1644
1899 1644
1898 1645
1898 1646
1897 1647
1897 1648
1896 1649
1896 1650
1896 1651
1896 1652
1895 1653
1894 1654
1894 1655
1894 1656
1893 1657
1893 1658
1892 1659
1892 1660
1892 1661
1891 1662
1891 1663
1890 1664
1889 1665
1889 1666
1888 1667
1887 1668
1887 1669
1887 1670
1887 1671
1887 1672
1886 1673
1886 1674
1886 1675
1886 1676
1885 1677
1884 1677
1884 1678
1884 1679
1884 1680
1883 1681
1883 1682
1883 1683
1883 1684
1883 1685
1883 1686
1884 1687
1884 1688
1884 1689
1884 1690
1885 1691
1885 1692
1885 1693
1885 1694
1885 1695
1885 1696
1885 1697
1885 1698
1885 1699
1885 1700
1885 1701
1885 1702
1885 1703
1885 1704
1885 1705
1885 1706
1885 1707
1885 1708
1885 1709
1885 1710
1885 1711
1885 1712
1885 1713
1885 1714
1885 1715
1885 1716
1884 1717
1884 1718
1884 1719
1884 1720
1883 1721
1883 1722
1883 1723
1883 1724
1883 1725
1883 1726
1883 1727
1884 1728
1885 1729
1885 1730
1886 1731
1886 1732
1887 1733
1887 1734
1887 1735
1887 1736
1887 1737
1887 1738
1888 1739
1888 1740
1888 1741
1888 1742
1889 1743
1889 1744
1890 1745
1890 1746
1890 1747
1890 1748
1891 1749
1891 1750
1892 1751
1892 1752
1892 1753
1892 1754
1893 1755
1893 1756
1894 1757
1894 1758
1894 1759
1894 1760
1895 1760
1896 1761
1896 1762
1897 1763
1897 1764
1898 1764
1899 1765
1899 1766
1900 1766
1901 1767
1902 1768
1903 1768
1904 1769
1905 1769
1906 1770
1907 1771
1908 1772
1909 1772
1910 1773
1911 1774
1912 1775
1913 1776
1914 1777
1915 1778
1916 1779
1917 1780
1917 1781
1918 1782
1919 1783
1920 1784
1921 1785
1922 1786
1923 1787
1924 1788
1925 1788
1926 1789
1927 1790
1928 1791
1929 1792
1930 1792
1931 1793
1931 1794
1932 1795
1933 1795
1934 1796
1935 1797
1935 1798
1936 1799
1936 1800
1937 1801
1938 1802
1939 1803
1940 1804
1941 1805
1942 1806
1943 1806
1944 1807
1945 1807
1946 1808
1947 1808
1948 1809
1949 1809
1950 1809
1951 1810
1952 1810
1953 1811
1954 1811
1955 1811
1956 1811
1957 1812
1958 1812
1959 1812
1960 1812
1961 1812
1962 1812
1963 1813
1964 1813
1965 1813
1966 1813
1967 1814
1968 1814
1969 1814
1970 1814
1971 1814
1972 1814
1973 1815
1974 1815
1975 1815
1976 1815
1977 1816
1978 1816
1979 1816
1980 1816
1981 1816
1982 1816
1983 1816
1984 1816
1985 1816
1986 1816
1987 1816
1988 1816
1989 1816
1990 1816
1991 1816
1992 1816
1993 1816
1994 1816
1995 1816
1996 1816
1997 1816
1998 1816
1999 1816
2000 1816
2001 1816
2002 1816
2003 1816
2004 1816
2005 1816
2006 1815
2007 1815
2008 1815
2009 1814
2010 1814
2011 1813
2012 1813
2013 1813
2014 1813
2015 1812
2016 1812
2017 1812
2018 1812
2019 1812
2020 1812
2021 1811
2022 1811
2023 1811
2024 1811
2025 1810
2026 1810
2027 1809
2028 1809
2029 1809
2030 1808
2031 1808
2032 1807
2033 1807
2034 1806
2035 1805
2036 1805
2037 1805
2038 1805
2039 1804
2040 1804
2041 1803
2042 1803
2043 1803
2044 1803
2045 1802
2046 1802
2047 1801
2048 1801
2049 1801
2050 1800
2051 1800
2052 1799
2053 1799
2054 1798
2055 1798
2056 1797
2057 1796
2058 1796
2059 1795
2060 1795
2061 1794
2062 1793
2063 1793
2064 1793
2065 1792
2066 1792
2067 1791
2068 1791
2069 1791
2070 1791
2070 1790
2071 1789
2072 1788
2073 1788
2073 1787
2074 1786
2075 1785
2076 1785
2076 1784
2077 1783
2078 1782
2079 1781
2079 1780
2080 1779
2081 1779
2082 1778
2082 1777
2083 1776
2083 1775
2084 1774
2085 1773
2085 1772
2086 1771
2086 1770
2087 1769
2087 1768
2087 1767
2087 1766
2087 1765
2087 1764
2087 1763
2086 1762
2086 1761
2086 1760
2086 1759
2086 1758
2086 1757
2086 1756
2086 1755
2086 1754
2086 1753
2087 1752
2087 1751
2087 1750
2088 1749
2088 1748
2088 1747
2088 1746
2088 1745
2088 1744
2088 1743
2088 1742
2088 1741
2089 1740
2089 1739
2089 1738
2089 1737
2090 1736
2090 1735
2090 1734
2090 1733
2090 1732
2090 1731
2090 1730
2090 1729
2091 1728
2091 1727
2091 1726
2091 1725
2092 1724
2092 1723
2092 1722
2092 1721
2092 1720
2092 1719
2092 1718
2092 1717
2092 1716
2092 1715
2092 1714
2092 1713
2092 1712
2092 1711
2092 1710
2092 1709
2092 1708
2092 1707
2092 1706
2092 1705
2091 1704
2091 1703
2091 1702
2090 1701
2089 1700
2089 1699
2089 1698
2089 1697
2088 1696
2088 1695
2088 1694
2088 1693
2088 1692
2088 1691
2088 1690
2088 1689
2087 1688
2087 1687
2087 1686
2087 1685
2086 1684
2086 1683
2085 1682
2085 1681
2085 1680
2085 1679
2084 1678
2084 1677
2083 1676
2083 1675
2082 1674
2082 1673
2081 1672
2080 1671
2080 1670
2079 1669
2079 1668
2079 1667
2078 1666
2078 1665
2078 1664
2078 1663
2077 1662
2077 1661
2077 1660
2077 1659
2076 1658
2076 1657
2075 1656
2075 1655
2075 1654
2075 1653
2074 1652
2073 1651
2073 1650
2073 1649
2072 1649
2071 1648
2071 1647
2070 1646
2070 1645
2069 1644
2068 1643
2068 1642
2067 1641
2066 1640
2066 1639
2065 1638
2064 1637
2064 1636
2063 1635
2062 1634
2062 1633
2061 1632
2060 1631
2059 1630
2059 1629
2058 1628
2057 1627
2056 1626
2056 1625
2055 1625
2054 1624
2054 1623
2053 1622
2052 1621
2051 1620
2051 1619
2050 1618
2049 1617
2048 1616
2048 1615
2047 1615
2046 1614
2046 1613
2045 1612
2044 1611
2043 1611
2042 1610
2042 1609
2041 1609
2040 1608
2039 1607
2038 1606
2037 1606
2036 1605
2035 1604
2034 1603
2033 1603
2032 1602
2032 1601
2031 1601
2030 1600
2030 1599
2029 1599
2028 1598
2027 1597
2026 1597
2025 1596
2024 1595
2023 1595
2022 1594
2021 1593
2020 1593
2019 1592
2018 1592
2017 1591
2016 1590
2015 1590
2014 1589
2013 1588
2012 1587
2011 1587
2010 1586
2009 1585
2008 1585
2007 1585
2006 1585
2005 1585
2004 1585
2003 1585
2002 1584
2001 1584
2000 1584
1999 1583
1998 1583
1997 1583
1996 1583
1995 1583
1994 1583
1993 1583
