597 776
596 777
595 777
594 778
593 778
592 778
591 778
590 779
589 779
588 780
587 780
586 780
585 780
585 781
584 782
583 782
582 783
581 783
580 784
579 784
578 785
577 785
576 785
575 785
574 785
573 786
572 787
571 787
571 788
570 789
569 789
569 790
568 791
568 792
567 793
566 793
566 794
565 795
565 796
564 797
563 797
563 798
562 799
561 800
560 801
559 801
559 802
558 803
557 804
557 805
556 806
556 807
556 808
555 809
554 809
554 810
554 811
554 812
553 813
553 814
552 815
552 816
552 817
551 818
551 819
551 820
551 821
551 822
551 823
551 824
551 825
551 826
551 827
551 828
551 829
551 830
551 831
551 832
552 833
552 834
553 835
554 836
555 837
555 838
556 839
556 840
557 841
558 842
559 843
559 844
560 845
561 846
562 846
563 847
563 848
564 849
565 850
566 850
567 851
567 852
568 853
569 854
570 855
571 856
572 856
573 857
574 857
575 857
576 857
577 858
577 859
578 859
579 860
580 860
581 861
582 862
583 862
584 862
585 862
586 862
587 862
588 862
589 862
590 862
591 862
592 862
593 862
594 862
595 862
596 862
597 862
598 862
599 862
600 862
601 862
602 862
603 861
604 861
605 861
606 861
607 860
608 860
609 859
610 859
611 858
612 858
612 857
613 856
613 855
614 854
614 853
614 852
614 851
614 850
614 849
614 848
614 847
614 846
614 845
614 844
614 843
614 842
614 841
614 840
614 839
614 838
614 837
614 836
614 835
614 834
614 833
614 832
614 831
614 830
614 829
614 828
614 827
614 826
614 825
614 824
614 823
613 822
613 821
614 820
614 819
614 818
613 817
614 816
614 815
614 814
614 813
614 812
614 811
614 810
614 809
614 808
614 807
614 806
614 805
614 804
614 803
614 802
614 801
614 800
614 799
614 798
614 797
614 796
614 795
614 794
614 793
614 792
614 791
614 790
614 789
614 788
614 787
613 786
613 785
612 784
612 783
611 783
610 782
609 782
608 781
608 780
607 780
606 779
605 779
604 778
603 777
603 776
602 776
601 776
600 776
599 776
598 776
597 776
