605 1838
604 1839
603 1839
602 1840
601 1841
600 1842
599 1843
599 1844
598 1845
597 1846
596 1847
595 1847
594 1848
593 1849
593 1850
592 1851
591 1852
590 1853
590 1854
590 1855
590 1856
589 1857
588 1857
588 1858
587 1859
587 1860
586 1861
585 1862
584 1862
583 1863
582 1864
582 1865
581 1866
580 1867
579 1867
579 1868
578 1869
577 1870
576 1870
575 1871
575 1872
574 1873
573 1874
573 1875
572 1876
572 1877
572 1878
571 1879
571 1880
570 1881
570 1882
570 1883
569 1884
569 1885
568 1886
568 1887
567 1888
566 1889
566 1890
566 1891
566 1892
565 1893
565 1894
565 1895
565 1896
565 1897
565 1898
564 1899
564 1900
563 1901
562 1902
562 1903
562 1904
561 1905
561 1906
561 1907
561 1908
560 1909
560 1910
559 1911
558 1912
557 1913
556 1914
555 1915
555 1916
555 1917
555 1918
555 1919
555 1920
555 1921
555 1922
555 1923
555 1924
555 1925
555 1926
555 1927
555 1928
556 1928
557 1928
558 1928
559 1929
560 1929
561 1929
562 1930
563 1930
564 1930
565 1930
566 1930
567 1930
568 1930
569 1930
570 1930
571 1930
572 1930
573 1930
574 1930
575 1930
576 1930
577 1930
578 1930
579 1930
580 1930
581 1930
582 1930
583 1930
584 1930
585 1930
586 1930
587 1930
588 1930
589 1930
590 1930
591 1930
592 1930
593 1929
594 1929
595 1929
596 1928
597 1928
598 1927
599 1926
600 1926
601 1925
602 1924
603 1924
604 1923
605 1922
606 1922
606 1921
607 1920
608 1920
608 1919
609 1918
610 1918
610 1917
611 1916
611 1915
612 1914
612 1913
612 1912
612 1911
612 1910
612 1909
612 1908
612 1907
612 1906
612 1905
612 1904
612 1903
612 1902
612 1901
612 1900
612 1899
612 1898
612 1897
613 1896
613 1895
613 1894
613 1893
614 1892
614 1891
614 1890
614 1889
614 1888
614 1887
614 1886
614 1885
614 1884
614 1883
614 1882
614 1881
614 1880
614 1879
614 1878
614 1877
614 1876
614 1875
614 1874
614 1873
614 1872
614 1871
614 1870
614 1869
614 1868
614 1867
614 1866
614 1865
613 1864
613 1863
613 1862
613 1861
612 1860
612 1859
612 1858
612 1857
612 1856
612 1855
612 1854
612 1853
612 1852
612 1851
612 1850
612 1849
612 1848
612 1847
611 1846
611 1845
611 1844
611 1843
610 1842
610 1841
609 1840
609 1839
608 1838
607 1838
606 1838
605 1838
