139 953
138 954
137 954
136 954
135 955
134 955
133 955
132 955
131 955
130 956
129 956
128 956
127 956
126 957
125 957
124 957
123 957
122 957
121 957
120 957
119 957
118 958
117 958
116 959
116 960
115 961
115 962
114 963
113 964
113 965
112 966
111 966
110 967
109 967
109 968
108 969
107 970
106 971
106 972
105 973
104 974
103 975
103 976
102 977
102 978
101 979
101 980
100 981
100 982
100 983
100 984
99 985
99 986
98 987
98 988
97 989
97 990
96 991
96 992
95 993
94 993
94 994
93 995
92 996
91 997
91 998
90 999
89 1000
89 1001
89 1002
88 1003
88 1004
87 1005
86 1006
85 1007
85 1008
84 1009
84 1010
83 1011
83 1012
82 1013
82 1014
81 1015
81 1016
80 1017
79 1018
79 1019
79 1020
79 1021
79 1022
79 1023
79 1024
78 1025
78 1026
78 1027
77 1028
77 1029
77 1030
76 1031
76 1032
76 1033
75 1034
75 1035
74 1036
74 1037
74 1038
73 1039
73 1040
72 1041
72 1042
72 1043
72 1044
71 1045
71 1046
71 1047
71 1048
70 1049
70 1050
70 1051
69 1052
69 1053
68 1054
67 1055
67 1056
66 1057
66 1058
65 1059
65 1060
65 1061
65 1062
64 1063
64 1064
64 1065
63 1066
62 1067
62 1068
61 1069
61 1070
60 1071
60 1072
59 1073
59 1074
59 1075
59 1076
59 1077
59 1078
59 1079
59 1080
60 1081
60 1082
60 1083
60 1084
61 1085
61 1086
61 1087
61 1088
62 1089
63 1090
63 1091
64 1092
64 1093
64 1094
64 1095
64 1096
63 1097
63 1098
63 1099
63 1100
64 1101
64 1102
64 1103
64 1104
65 1105
65 1106
65 1107
65 1108
65 1109
65 1110
66 1111
66 1112
66 1113
67 1114
68 1115
68 1116
68 1117
68 1118
69 1118
70 1119
71 1120
71 1121
72 1122
73 1123
73 1124
74 1125
74 1126
75 1127
76 1128
77 1128
78 1129
79 1129
80 1130
81 1131
82 1132
83 1133
83 1134
83 1135
83 1136
83 1137
83 1138
83 1139
83 1140
83 1141
83 1142
83 1143
83 1144
83 1145
83 1146
83 1147
83 1148
84 1149
84 1150
85 1151
86 1152
86 1153
87 1154
88 1155
89 1155
90 1156
91 1157
91 1158
92 1158
93 1159
94 1160
95 1161
96 1161
97 1162
97 1163
98 1163
99 1163
100 1164
101 1165
102 1165
103 1166
104 1166
105 1167
106 1167
107 1168
108 1168
109 1168
110 1168
111 1168
112 1168
113 1168
114 1168
115 1169
116 1169
117 1169
118 1169
119 1170
120 1170
121 1170
122 1170
123 1170
124 1170
125 1170
126 1170
127 1170
128 1170
129 1170
130 1170
131 1170
132 1170
133 1170
134 1170
135 1171
136 1171
137 1172
138 1172
139 1173
140 1173
141 1174
142 1174
143 1174
144 1174
145 1174
146 1174
147 1174
148 1174
149 1175
150 1175
151 1175
152 1175
153 1176
154 1176
155 1176
156 1176
157 1176
158 1176
159 1176
160 1176
161 1176
162 1176
163 1176
164 1176
165 1176
166 1175
167 1175
168 1175
169 1174
170 1174
171 1174
172 1174
173 1174
174 1174
175 1174
176 1174
177 1173
178 1173
179 1173
180 1173
181 1172
182 1172
183 1172
184 1172
185 1172
186 1172
187 1171
188 1171
189 1171
190 1171
191 1170
192 1170
193 1170
194 1170
195 1169
196 1169
197 1169
198 1169
199 1168
200 1168
201 1168
202 1168
203 1168
204 1168
205 1168
206 1167
207 1167
208 1167
209 1166
210 1166
211 1165
212 1165
213 1165
214 1165
215 1164
216 1164
217 1163
218 1163
219 1162
220 1161
221 1161
222 1160
223 1159
224 1159
224 1158
225 1157
226 1157
227 1156
228 1156
228 1155
229 1154
230 1154
231 1153
232 1152
233 1151
234 1150
234 1149
235 1148
236 1147
237 1146
238 1146
239 1145
240 1144
241 1143
242 1142
243 1141
244 1140
245 1139
246 1138
247 1137
248 1136
249 1135
249 1134
249 1133
250 1132
251 1131
252 1130
252 1129
253 1128
254 1128
254 1127
255 1126
256 1126
256 1125
257 1124
258 1123
258 1122
259 1121
259 1120
259 1119
260 1118
260 1117
261 1116
261 1115
262 1114
262 1113
263 1112
264 1112
264 1111
265 1110
266 1109
266 1108
267 1107
267 1106
267 1105
268 1104
268 1103
268 1102
268 1101
268 1100
268 1099
268 1098
268 1097
268 1096
268 1095
268 1094
268 1093
268 1092
268 1091
268 1090
268 1089
268 1088
268 1087
268 1086
268 1085
269 1084
269 1083
269 1082
269 1081
270 1080
270 1079
269 1078
269 1077
269 1076
269 1075
268 1074
268 1073
267 1072
267 1071
267 1070
267 1069
266 1068
266 1067
267 1066
267 1065
267 1064
268 1063
268 1062
268 1061
268 1060
268 1059
268 1058
268 1057
269 1056
269 1055
269 1054
269 1053
270 1052
270 1051
269 1050
269 1049
268 1048
268 1047
267 1047
266 1046
266 1045
265 1044
265 1043
265 1042
265 1041
265 1040
266 1039
266 1038
266 1037
266 1036
266 1035
266 1034
266 1033
266 1032
266 1031
266 1030
266 1029
266 1028
265 1027
265 1026
265 1025
264 1024
264 1023
265 1022
265 1021
266 1020
266 1019
267 1018
267 1017
268 1016
268 1015
267 1014
267 1013
267 1012
267 1011
266 1010
266 1009
265 1008
265 1007
265 1006
264 1005
264 1004
263 1003
262 1002
261 1001
261 1000
260 1000
259 999
258 998
257 997
256 996
256 995
255 994
255 993
254 992
254 991
253 991
252 990
252 989
251 989
250 988
249 988
248 987
248 986
247 985
246 985
245 984
245 983
244 982
244 981
243 981
242 980
242 979
241 978
240 977
239 977
238 976
238 975
237 975
236 974
235 973
234 973
233 972
232 972
231 972
230 971
229 971
228 970
227 970
226 969
225 969
224 968
223 967
222 966
221 966
220 966
219 965
218 964
217 964
216 964
215 963
214 962
213 962
212 962
211 961
210 961
209 960
208 960
207 959
206 958
205 958
204 958
203 957
202 956
201 956
200 956
199 955
198 955
197 955
196 955
195 955
194 955
193 955
192 955
191 955
190 955
189 955
188 955
187 955
186 955
185 955
184 955
183 955
182 955
181 955
180 955
179 955
178 955
177 954
176 954
175 954
174 953
173 953
172 953
171 953
170 953
169 953
168 953
167 953
166 953
165 953
164 953
163 953
162 953
161 953
160 953
159 953
158 953
157 953
156 953
155 953
154 953
153 953
152 953
151 953
150 953
149 953
148 953
147 953
146 953
145 953
144 953
143 953
142 953
141 953
140 953
139 953
