2842 2275
2841 2276
2840 2276
2839 2276
2838 2276
2837 2277
2836 2277
2835 2278
2834 2278
2833 2278
2833 2279
2832 2280
2831 2280
2830 2281
2829 2282
2828 2282
2827 2283
2826 2283
2825 2283
2824 2283
2823 2283
2822 2283
2821 2283
2820 2283
2819 2283
2818 2283
2817 2283
2816 2283
2815 2283
2814 2283
2813 2283
2812 2283
2811 2283
2810 2283
2809 2283
2808 2283
2807 2284
2806 2284
2805 2284
2804 2284
2803 2285
2802 2285
2801 2285
2800 2286
2799 2286
2798 2286
2797 2287
2796 2287
2795 2287
2794 2287
2793 2287
2792 2287
2791 2287
2790 2287
2789 2286
2788 2286
2787 2287
2786 2287
2785 2287
2784 2287
2783 2288
2783 2289
2782 2290
2781 2291
2780 2291
2779 2292
2779 2293
2778 2294
2777 2294
2777 2295
2776 2296
2775 2296
2774 2297
2773 2298
2772 2298
2771 2299
2770 2299
2769 2299
2768 2299
2767 2300
2766 2300
2765 2301
2764 2301
2763 2302
2762 2303
2761 2303
2760 2304
2759 2305
2758 2306
2757 2307
2756 2307
2755 2308
2755 2309
2754 2310
2753 2310
2753 2311
2752 2312
2751 2312
2750 2313
2749 2314
2748 2314
2747 2315
2746 2315
2745 2315
2744 2315
2743 2316
2742 2316
2741 2316
2740 2316
2739 2317
2738 2318
2737 2319
2736 2320
2735 2320
2734 2321
2733 2322
2732 2322
2731 2323
2730 2323
2729 2323
2728 2323
2727 2323
2726 2323
2725 2324
2724 2324
2723 2325
2722 2326
2721 2326
2721 2327
2720 2328
2719 2328
2718 2329
2717 2330
2716 2330
2715 2331
2714 2331
2713 2331
2712 2331
2711 2332
2710 2332
2709 2332
2708 2332
2707 2333
2706 2334
2705 2335
2704 2335
2703 2336
2703 2337
2702 2338
2701 2339
2700 2339
2699 2340
2699 2341
2698 2342
2697 2342
2697 2343
2696 2344
2695 2344
2694 2345
2693 2346
2692 2346
2691 2347
2690 2347
2689 2347
2688 2347
2687 2347
2686 2347
2685 2348
2684 2348
2683 2349
2682 2350
2681 2350
2681 2351
2680 2352
2679 2352
2678 2353
2677 2354
2676 2354
2675 2355
2674 2355
2673 2355
2672 2355
2671 2355
2670 2355
2669 2356
2668 2356
2667 2357
2666 2358
2665 2358
2664 2359
2663 2360
2663 2361
2662 2362
2661 2363
2660 2363
2659 2364
2659 2365
2658 2366
2657 2366
2656 2367
2655 2368
2654 2369
2653 2370
2652 2371
2651 2372
2651 2373
2650 2374
2649 2375
2649 2376
2648 2377
2647 2377
2647 2378
2647 2379
2647 2380
2646 2381
2646 2382
2645 2383
2645 2384
2644 2385
2644 2386
2643 2387
2643 2388
2642 2389
2642 2390
2642 2391
2642 2392
2642 2393
2642 2394
2642 2395
2642 2396
2641 2397
2641 2398
2640 2399
2640 2400
2639 2401
2638 2402
2637 2403
2636 2403
2635 2404
2635 2405
2634 2406
2633 2406
2632 2407
2631 2408
2631 2409
2630 2410
2629 2411
2629 2412
2628 2413
2628 2414
2627 2415
2627 2416
2627 2417
2626 2418
2626 2419
2626 2420
2626 2421
2626 2422
2626 2423
2626 2424
2626 2425
2626 2426
2626 2427
2626 2428
2625 2429
2625 2430
2624 2431
2624 2432
2623 2433
2622 2434
2621 2434
2620 2435
2620 2436
2619 2437
2618 2438
2618 2439
2618 2440
2618 2441
2618 2442
2618 2443
2618 2444
2617 2445
2617 2446
2616 2447
2616 2448
2615 2449
2614 2449
2614 2450
2613 2451
2613 2452
2612 2453
2612 2454
2612 2455
2612 2456
2612 2457
2612 2458
2612 2459
2612 2460
2611 2461
2611 2462
2611 2463
2611 2464
2610 2465
2610 2466
2610 2467
2610 2468
2610 2469
2610 2470
2610 2471
2610 2472
2610 2473
2610 2474
2610 2475
2610 2476
2610 2477
2610 2478
2610 2479
2610 2480
2610 2481
2610 2482
2610 2483
2610 2484
2609 2485
2609 2486
2609 2487
2609 2488
2608 2489
2607 2489
2607 2490
2607 2491
2607 2492
2606 2493
2606 2494
2607 2495
2607 2496
2607 2497
2607 2498
2608 2499
2608 2500
2608 2501
2608 2502
2607 2503
2607 2504
2607 2505
2607 2506
2606 2507
2606 2508
2606 2509
2606 2510
2606 2511
2606 2512
2606 2513
2606 2514
2606 2515
2606 2516
2606 2517
2606 2518
2606 2519
2606 2520
2606 2521
2606 2522
2606 2523
2605 2524
2605 2525
2604 2526
2604 2527
2604 2528
2605 2529
2605 2530
2605 2531
2605 2532
2606 2533
2606 2534
2606 2535
2606 2536
2606 2537
2606 2538
2606 2539
2606 2540
2606 2541
2606 2542
2606 2543
2606 2544
2606 2545
2606 2546
2606 2547
2606 2548
2606 2549
2606 2550
2606 2551
2606 2552
2606 2553
2606 2554
2606 2555
2606 2556
2606 2557
2606 2558
2606 2559
2606 2560
2607 2561
2607 2562
2607 2563
2607 2564
2608 2565
2608 2566
2608 2567
2608 2568
2608 2569
2608 2570
2609 2571
2609 2572
2609 2573
2609 2574
2610 2575
2610 2576
2610 2577
2610 2578
2610 2579
2610 2580
2611 2581
2611 2582
2611 2583
2611 2584
2612 2585
2612 2586
2613 2587
2613 2588
2613 2589
2614 2590
2614 2591
2615 2592
2615 2593
2616 2594
2616 2595
2617 2596
2617 2597
2618 2598
2618 2599
2619 2600
2619 2601
2619 2602
2620 2603
2620 2604
2620 2605
2620 2606
2621 2607
2621 2608
2621 2609
2621 2610
2622 2611
2622 2612
2623 2613
2623 2614
2623 2615
2623 2616
2624 2617
2624 2618
2625 2619
2625 2620
2625 2621
2626 2622
2626 2623
2627 2624
2627 2625
2628 2626
2629 2627
2629 2628
2629 2629
2629 2630
2630 2631
2631 2632
2631 2633
2632 2634
2632 2635
2633 2636
2633 2637
2633 2638
2634 2639
2634 2640
2635 2641
2635 2642
2635 2643
2635 2644
2636 2645
2636 2646
2636 2647
2636 2648
2636 2649
2636 2650
2637 2651
2637 2652
2638 2653
2638 2654
2639 2655
2639 2656
2640 2657
2640 2658
2641 2659
2641 2660
2641 2661
2642 2662
2642 2663
2643 2664
2643 2665
2643 2666
2644 2667
2644 2668
2645 2669
2645 2670
2646 2671
2647 2672
2648 2673
2649 2674
2650 2674
2651 2675
2652 2676
2653 2677
2654 2677
2655 2678
2655 2679
2656 2679
2657 2680
2658 2681
2659 2682
2660 2683
2661 2683
2662 2684
2663 2684
2664 2685
2665 2686
2666 2686
2667 2687
2668 2687
2669 2688
2670 2688
2671 2689
2672 2690
2673 2691
2674 2691
2675 2691
2676 2692
2677 2692
2678 2693
2679 2693
2680 2693
2681 2694
2682 2694
2683 2694
2684 2695
2685 2695
2686 2696
2687 2697
2688 2697
2689 2698
2690 2699
2691 2700
2691 2701
2692 2702
2693 2703
2694 2704
2695 2705
2696 2706
2696 2707
2697 2708
2697 2709
2698 2710
2698 2711
2699 2712
2700 2713
2700 2714
2701 2714
2702 2715
2702 2716
2703 2717
2704 2718
2705 2719
2706 2719
2707 2720
2707 2721
2708 2722
2709 2722
2710 2723
2711 2724
2711 2725
2712 2726
2713 2727
2714 2727
2715 2728
2716 2729
2716 2730
2717 2730
2718 2731
2718 2732
2719 2733
2720 2734
2721 2735
2721 2736
2722 2736
2723 2737
2723 2738
2723 2739
2724 2740
2725 2741
2726 2742
2726 2743
2727 2744
2727 2745
2728 2746
2728 2747
2729 2748
2730 2749
2730 2750
2731 2751
2732 2752
2733 2753
2734 2754
2735 2755
2736 2756
2737 2757
2738 2758
2739 2759
2739 2760
2740 2760
2741 2761
2741 2762
2741 2763
2742 2764
2743 2765
2743 2766
2743 2767
2743 2768
2744 2768
2745 2769
2745 2770
2746 2771
2747 2772
2748 2773
2749 2774
2750 2775
2751 2776
2752 2776
2753 2777
2753 2778
2754 2779
2755 2780
2756 2781
2756 2782
2757 2782
2758 2783
2758 2784
2759 2785
2759 2786
2760 2787
2761 2788
2762 2789
2762 2790
2763 2791
2764 2792
2765 2793
2766 2794
2767 2795
2768 2796
2769 2797
2770 2797
2771 2798
2772 2799
2772 2800
2773 2801
2773 2802
2774 2803
2775 2804
2776 2805
2776 2806
2777 2807
2778 2808
2779 2809
2780 2810
2781 2811
2781 2812
2782 2813
2782 2814
2783 2815
2784 2815
2785 2816
2785 2817
2786 2818
2787 2819
2788 2820
2788 2821
2789 2822
2790 2823
2791 2824
2791 2825
2792 2826
2793 2827
2794 2827
2795 2828
2795 2829
2796 2830
2797 2830
2798 2831
2799 2832
2800 2832
2801 2832
2802 2832
2803 2832
2804 2833
2805 2833
2806 2833
2807 2833
2808 2834
2809 2834
2810 2834
2811 2834
2812 2834
2813 2834
2814 2835
2815 2835
2816 2835
2817 2836
2818 2836
2819 2837
2820 2837
2821 2837
2822 2838
2823 2839
2824 2840
2825 2840
2826 2841
2827 2842
2828 2843
2829 2843
2830 2844
2831 2845
2832 2846
2833 2847
2834 2847
2835 2848
2835 2849
2836 2849
2837 2849
2838 2850
2839 2850
2840 2851
2841 2851
2842 2851
2843 2852
2843 2853
2844 2853
2845 2853
2846 2854
2847 2854
2848 2854
2849 2854
2850 2855
2851 2855
2852 2855
2853 2856
2854 2856
2855 2857
2856 2858
2857 2859
2858 2859
2859 2860
2860 2860
2861 2861
2862 2862
2863 2863
2864 2864
2865 2864
2866 2865
2867 2866
2868 2867
2869 2867
2870 2868
2871 2868
2872 2869
2873 2870
2874 2870
2875 2871
2876 2871
2877 2872
2878 2872
2879 2873
2880 2873
2881 2874
2882 2875
2883 2875
2884 2875
2885 2876
2886 2877
2887 2878
2888 2879
2889 2880
2890 2881
2890 2882
2891 2883
2892 2884
2892 2885
2893 2886
2893 2887
2893 2888
2894 2889
2894 2890
2895 2891
2895 2892
2895 2893
2895 2894
2896 2895
2896 2896
2897 2897
2897 2898
2898 2899
2899 2900
2900 2901
2900 2902
2901 2902
2902 2903
2902 2904
2903 2905
2903 2906
2904 2907
2905 2908
2906 2909
2907 2910
2908 2910
2909 2911
2910 2911
2911 2911
2912 2912
2913 2912
2914 2913
2915 2913
2916 2914
2917 2914
2918 2914
2919 2914
2920 2915
2920 2916
2921 2916
2922 2915
2923 2915
2924 2916
2925 2916
2926 2915
2927 2915
2928 2915
2929 2915
2930 2914
2931 2914
2932 2913
2933 2913
2934 2912
2935 2912
2936 2911
2937 2911
2938 2910
2939 2910
2940 2910
2941 2910
2942 2909
2943 2909
2944 2909
2945 2908
2946 2907
2947 2906
2948 2906
2949 2905
2950 2905
2950 2904
2951 2903
2952 2903
2953 2902
2954 2901
2955 2901
2956 2900
2957 2900
2958 2900
2959 2900
2959 2899
2959 2898
2959 2897
2960 2896
2960 2895
2961 2894
2962 2893
2962 2892
2963 2891
2963 2890
2964 2889
2965 2888
2965 2887
2966 2886
2967 2885
2967 2884
2968 2883
2968 2882
2968 2881
2969 2880
2969 2879
2970 2878
2970 2877
2970 2876
2971 2875
2971 2874
2972 2873
2972 2872
2972 2871
2973 2870
2973 2869
2974 2868
2974 2867
2974 2866
2974 2865
2975 2864
2976 2864
2976 2863
2976 2862
2976 2861
2977 2860
2977 2859
2978 2858
2978 2857
2978 2856
2978 2855
2979 2854
2979 2853
2979 2852
2979 2851
2979 2850
2979 2849
2979 2848
2979 2847
2979 2846
2979 2845
2980 2844
2980 2843
2980 2842
2980 2841
2981 2840
2981 2839
2981 2838
2981 2837
2981 2836
2981 2835
2981 2834
2981 2833
2981 2832
2981 2831
2981 2830
2981 2829
2981 2828
2981 2827
2981 2826
2981 2825
2981 2824
2981 2823
2981 2822
2981 2821
2981 2820
2981 2819
2981 2818
2981 2817
2982 2816
2982 2815
2982 2814
2982 2813
2983 2812
2983 2811
2983 2810
2983 2809
2983 2808
2983 2807
2983 2806
2983 2805
2983 2804
2983 2803
2983 2802
2983 2801
2983 2800
2983 2799
2983 2798
2983 2797
2984 2796
2984 2795
2984 2794
2984 2793
2985 2792
2985 2791
2985 2790
2985 2789
2985 2788
2985 2787
2985 2786
2985 2785
2985 2784
2985 2783
2985 2782
2985 2781
2985 2780
2985 2779
2985 2778
2985 2777
2985 2776
2985 2775
2986 2774
2986 2773
2986 2772
2986 2771
2987 2770
2987 2769
2987 2768
2987 2767
2988 2766
2988 2765
2988 2764
2989 2763
2990 2762
2990 2761
2991 2760
2991 2759
2991 2758
2991 2757
2991 2756
2991 2755
2992 2754
2992 2753
2992 2752
2992 2751
2993 2750
2993 2749
2993 2748
2993 2747
2993 2746
2993 2745
2993 2744
2993 2743
2993 2742
2993 2741
2993 2740
2993 2739
2993 2738
2993 2737
2993 2736
2993 2735
2993 2734
2993 2733
2994 2732
2994 2731
2994 2730
2994 2729
2995 2728
2995 2727
2995 2726
2995 2725
2995 2724
2995 2723
2995 2722
2995 2721
2995 2720
2995 2719
2995 2718
2995 2717
2996 2716
2996 2715
2996 2714
2996 2713
2997 2712
2997 2711
2997 2710
2997 2709
2997 2708
2997 2707
2997 2706
2997 2705
2997 2704
2997 2703
2997 2702
2997 2701
2997 2700
2997 2699
2997 2698
2997 2697
2998 2696
2998 2695
2998 2694
2998 2693
2999 2692
2999 2691
2999 2690
2999 2689
2999 2688
2999 2687
2999 2686
2999 2685
2999 2684
2999 2683
2999 2682
2999 2681
2999 2680
2999 2679
2999 2678
2999 2677
2999 2676
2999 2675
2999 2674
2999 2673
2999 2672
2999 2671
2999 2670
2999 2669
2999 2668
2999 2667
2999 2666
2999 2665
2999 2664
2999 2663
2999 2662
2999 2661
2999 2660
2999 2659
2999 2658
2999 2657
2998 2656
2998 2655
2998 2654
2998 2653
2997 2652
2997 2651
2997 2650
2997 2649
2997 2648
2997 2647
2996 2646
2996 2645
2996 2644
2996 2643
2996 2642
2996 2641
2996 2640
2997 2639
2997 2638
2997 2637
2997 2636
2997 2635
2997 2634
2997 2633
2997 2632
2997 2631
2998 2630
2998 2629
2998 2628
2998 2627
2999 2626
2999 2625
2999 2624
2999 2623
2999 2622
2999 2621
2999 2620
2999 2619
2999 2618
2999 2617
2999 2616
2999 2615
2999 2614
2999 2613
2999 2612
2999 2611
2999 2610
2999 2609
2999 2608
2999 2607
2999 2606
2999 2605
2999 2604
2999 2603
2999 2602
2999 2601
2999 2600
2999 2599
2999 2598
2999 2597
2999 2596
2999 2595
2999 2594
2999 2593
2999 2592
2999 2591
2999 2590
2999 2589
2999 2588
2999 2587
2999 2586
2999 2585
2999 2584
2999 2583
2999 2582
2999 2581
2999 2580
2999 2579
2999 2578
2999 2577
2999 2576
2999 2575
2999 2574
2999 2573
2998 2572
2998 2571
2998 2570
2998 2569
2997 2568
2997 2567
2997 2566
2997 2565
2997 2564
2997 2563
2997 2562
2997 2561
2997 2560
2997 2559
2998 2558
2998 2557
2997 2556
2997 2555
2998 2554
2998 2553
2997 2552
2997 2551
2997 2550
2997 2549
2997 2548
2997 2547
2997 2546
2997 2545
2997 2544
2997 2543
2997 2542
2997 2541
2997 2540
2997 2539
2997 2538
2997 2537
2997 2536
2997 2535
2997 2534
2997 2533
2997 2532
2997 2531
2997 2530
2997 2529
2997 2528
2997 2527
2996 2526
2996 2525
2996 2524
2996 2523
2995 2522
2995 2521
2995 2520
2995 2519
2994 2518
2994 2517
2994 2516
2994 2515
2993 2514
2993 2513
2992 2512
2992 2511
2992 2510
2992 2509
2991 2508
2990 2507
2990 2506
2990 2505
2989 2505
2988 2504
2988 2503
2988 2502
2988 2501
2987 2500
2986 2499
2986 2498
2985 2498
2984 2497
2984 2496
2984 2495
2983 2494
2983 2493
2983 2492
2983 2491
2982 2490
2982 2489
2982 2488
2982 2487
2981 2486
2981 2485
2981 2484
2981 2483
2981 2482
2981 2481
2981 2480
2981 2479
2981 2478
2981 2477
2980 2476
2980 2475
2980 2474
2980 2473
2979 2472
2979 2471
2979 2470
2979 2469
2979 2468
2979 2467
2979 2466
2979 2465
2979 2464
2979 2463
2979 2462
2979 2461
2979 2460
2979 2459
2979 2458
2979 2457
2978 2456
2978 2455
2978 2454
2978 2453
2977 2452
2977 2451
2977 2450
2977 2449
2977 2448
2977 2447
2977 2446
2977 2445
2976 2444
2976 2443
2976 2442
2976 2441
2975 2440
2975 2439
2975 2438
2975 2437
2975 2436
2975 2435
2975 2434
2974 2433
2974 2432
2974 2431
2973 2430
2973 2429
2973 2428
2973 2427
2972 2426
2972 2425
2972 2424
2972 2423
2971 2422
2971 2421
2970 2420
2970 2419
2970 2418
2970 2417
2969 2416
2969 2415
2969 2414
2969 2413
2968 2412
2968 2411
2968 2410
2968 2409
2967 2408
2966 2407
2966 2406
2966 2405
2965 2404
2964 2403
2963 2402
2963 2401
2962 2400
2961 2399
2961 2398
2960 2397
2960 2396
2959 2395
2959 2394
2958 2393
2958 2392
2957 2391
2957 2390
2956 2389
2956 2388
2956 2387
2955 2386
2955 2385
2954 2384
2954 2383
2954 2382
2954 2381
2953 2380
2952 2379
2951 2378
2951 2377
2950 2376
2949 2375
2948 2374
2948 2373
2947 2372
2947 2371
2946 2370
2945 2370
2944 2369
2944 2368
2943 2367
2942 2367
2941 2366
2941 2365
2940 2364
2940 2363
2939 2362
2938 2361
2937 2360
2937 2359
2936 2358
2936 2357
2935 2356
2934 2355
2934 2354
2934 2353
2933 2352
2933 2351
2933 2350
2933 2349
2932 2348
2932 2347
2932 2346
2932 2345
2931 2344
2931 2343
2930 2342
2930 2341
2930 2340
2930 2339
2929 2338
2929 2337
2928 2336
2928 2335
2927 2334
2927 2333
2926 2333
2925 2332
2925 2331
2924 2330
2924 2329
2923 2329
2922 2328
2922 2327
2922 2326
2922 2325
2921 2325
2920 2324
2920 2323
2920 2322
2920 2321
2919 2320
2919 2319
2918 2318
2918 2317
2918 2316
2918 2315
2917 2314
2916 2313
2916 2312
2916 2311
2915 2310
2915 2309
2915 2308
2915 2307
2914 2306
2914 2305
2914 2304
2913 2303
2913 2302
2912 2301
2912 2300
2911 2299
2911 2298
2910 2297
2910 2296
2909 2295
2908 2294
2908 2293
2908 2292
2908 2291
2907 2291
2906 2290
2906 2289
2905 2288
2905 2287
2904 2286
2903 2285
2902 2284
2902 2283
2901 2282
2900 2281
2899 2280
2899 2279
2898 2279
2897 2278
2896 2278
2895 2277
2894 2277
2893 2277
2892 2277
2891 2277
2890 2277
2889 2277
2888 2277
2887 2277
2886 2277
2885 2277
2884 2277
2883 2277
2882 2277
2881 2277
2880 2277
2879 2277
2878 2277
2877 2277
2876 2277
2875 2277
2874 2277
2873 2277
2872 2277
2871 2277
2870 2277
2869 2277
2868 2277
2867 2277
2866 2277
2865 2277
2864 2277
2863 2277
2862 2277
2861 2277
2860 2277
2859 2277
2858 2277
2857 2276
2856 2276
2855 2276
2854 2276
2853 2275
2852 2275
2851 2275
2850 2275
2849 2275
2848 2275
2847 2275
2846 2275
2845 2275
2844 2275
2843 2275
2842 2275
